ticks;name;search_competence;remove_competence;rescue_competence;search_willingness;remove_willingness;rescue_willingness
0;Charlie;0.5;0.8;0.5;0.7;0.5;0.5
1;Charlie;0.5;0.8;0.5;0.7;0.5;0.5
2;Charlie;0.5;0.8;0.5;0.7;0.5;0.5
3;Charlie;0.5;0.8;0.5;0.7;0.5;0.5
4;Charlie;0.5;0.8;0.5;0.7;0.5;0.5
5;Charlie;0.5;0.8;0.5;0.7;0.5;0.5
6;Charlie;0.5;0.8;0.5;0.7;0.5;0.5
7;Charlie;0.5;0.8;0.5;0.7;0.5;0.5
8;Charlie;0.5;0.8;0.5;0.7;0.5;0.5
9;Charlie;0.5;0.8;0.5;0.7;0.5;0.5
10;Charlie;0.5;0.8;0.5;0.7;0.5;0.5
11;Charlie;0.5;0.8;0.5;0.7;0.5;0.5
12;Charlie;0.5;0.8;0.5;0.7;0.5;0.5
13;Charlie;0.5;0.8;0.5;0.7;0.5;0.5
14;Charlie;0.5;0.8;0.5;0.7;0.5;0.5
15;Charlie;0.5;0.8;0.5;0.7;0.5;0.5
16;Charlie;0.5;0.8;0.5;0.7;0.5;0.5
17;Charlie;0.5;0.8;0.5;0.7;0.5;0.5
18;Charlie;0.5;0.8;0.5;0.7;0.5;0.5
19;Charlie;0.5;0.8;0.5;0.7;0.5;0.5
20;Charlie;0.5;0.8;0.5;0.7;0.5;0.5
21;Charlie;0.5;0.8;0.5;0.7;0.5;0.5
22;Charlie;0.5;0.8;0.5;0.7;0.5;0.5
23;Charlie;0.5;0.8;0.5;0.7;0.5;0.5
24;Charlie;0.5;0.8;0.5;0.7;0.5;0.5
25;Charlie;0.5;0.8;0.5;0.7;0.5;0.5
26;Charlie;0.5;0.8;0.5;0.7;0.5;0.5
27;Charlie;0.5;0.8;0.5;0.7;0.5;0.5
28;Charlie;0.5;0.8;0.5;0.7;0.5;0.5
29;Charlie;0.5;0.8;0.5;0.7;0.5;0.5
30;Charlie;0.5;0.8;0.5;0.7;0.5;0.5
31;Charlie;0.5;0.8;0.5;0.7;0.5;0.5
32;Charlie;0.5;0.8;0.5;0.7;0.5;0.5
33;Charlie;0.5;0.8;0.5;0.7;0.5;0.5
34;Charlie;0.5;0.8;0.5;0.7;0.5;0.5
35;Charlie;0.5;0.8;0.5;0.7;0.5;0.5
36;Charlie;0.5;0.8;0.5;0.7;0.5;0.5
37;Charlie;0.5;0.8;0.5;0.7;0.5;0.5
38;Charlie;0.5;0.8;0.5;0.7;0.5;0.5
39;Charlie;0.5;0.8;0.5;0.7;0.5;0.5
40;Charlie;0.5;0.8;0.5;0.7;0.5;0.5
41;Charlie;0.5;0.8;0.5;0.7;0.5;0.5
42;Charlie;0.5;0.8;0.5;0.7;0.5;0.5
43;Charlie;0.5;0.8;0.5;0.7;0.5;0.5
44;Charlie;0.5;0.8;0.5;0.7;0.5;0.5
45;Charlie;0.5;0.8;0.5;0.7;0.5;0.5
46;Charlie;0.5;0.8;0.5;0.7;0.5;0.5
47;Charlie;0.5;0.8;0.5;0.7;0.5;0.5
48;Charlie;0.5;0.8;0.5;0.7;0.5;0.5
49;Charlie;0.5;0.8;0.5;0.7;0.5;0.5
50;Charlie;0.5;0.8;0.5;0.7;0.5;0.5
51;Charlie;0.5;0.8;0.5;0.7;0.5;0.5
52;Charlie;0.5;0.8;0.5;0.7;0.5;0.5
53;Charlie;0.5;0.8;0.5;0.7;0.5;0.5
54;Charlie;0.5;0.8;0.5;0.7;0.5;0.5
55;Charlie;0.5;0.8;0.5;0.7;0.5;0.5
56;Charlie;0.5;0.8;0.5;0.7;0.5;0.5
57;Charlie;0.5;0.8;0.5;0.7;0.5;0.5
58;Charlie;0.5;0.8;0.5;0.7;0.5;0.5
59;Charlie;0.5;0.8;0.5;0.7;0.5;0.5
60;Charlie;0.5;0.8;0.5;0.7;0.5;0.5
61;Charlie;0.5;0.8;0.5;0.7;0.5;0.5
62;Charlie;0.5;0.8;0.5;0.7;0.5;0.5
63;Charlie;0.5;0.8;0.5;0.7;0.5;0.5
64;Charlie;0.5;0.8;0.5;0.7;0.5;0.5
65;Charlie;0.5;0.8;0.5;0.7;0.5;0.5
66;Charlie;0.5;0.8;0.5;0.7;0.5;0.5
67;Charlie;0.5;0.8;0.5;0.7;0.5;0.5
68;Charlie;0.5;0.8;0.5;0.7;0.5;0.5
69;Charlie;0.5;0.8;0.5;0.7;0.5;0.5
70;Charlie;0.5;0.8;0.5;0.7;0.5;0.5
71;Charlie;0.5;0.8;0.5;0.7;0.5;0.5
72;Charlie;0.5;0.8;0.5;0.7;0.5;0.5
73;Charlie;0.5;0.8;0.5;0.7;0.5;0.5
74;Charlie;0.5;0.8;0.5;0.7;0.5;0.5
75;Charlie;0.5;0.8;0.5;0.7;0.5;0.5
76;Charlie;0.5;0.8;0.5;0.7;0.5;0.5
77;Charlie;0.5;0.8;0.5;0.7;0.5;0.5
78;Charlie;0.5;0.8;0.5;0.7;0.5;0.5
79;Charlie;0.5;0.8;0.5;0.7;0.5;0.5
80;Charlie;0.5;0.8;0.5;0.7;0.5;0.5
81;Charlie;0.5;0.8;0.5;0.7;0.5;0.5
82;Charlie;0.5;0.8;0.5;0.7;0.5;0.5
83;Charlie;0.5;0.8;0.5;0.7;0.5;0.5
84;Charlie;0.5;0.8;0.5;0.7;0.5;0.5
85;Charlie;0.5;0.8;0.5;0.7;0.5;0.5
86;Charlie;0.5;0.8;0.5;0.7;0.5;0.5
87;Charlie;0.5;0.8;0.5;0.7;0.5;0.5
88;Charlie;0.5;0.8;0.5;0.7;0.5;0.5
89;Charlie;0.5;0.8;0.5;0.7;0.5;0.5
90;Charlie;0.5;0.8;0.5;0.7;0.5;0.5
91;Charlie;0.5;0.8;0.5;0.7;0.5;0.5
92;Charlie;0.5;0.8;0.5;0.7;0.5;0.5
93;Charlie;0.5;0.8;0.5;0.7;0.5;0.5
94;Charlie;0.5;0.8;0.5;0.7;0.5;0.5
95;Charlie;0.5;0.8;0.5;0.7;0.5;0.5
96;Charlie;0.5;0.8;0.5;0.7;0.5;0.5
97;Charlie;0.5;0.8;0.5;0.7;0.5;0.5
98;Charlie;0.5;0.8;0.5;0.7;0.5;0.5
99;Charlie;0.5;0.8;0.5;0.7;0.5;0.5
100;Charlie;0.5;0.8;0.5;0.7;0.5;0.5
101;Charlie;0.5;0.8;0.5;0.7;0.5;0.5
102;Charlie;0.5;0.8;0.5;0.7;0.5;0.5
103;Charlie;0.5;0.8;0.5;0.7;0.5;0.5
104;Charlie;0.5;0.8;0.5;0.7;0.5;0.5
105;Charlie;0.5;0.8;0.5;0.7;0.5;0.5
106;Charlie;0.5;0.8;0.5;0.7;0.5;0.5
107;Charlie;0.5;0.8;0.5;0.7;0.5;0.5
108;Charlie;0.5;0.8;0.5;0.7;0.5;0.5
109;Charlie;0.5;0.8;0.5;0.7;0.5;0.5
110;Charlie;0.5;0.8;0.5;0.7;0.5;0.5
111;Charlie;0.5;0.8;0.5;0.7;0.5;0.5
112;Charlie;0.5;0.8;0.5;0.7;0.5;0.5
113;Charlie;0.5;0.8;0.5;0.7;0.5;0.5
114;Charlie;0.5;0.8;0.5;0.7;0.5;0.5
115;Charlie;0.5;0.8;0.5;0.7;0.5;0.5
116;Charlie;0.5;0.8;0.5;0.7;0.5;0.5
117;Charlie;0.5;0.8;0.5;0.7;0.5;0.5
118;Charlie;0.5;0.8;0.5;0.7;0.5;0.5
119;Charlie;0.5;0.8;0.5;0.7;0.5;0.5
120;Charlie;0.5;0.8;0.5;0.7;0.5;0.5
121;Charlie;0.5;0.8;0.5;0.7;0.5;0.5
122;Charlie;0.5;0.8;0.5;0.7;0.5;0.5
123;Charlie;0.5;0.8;0.5;0.7;0.5;0.5
124;Charlie;0.5;0.8;0.5;0.7;0.5;0.5
125;Charlie;0.5;0.8;0.5;0.7;0.5;0.5
126;Charlie;0.5;0.8;0.5;0.7;0.5;0.5
127;Charlie;0.5;0.8;0.5;0.7;0.5;0.5
128;Charlie;0.5;0.8;0.5;0.7;0.5;0.5
137;Charlie;0.5;0.8;0.5;0.7;0.5;0.5
146;Charlie;0.5;0.8;0.5;0.7;0.5;0.5
155;Charlie;0.5;0.8;0.5;0.7;0.5;0.5
164;Charlie;0.5;0.8;0.5;0.7;0.5;0.5
173;Charlie;0.5;0.8;0.5;0.7;0.5;0.5
182;Charlie;0.5;0.8;0.5;0.7;0.5;0.5
191;Charlie;0.5;0.8;0.5;0.7;0.5;0.5
200;Charlie;0.5;0.8;0.5;0.7;0.5;0.5
209;Charlie;0.5;0.8;0.5;0.7;0.5;0.5
218;Charlie;0.5;0.8;0.5;0.8999999999999999;0.5;0.5
227;Charlie;0.5;0.8;0.5;0.8999999999999999;0.5;0.5
253;Charlie;0.5;0.8;0.5;0.8999999999999999;0.5;0.5
262;Charlie;0.5;0.8;0.5;0.8999999999999999;0.5;0.5
271;Charlie;0.5;1.0;0.5;0.8999999999999999;0.5;0.5
280;Charlie;0.5;1.0;0.5;0.8999999999999999;0.5;0.5
294;Charlie;0.5;1.0;0.5;0.8999999999999999;0.5;0.5
308;Charlie;0.5;1.0;0.5;0.8999999999999999;0.5;0.5
317;Charlie;0.5;1.0;0.5;0.8999999999999999;0.5;0.5
326;Charlie;0.5;1.0;0.5;0.8999999999999999;0.5;0.5
335;Charlie;0.5;1.0;0.5;0.8999999999999999;0.5;0.5
436;Charlie;0.5;1.0;0.5;0.8999999999999999;0.5;0.5
445;Charlie;0.5;1.0;0.5;0.8999999999999999;0.5;0.5
454;Charlie;0.5;1.0;0.5;0.8999999999999999;0.5;0.5
463;Charlie;0.5;1.0;0.5;0.8999999999999999;0.5;0.5
472;Charlie;0.5;1.0;0.5;0.8999999999999999;0.5;0.5
473;Charlie;0.5;1.0;0.5;0.8999999999999999;0.5;0.5
474;Charlie;0.5;1.0;0.5;0.8999999999999999;0.5;0.5
475;Charlie;0.5;1.0;0.5;0.8999999999999999;0.5;0.5
476;Charlie;0.5;1.0;0.5;0.8999999999999999;0.5;0.5
477;Charlie;0.5;1.0;0.5;0.8999999999999999;0.5;0.5
478;Charlie;0.5;1.0;0.5;0.8999999999999999;0.5;0.5
479;Charlie;0.5;1.0;0.5;0.8999999999999999;0.5;0.5
480;Charlie;0.5;1.0;0.5;0.8999999999999999;0.5;0.5
481;Charlie;0.5;1.0;0.5;0.8999999999999999;0.5;0.5
482;Charlie;0.5;1.0;0.5;0.8999999999999999;0.5;0.5
483;Charlie;0.5;1.0;0.5;0.8999999999999999;0.5;0.5
484;Charlie;0.5;1.0;0.5;0.8999999999999999;0.5;0.5
485;Charlie;0.5;1.0;0.5;0.8999999999999999;0.5;0.5
486;Charlie;0.5;1.0;0.5;0.8999999999999999;0.5;0.5
487;Charlie;0.5;1.0;0.5;0.8999999999999999;0.5;0.5
488;Charlie;0.5;1.0;0.5;0.8999999999999999;0.5;0.5
489;Charlie;0.5;1.0;0.5;0.8999999999999999;0.5;0.5
490;Charlie;0.5;1.0;0.5;0.8999999999999999;0.5;0.5
491;Charlie;0.5;1.0;0.5;0.8999999999999999;0.5;0.5
492;Charlie;0.5;1.0;0.5;0.8999999999999999;0.5;0.5
493;Charlie;0.5;1.0;0.5;0.8999999999999999;0.5;0.5
494;Charlie;0.5;1.0;0.5;0.8999999999999999;0.5;0.5
495;Charlie;0.5;1.0;0.5;0.8999999999999999;0.5;0.5
496;Charlie;0.5;1.0;0.5;0.8999999999999999;0.5;0.5
497;Charlie;0.5;1.0;0.5;0.8999999999999999;0.5;0.5
498;Charlie;0.5;1.0;0.5;0.8999999999999999;0.5;0.5
499;Charlie;0.5;1.0;0.5;0.8999999999999999;0.5;0.5
500;Charlie;0.5;1.0;0.5;0.8999999999999999;0.5;0.5
501;Charlie;0.5;1.0;0.5;0.8999999999999999;0.5;0.5
502;Charlie;0.5;1.0;0.5;0.8999999999999999;0.5;0.5
503;Charlie;0.5;1.0;0.5;0.8999999999999999;0.5;0.5
504;Charlie;0.5;1.0;0.5;0.8999999999999999;0.5;0.5
505;Charlie;0.5;1.0;0.5;0.8999999999999999;0.5;0.5
506;Charlie;0.5;1.0;0.5;0.8999999999999999;0.5;0.5
507;Charlie;0.5;1.0;0.5;0.8999999999999999;0.5;0.5
508;Charlie;0.5;1.0;0.5;0.8999999999999999;0.5;0.5
509;Charlie;0.5;1.0;0.5;0.8999999999999999;0.5;0.5
510;Charlie;0.5;1.0;0.5;0.8999999999999999;0.5;0.5
511;Charlie;0.5;1.0;0.5;0.8999999999999999;0.5;0.5
512;Charlie;0.5;1.0;0.5;0.8999999999999999;0.5;0.5
513;Charlie;0.5;1.0;0.5;0.8999999999999999;0.5;0.5
514;Charlie;0.5;1.0;0.5;0.8999999999999999;0.5;0.5
515;Charlie;0.5;1.0;0.5;0.8999999999999999;0.5;0.5
516;Charlie;0.5;1.0;0.5;0.8999999999999999;0.5;0.5
517;Charlie;0.5;1.0;0.5;0.8999999999999999;0.5;0.5
518;Charlie;0.5;1.0;0.5;0.8999999999999999;0.5;0.5
519;Charlie;0.5;1.0;0.5;0.8999999999999999;0.5;0.5
520;Charlie;0.5;1.0;0.5;0.8999999999999999;0.5;0.5
521;Charlie;0.5;1.0;0.5;0.8999999999999999;0.5;0.5
522;Charlie;0.5;1.0;0.5;0.8999999999999999;0.5;0.5
523;Charlie;0.5;1.0;0.5;0.8999999999999999;0.5;0.5
524;Charlie;0.5;1.0;0.5;0.8999999999999999;0.5;0.5
525;Charlie;0.5;1.0;0.5;0.8999999999999999;0.5;0.5
526;Charlie;0.5;1.0;0.5;0.8999999999999999;0.5;0.5
527;Charlie;0.5;1.0;0.5;0.8999999999999999;0.5;0.5
528;Charlie;0.5;1.0;0.5;0.8999999999999999;0.5;0.5
529;Charlie;0.5;1.0;0.5;0.8999999999999999;0.5;0.5
530;Charlie;0.5;1.0;0.5;0.8999999999999999;0.5;0.5
531;Charlie;0.5;1.0;0.5;0.8999999999999999;0.5;0.5
532;Charlie;0.5;1.0;0.5;0.8999999999999999;0.5;0.5
533;Charlie;0.5;1.0;0.5;0.8999999999999999;0.5;0.5
534;Charlie;0.5;1.0;0.5;0.8999999999999999;0.5;0.5
535;Charlie;0.5;1.0;0.5;0.8999999999999999;0.5;0.5
536;Charlie;0.5;1.0;0.5;0.8999999999999999;0.5;0.5
537;Charlie;0.5;1.0;0.5;0.8999999999999999;0.5;0.5
538;Charlie;0.5;1.0;0.5;0.8999999999999999;0.5;0.5
539;Charlie;0.5;1.0;0.5;0.8999999999999999;0.5;0.5
540;Charlie;0.5;1.0;0.5;0.8999999999999999;0.5;0.5
541;Charlie;0.5;1.0;0.5;0.8999999999999999;0.5;0.5
542;Charlie;0.5;1.0;0.5;0.8999999999999999;0.5;0.5
543;Charlie;0.5;1.0;0.5;0.8999999999999999;0.5;0.5
544;Charlie;0.5;1.0;0.5;0.8999999999999999;0.5;0.5
545;Charlie;0.5;1.0;0.5;0.8999999999999999;0.5;0.5
546;Charlie;0.5;1.0;0.5;0.8999999999999999;0.5;0.5
547;Charlie;0.5;1.0;0.5;0.8999999999999999;0.5;0.5
548;Charlie;0.5;1.0;0.5;0.8999999999999999;0.5;0.5
549;Charlie;0.5;1.0;0.5;0.8999999999999999;0.5;0.5
550;Charlie;0.5;1.0;0.5;0.8999999999999999;0.5;0.5
551;Charlie;0.5;1.0;0.5;0.8999999999999999;0.5;0.5
552;Charlie;0.5;1.0;0.5;0.8999999999999999;0.5;0.5
553;Charlie;0.5;1.0;0.5;0.8999999999999999;0.5;0.5
554;Charlie;0.5;1.0;0.5;0.8999999999999999;0.5;0.5
555;Charlie;0.5;1.0;0.5;0.8999999999999999;0.5;0.5
556;Charlie;0.5;1.0;0.5;0.8999999999999999;0.5;0.5
557;Charlie;0.5;1.0;0.5;0.8999999999999999;0.5;0.5
558;Charlie;0.5;1.0;0.5;0.8999999999999999;0.5;0.5
559;Charlie;0.5;1.0;0.5;0.8999999999999999;0.5;0.5
560;Charlie;0.5;1.0;0.5;0.8999999999999999;0.5;0.5
561;Charlie;0.5;1.0;0.5;0.8999999999999999;0.5;0.5
562;Charlie;0.5;1.0;0.5;0.8999999999999999;0.5;0.5
563;Charlie;0.5;1.0;0.5;0.8999999999999999;0.5;0.5
564;Charlie;0.5;1.0;0.5;0.8999999999999999;0.5;0.5
565;Charlie;0.5;1.0;0.5;0.8999999999999999;0.5;0.5
566;Charlie;0.5;1.0;0.5;0.8999999999999999;0.5;0.5
567;Charlie;0.5;1.0;0.5;0.8999999999999999;0.5;0.5
568;Charlie;0.5;1.0;0.5;0.8999999999999999;0.5;0.5
569;Charlie;0.5;1.0;0.5;0.8999999999999999;0.5;0.5
570;Charlie;0.5;1.0;0.5;0.8999999999999999;0.5;0.5
571;Charlie;0.5;1.0;0.5;0.8999999999999999;0.5;0.5
572;Charlie;0.5;1.0;0.5;0.8999999999999999;0.5;0.5
573;Charlie;0.5;1.0;0.5;0.8999999999999999;0.5;0.5
574;Charlie;0.5;1.0;0.5;0.8999999999999999;0.5;0.5
575;Charlie;0.5;1.0;0.5;0.8999999999999999;0.5;0.5
576;Charlie;0.5;1.0;0.5;0.8999999999999999;0.5;0.5
577;Charlie;0.5;1.0;0.5;0.8999999999999999;0.5;0.5
578;Charlie;0.5;1.0;0.5;0.8999999999999999;0.5;0.5
579;Charlie;0.5;1.0;0.5;0.8999999999999999;0.5;0.5
580;Charlie;0.5;1.0;0.5;0.8999999999999999;0.5;0.5
581;Charlie;0.5;1.0;0.5;0.8999999999999999;0.5;0.5
582;Charlie;0.5;1.0;0.5;0.8999999999999999;0.5;0.5
583;Charlie;0.5;1.0;0.5;0.8999999999999999;0.5;0.5
584;Charlie;0.5;1.0;0.5;0.8999999999999999;0.5;0.5
585;Charlie;0.5;1.0;0.5;0.8999999999999999;0.5;0.5
586;Charlie;0.5;1.0;0.5;0.8999999999999999;0.5;0.5
587;Charlie;0.5;1.0;0.5;0.8999999999999999;0.5;0.5
588;Charlie;0.5;1.0;0.5;0.8999999999999999;0.5;0.5
589;Charlie;0.5;1.0;0.5;0.8999999999999999;0.5;0.5
590;Charlie;0.5;1.0;0.5;0.8999999999999999;0.5;0.5
591;Charlie;0.5;1.0;0.5;0.8999999999999999;0.5;0.5
592;Charlie;0.5;1.0;0.5;0.8999999999999999;0.5;0.5
593;Charlie;0.5;1.0;0.5;0.8999999999999999;0.5;0.5
594;Charlie;0.5;1.0;0.5;0.8999999999999999;0.5;0.5
595;Charlie;0.5;1.0;0.5;0.8999999999999999;0.5;0.5
596;Charlie;0.5;1.0;0.5;0.8999999999999999;0.5;0.5
597;Charlie;0.5;1.0;0.5;0.8999999999999999;0.5;0.5
598;Charlie;0.5;1.0;0.5;0.8999999999999999;0.5;0.5
599;Charlie;0.5;1.0;0.5;0.8999999999999999;0.5;0.5
600;Charlie;0.5;1.0;0.5;0.8999999999999999;0.5;0.5
601;Charlie;0.5;1.0;0.5;0.8999999999999999;0.5;0.5
602;Charlie;0.5;1.0;0.5;0.8999999999999999;0.5;0.5
603;Charlie;0.5;1.0;0.5;0.8999999999999999;0.5;0.5
604;Charlie;0.5;1.0;0.5;0.8999999999999999;0.5;0.5
605;Charlie;0.5;1.0;0.5;0.8999999999999999;0.5;0.5
606;Charlie;0.5;1.0;0.5;0.8999999999999999;0.5;0.5
607;Charlie;0.5;1.0;0.5;0.8999999999999999;0.5;0.5
608;Charlie;0.5;1.0;0.5;0.8999999999999999;0.5;0.5
609;Charlie;0.5;1.0;0.5;0.8999999999999999;0.5;0.5
610;Charlie;0.5;1.0;0.5;0.8999999999999999;0.5;0.5
611;Charlie;0.5;1.0;0.5;0.8999999999999999;0.5;0.5
612;Charlie;0.5;1.0;0.5;0.8999999999999999;0.5;0.5
613;Charlie;0.5;1.0;0.5;0.8999999999999999;0.5;0.5
614;Charlie;0.5;1.0;0.5;0.8999999999999999;0.5;0.5
615;Charlie;0.5;1.0;0.5;0.8999999999999999;0.5;0.5
616;Charlie;0.5;1.0;0.5;0.8999999999999999;0.5;0.5
617;Charlie;0.5;1.0;0.5;0.8999999999999999;0.5;0.5
618;Charlie;0.5;1.0;0.5;0.8999999999999999;0.5;0.5
619;Charlie;0.5;1.0;0.5;0.8999999999999999;0.5;0.5
620;Charlie;0.5;1.0;0.5;0.8999999999999999;0.5;0.5
621;Charlie;0.5;1.0;0.5;0.8999999999999999;0.5;0.5
622;Charlie;0.5;1.0;0.5;0.8999999999999999;0.5;0.5
623;Charlie;0.5;1.0;0.5;0.8999999999999999;0.5;0.5
624;Charlie;0.5;1.0;0.5;0.8999999999999999;0.5;0.5
625;Charlie;0.5;1.0;0.5;0.8999999999999999;0.5;0.5
626;Charlie;0.5;1.0;0.5;0.8999999999999999;0.5;0.5
627;Charlie;0.5;1.0;0.5;0.8999999999999999;0.5;0.5
628;Charlie;0.5;1.0;0.5;0.8999999999999999;0.5;0.5
629;Charlie;0.5;1.0;0.5;0.8999999999999999;0.5;0.5
630;Charlie;0.5;1.0;0.5;0.8999999999999999;0.5;0.5
631;Charlie;0.5;1.0;0.5;0.8999999999999999;0.5;0.5
632;Charlie;0.5;1.0;0.5;0.8999999999999999;0.5;0.5
633;Charlie;0.5;1.0;0.5;0.8999999999999999;0.5;0.5
634;Charlie;0.5;1.0;0.5;0.8999999999999999;0.5;0.5
635;Charlie;0.5;1.0;0.5;0.8999999999999999;0.5;0.5
636;Charlie;0.5;1.0;0.5;0.8999999999999999;0.5;0.5
637;Charlie;0.5;1.0;0.5;0.8999999999999999;0.5;0.5
638;Charlie;0.5;1.0;0.5;0.8999999999999999;0.5;0.5
639;Charlie;0.5;1.0;0.5;0.8999999999999999;0.5;0.5
640;Charlie;0.5;1.0;0.5;0.8999999999999999;0.5;0.5
641;Charlie;0.5;1.0;0.5;0.8999999999999999;0.5;0.5
642;Charlie;0.5;1.0;0.5;0.8999999999999999;0.5;0.5
643;Charlie;0.5;1.0;0.5;0.8999999999999999;0.5;0.5
644;Charlie;0.5;1.0;0.5;0.8999999999999999;0.5;0.5
645;Charlie;0.5;1.0;0.5;0.8999999999999999;0.5;0.5
646;Charlie;0.5;1.0;0.5;0.8999999999999999;0.5;0.5
647;Charlie;0.5;1.0;0.5;0.8999999999999999;0.5;0.5
648;Charlie;0.5;1.0;0.5;0.8999999999999999;0.5;0.5
649;Charlie;0.5;1.0;0.5;0.8999999999999999;0.5;0.5
650;Charlie;0.5;1.0;0.5;0.8999999999999999;0.5;0.5
651;Charlie;0.5;1.0;0.5;0.8999999999999999;0.5;0.5
652;Charlie;0.5;1.0;0.5;0.8999999999999999;0.5;0.5
653;Charlie;0.5;1.0;0.5;0.8999999999999999;0.5;0.5
654;Charlie;0.5;1.0;0.5;0.8999999999999999;0.5;0.5
655;Charlie;0.5;1.0;0.5;0.8999999999999999;0.5;0.5
656;Charlie;0.5;1.0;0.5;0.8999999999999999;0.5;0.5
657;Charlie;0.5;1.0;0.5;0.8999999999999999;0.5;0.5
658;Charlie;0.5;1.0;0.5;0.8999999999999999;0.5;0.5
659;Charlie;0.5;1.0;0.5;0.8999999999999999;0.5;0.5
660;Charlie;0.5;1.0;0.5;0.8999999999999999;0.5;0.5
661;Charlie;0.5;1.0;0.5;0.8999999999999999;0.5;0.5
662;Charlie;0.5;1.0;0.5;0.8999999999999999;0.5;0.5
663;Charlie;0.5;1.0;0.5;0.8999999999999999;0.5;0.5
664;Charlie;0.5;1.0;0.5;0.8999999999999999;0.5;0.5
665;Charlie;0.5;1.0;0.5;0.8999999999999999;0.5;0.5
666;Charlie;0.5;1.0;0.5;0.8999999999999999;0.5;0.5
667;Charlie;0.5;1.0;0.5;0.8999999999999999;0.5;0.5
668;Charlie;0.5;1.0;0.5;0.8999999999999999;0.5;0.5
669;Charlie;0.5;1.0;0.5;0.8999999999999999;0.5;0.5
670;Charlie;0.5;1.0;0.5;0.8999999999999999;0.5;0.5
671;Charlie;0.5;1.0;0.5;0.8999999999999999;0.5;0.5
672;Charlie;0.5;1.0;0.5;0.8999999999999999;0.5;0.5
673;Charlie;0.5;1.0;0.5;0.8999999999999999;0.5;0.5
674;Charlie;0.5;1.0;0.5;0.8999999999999999;0.5;0.5
675;Charlie;0.5;1.0;0.5;0.8999999999999999;0.5;0.5
676;Charlie;0.5;1.0;0.5;0.8999999999999999;0.5;0.5
677;Charlie;0.5;1.0;0.5;0.8999999999999999;0.5;0.5
678;Charlie;0.5;1.0;0.5;0.8999999999999999;0.5;0.5
679;Charlie;0.5;1.0;0.5;0.8999999999999999;0.5;0.5
680;Charlie;0.5;1.0;0.5;0.8999999999999999;0.5;0.5
681;Charlie;0.5;1.0;0.5;0.8999999999999999;0.5;0.5
682;Charlie;0.5;1.0;0.5;0.8999999999999999;0.5;0.5
683;Charlie;0.5;1.0;0.5;0.8999999999999999;0.5;0.5
684;Charlie;0.5;1.0;0.5;0.8999999999999999;0.5;0.5
685;Charlie;0.5;1.0;0.5;0.8999999999999999;0.5;0.5
686;Charlie;0.5;1.0;0.5;0.8999999999999999;0.5;0.5
687;Charlie;0.5;1.0;0.5;0.8999999999999999;0.5;0.5
688;Charlie;0.5;1.0;0.5;0.8999999999999999;0.5;0.5
689;Charlie;0.5;1.0;0.5;0.8999999999999999;0.5;0.5
690;Charlie;0.5;1.0;0.5;0.8999999999999999;0.5;0.5
691;Charlie;0.5;1.0;0.5;0.8999999999999999;0.5;0.5
692;Charlie;0.5;1.0;0.5;0.8999999999999999;0.5;0.5
693;Charlie;0.5;1.0;0.5;0.8999999999999999;0.5;0.5
694;Charlie;0.5;1.0;0.5;0.8999999999999999;0.5;0.5
695;Charlie;0.5;1.0;0.5;0.8999999999999999;0.5;0.5
696;Charlie;0.5;1.0;0.5;0.8999999999999999;0.5;0.5
697;Charlie;0.5;1.0;0.5;0.8999999999999999;0.5;0.5
698;Charlie;0.5;1.0;0.5;0.8999999999999999;0.5;0.5
699;Charlie;0.5;1.0;0.5;0.8999999999999999;0.5;0.5
700;Charlie;0.5;1.0;0.5;0.8999999999999999;0.5;0.5
701;Charlie;0.5;1.0;0.5;0.8999999999999999;0.5;0.5
702;Charlie;0.5;1.0;0.5;0.8999999999999999;0.5;0.5
703;Charlie;0.5;1.0;0.5;0.8999999999999999;0.5;0.5
704;Charlie;0.5;1.0;0.5;0.8999999999999999;0.5;0.5
730;Charlie;0.5;1.0;0.4;0.8999999999999999;0.5;0.3
739;Charlie;0.5;1.0;0.4;0.8999999999999999;0.5;0.3
748;Charlie;0.5;1.0;0.4;0.8999999999999999;0.5;0.3
749;Charlie;0.5;1.0;0.4;0.8999999999999999;0.5;0.3
750;Charlie;0.5;1.0;0.4;0.8999999999999999;0.5;0.3
751;Charlie;0.5;1.0;0.4;0.8999999999999999;0.5;0.3
752;Charlie;0.5;1.0;0.4;0.8999999999999999;0.5;0.3
753;Charlie;0.5;1.0;0.4;0.8999999999999999;0.5;0.3
754;Charlie;0.5;1.0;0.4;0.8999999999999999;0.5;0.3
755;Charlie;0.5;1.0;0.4;0.8999999999999999;0.5;0.3
756;Charlie;0.5;1.0;0.4;0.8999999999999999;0.5;0.3
757;Charlie;0.5;1.0;0.4;0.8999999999999999;0.5;0.3
758;Charlie;0.5;1.0;0.4;0.8999999999999999;0.5;0.3
759;Charlie;0.5;1.0;0.4;0.8999999999999999;0.5;0.3
760;Charlie;0.5;1.0;0.4;0.8999999999999999;0.5;0.3
761;Charlie;0.5;1.0;0.4;0.8999999999999999;0.5;0.3
762;Charlie;0.5;1.0;0.4;0.8999999999999999;0.5;0.3
763;Charlie;0.5;1.0;0.4;0.8999999999999999;0.5;0.3
764;Charlie;0.5;1.0;0.4;0.8999999999999999;0.5;0.3
765;Charlie;0.5;1.0;0.4;0.8999999999999999;0.5;0.3
766;Charlie;0.5;1.0;0.4;0.8999999999999999;0.5;0.3
767;Charlie;0.5;1.0;0.4;0.8999999999999999;0.5;0.3
768;Charlie;0.5;1.0;0.4;0.8999999999999999;0.5;0.3
769;Charlie;0.5;1.0;0.4;0.8999999999999999;0.5;0.3
770;Charlie;0.5;1.0;0.4;0.8999999999999999;0.5;0.3
771;Charlie;0.5;1.0;0.4;0.8999999999999999;0.5;0.3
772;Charlie;0.5;1.0;0.4;0.8999999999999999;0.5;0.3
773;Charlie;0.5;1.0;0.4;0.8999999999999999;0.5;0.3
774;Charlie;0.5;1.0;0.4;0.8999999999999999;0.5;0.3
775;Charlie;0.5;1.0;0.4;0.8999999999999999;0.5;0.3
776;Charlie;0.5;1.0;0.4;0.8999999999999999;0.5;0.3
777;Charlie;0.5;1.0;0.4;0.8999999999999999;0.5;0.3
778;Charlie;0.5;1.0;0.4;0.8999999999999999;0.5;0.3
779;Charlie;0.5;1.0;0.4;0.8999999999999999;0.5;0.3
780;Charlie;0.5;1.0;0.4;0.8999999999999999;0.5;0.3
781;Charlie;0.5;1.0;0.4;0.8999999999999999;0.5;0.3
782;Charlie;0.5;1.0;0.4;0.8999999999999999;0.5;0.3
783;Charlie;0.5;1.0;0.4;0.8999999999999999;0.5;0.3
784;Charlie;0.5;1.0;0.4;0.8999999999999999;0.5;0.3
785;Charlie;0.5;1.0;0.4;0.8999999999999999;0.5;0.3
786;Charlie;0.5;1.0;0.4;0.8999999999999999;0.5;0.3
787;Charlie;0.5;1.0;0.4;0.8999999999999999;0.5;0.3
788;Charlie;0.5;1.0;0.4;0.8999999999999999;0.5;0.3
789;Charlie;0.5;1.0;0.4;0.8999999999999999;0.5;0.3
790;Charlie;0.5;1.0;0.4;0.8999999999999999;0.5;0.3
791;Charlie;0.5;1.0;0.4;0.8999999999999999;0.5;0.3
792;Charlie;0.5;1.0;0.4;0.8999999999999999;0.5;0.3
793;Charlie;0.5;1.0;0.4;0.8999999999999999;0.5;0.3
794;Charlie;0.5;1.0;0.4;0.8999999999999999;0.5;0.3
795;Charlie;0.5;1.0;0.4;0.8999999999999999;0.5;0.3
796;Charlie;0.5;1.0;0.4;0.8999999999999999;0.5;0.3
797;Charlie;0.5;1.0;0.4;0.8999999999999999;0.5;0.3
798;Charlie;0.5;1.0;0.4;0.8999999999999999;0.5;0.3
799;Charlie;0.5;1.0;0.4;0.8999999999999999;0.5;0.3
800;Charlie;0.5;1.0;0.4;0.8999999999999999;0.5;0.3
801;Charlie;0.5;1.0;0.4;0.8999999999999999;0.5;0.3
802;Charlie;0.5;1.0;0.4;0.8999999999999999;0.5;0.3
803;Charlie;0.5;1.0;0.4;0.8999999999999999;0.5;0.3
804;Charlie;0.5;1.0;0.4;0.8999999999999999;0.5;0.3
805;Charlie;0.5;1.0;0.4;0.8999999999999999;0.5;0.3
806;Charlie;0.5;1.0;0.4;0.8999999999999999;0.5;0.3
807;Charlie;0.5;1.0;0.4;0.8999999999999999;0.5;0.3
808;Charlie;0.5;1.0;0.4;0.8999999999999999;0.5;0.3
809;Charlie;0.5;1.0;0.4;0.8999999999999999;0.5;0.3
810;Charlie;0.5;1.0;0.4;0.8999999999999999;0.5;0.3
811;Charlie;0.5;1.0;0.4;0.8999999999999999;0.5;0.3
812;Charlie;0.5;1.0;0.4;0.8999999999999999;0.5;0.3
813;Charlie;0.5;1.0;0.4;0.8999999999999999;0.5;0.3
814;Charlie;0.5;1.0;0.4;0.8999999999999999;0.5;0.3
815;Charlie;0.5;1.0;0.4;0.8999999999999999;0.5;0.3
816;Charlie;0.5;1.0;0.4;0.8999999999999999;0.5;0.3
817;Charlie;0.5;1.0;0.4;0.8999999999999999;0.5;0.3
818;Charlie;0.5;1.0;0.4;0.8999999999999999;0.5;0.3
819;Charlie;0.5;1.0;0.4;0.8999999999999999;0.5;0.3
820;Charlie;0.5;1.0;0.4;0.8999999999999999;0.5;0.3
821;Charlie;0.5;1.0;0.4;0.8999999999999999;0.5;0.3
822;Charlie;0.5;1.0;0.4;0.8999999999999999;0.5;0.3
823;Charlie;0.5;1.0;0.4;0.8999999999999999;0.5;0.3
824;Charlie;0.5;1.0;0.4;0.8999999999999999;0.5;0.3
825;Charlie;0.5;1.0;0.4;0.8999999999999999;0.5;0.3
826;Charlie;0.5;1.0;0.4;0.8999999999999999;0.5;0.3
827;Charlie;0.5;1.0;0.4;0.8999999999999999;0.5;0.3
828;Charlie;0.5;1.0;0.4;0.8999999999999999;0.5;0.3
829;Charlie;0.5;1.0;0.4;0.8999999999999999;0.5;0.3
830;Charlie;0.5;1.0;0.4;0.8999999999999999;0.5;0.3
831;Charlie;0.5;1.0;0.4;0.8999999999999999;0.5;0.3
832;Charlie;0.5;1.0;0.4;0.8999999999999999;0.5;0.3
833;Charlie;0.5;1.0;0.4;0.8999999999999999;0.5;0.3
834;Charlie;0.5;1.0;0.4;0.8999999999999999;0.5;0.3
835;Charlie;0.5;1.0;0.4;0.8999999999999999;0.5;0.3
836;Charlie;0.5;1.0;0.4;0.8999999999999999;0.5;0.3
837;Charlie;0.5;1.0;0.4;0.8999999999999999;0.5;0.3
838;Charlie;0.5;1.0;0.4;0.8999999999999999;0.5;0.3
839;Charlie;0.5;1.0;0.4;0.8999999999999999;0.5;0.3
840;Charlie;0.5;1.0;0.4;0.8999999999999999;0.5;0.3
841;Charlie;0.5;1.0;0.4;0.8999999999999999;0.5;0.3
842;Charlie;0.5;1.0;0.4;0.8999999999999999;0.5;0.3
843;Charlie;0.5;1.0;0.4;0.8999999999999999;0.5;0.3
844;Charlie;0.5;1.0;0.4;0.8999999999999999;0.5;0.3
845;Charlie;0.5;1.0;0.4;0.8999999999999999;0.5;0.3
846;Charlie;0.5;1.0;0.4;0.8999999999999999;0.5;0.3
847;Charlie;0.5;1.0;0.4;0.8999999999999999;0.5;0.3
848;Charlie;0.5;1.0;0.4;0.8999999999999999;0.5;0.3
849;Charlie;0.5;1.0;0.4;0.8999999999999999;0.5;0.3
850;Charlie;0.5;1.0;0.4;0.8999999999999999;0.5;0.3
851;Charlie;0.5;1.0;0.4;0.8999999999999999;0.5;0.3
852;Charlie;0.5;1.0;0.4;0.8999999999999999;0.5;0.3
853;Charlie;0.5;1.0;0.4;0.8999999999999999;0.5;0.3
854;Charlie;0.5;1.0;0.4;0.8999999999999999;0.5;0.3
855;Charlie;0.5;1.0;0.4;0.8999999999999999;0.5;0.3
856;Charlie;0.5;1.0;0.4;0.8999999999999999;0.5;0.3
857;Charlie;0.5;1.0;0.4;0.8999999999999999;0.5;0.3
858;Charlie;0.5;1.0;0.4;0.8999999999999999;0.5;0.3
859;Charlie;0.5;1.0;0.4;0.8999999999999999;0.5;0.3
860;Charlie;0.5;1.0;0.4;0.8999999999999999;0.5;0.3
861;Charlie;0.5;1.0;0.4;0.8999999999999999;0.5;0.3
862;Charlie;0.5;1.0;0.4;0.8999999999999999;0.5;0.3
863;Charlie;0.5;1.0;0.4;0.8999999999999999;0.5;0.3
864;Charlie;0.5;1.0;0.4;0.8999999999999999;0.5;0.3
865;Charlie;0.5;1.0;0.4;0.8999999999999999;0.5;0.3
866;Charlie;0.5;1.0;0.4;0.8999999999999999;0.5;0.3
867;Charlie;0.5;1.0;0.4;0.8999999999999999;0.5;0.3
868;Charlie;0.5;1.0;0.4;0.8999999999999999;0.5;0.3
869;Charlie;0.5;1.0;0.4;0.8999999999999999;0.5;0.3
870;Charlie;0.5;1.0;0.4;0.8999999999999999;0.5;0.3
871;Charlie;0.5;1.0;0.4;0.8999999999999999;0.5;0.3
872;Charlie;0.5;1.0;0.4;0.8999999999999999;0.5;0.3
873;Charlie;0.5;1.0;0.4;0.8999999999999999;0.5;0.3
874;Charlie;0.5;1.0;0.4;0.8999999999999999;0.5;0.3
875;Charlie;0.5;1.0;0.4;0.8999999999999999;0.5;0.3
876;Charlie;0.5;1.0;0.4;0.8999999999999999;0.5;0.3
877;Charlie;0.5;1.0;0.4;0.8999999999999999;0.5;0.3
878;Charlie;0.5;1.0;0.4;0.8999999999999999;0.5;0.3
879;Charlie;0.5;1.0;0.4;0.8999999999999999;0.5;0.3
880;Charlie;0.5;1.0;0.4;0.8999999999999999;0.5;0.3
881;Charlie;0.5;1.0;0.4;0.8999999999999999;0.5;0.3
882;Charlie;0.5;1.0;0.4;0.8999999999999999;0.5;0.3
883;Charlie;0.5;1.0;0.4;0.8999999999999999;0.5;0.3
884;Charlie;0.5;1.0;0.4;0.8999999999999999;0.5;0.3
885;Charlie;0.5;1.0;0.4;0.8999999999999999;0.5;0.3
886;Charlie;0.5;1.0;0.4;0.8999999999999999;0.5;0.3
887;Charlie;0.5;1.0;0.4;0.8999999999999999;0.5;0.3
888;Charlie;0.5;1.0;0.4;0.8999999999999999;0.5;0.3
889;Charlie;0.5;1.0;0.4;0.8999999999999999;0.5;0.3
890;Charlie;0.5;1.0;0.4;0.8999999999999999;0.5;0.3
891;Charlie;0.5;1.0;0.4;0.8999999999999999;0.5;0.3
892;Charlie;0.5;1.0;0.4;0.8999999999999999;0.5;0.3
893;Charlie;0.5;1.0;0.4;0.8999999999999999;0.5;0.3
894;Charlie;0.5;1.0;0.4;0.8999999999999999;0.5;0.3
895;Charlie;0.5;1.0;0.4;0.8999999999999999;0.5;0.3
896;Charlie;0.5;1.0;0.4;0.8999999999999999;0.5;0.3
897;Charlie;0.5;1.0;0.4;0.8999999999999999;0.5;0.3
898;Charlie;0.5;1.0;0.4;0.8999999999999999;0.5;0.3
899;Charlie;0.5;1.0;0.4;0.8999999999999999;0.5;0.3
900;Charlie;0.5;1.0;0.4;0.8999999999999999;0.5;0.3
901;Charlie;0.5;1.0;0.4;0.8999999999999999;0.5;0.3
902;Charlie;0.5;1.0;0.4;0.8999999999999999;0.5;0.3
903;Charlie;0.5;1.0;0.4;0.8999999999999999;0.5;0.3
904;Charlie;0.5;1.0;0.4;0.8999999999999999;0.5;0.3
905;Charlie;0.5;1.0;0.4;0.8999999999999999;0.5;0.3
906;Charlie;0.5;1.0;0.4;0.8999999999999999;0.5;0.3
907;Charlie;0.5;1.0;0.4;0.8999999999999999;0.5;0.3
908;Charlie;0.5;1.0;0.4;0.8999999999999999;0.5;0.3
909;Charlie;0.5;1.0;0.4;0.8999999999999999;0.5;0.3
910;Charlie;0.5;1.0;0.4;0.8999999999999999;0.5;0.3
911;Charlie;0.5;1.0;0.4;0.8999999999999999;0.5;0.3
912;Charlie;0.5;1.0;0.4;0.8999999999999999;0.5;0.3
913;Charlie;0.5;1.0;0.4;0.8999999999999999;0.5;0.3
914;Charlie;0.5;1.0;0.4;0.8999999999999999;0.5;0.3
915;Charlie;0.5;1.0;0.4;0.8999999999999999;0.5;0.3
916;Charlie;0.5;1.0;0.4;0.8999999999999999;0.5;0.3
917;Charlie;0.5;1.0;0.4;0.8999999999999999;0.5;0.3
918;Charlie;0.5;1.0;0.4;0.8999999999999999;0.5;0.3
919;Charlie;0.5;1.0;0.4;0.8999999999999999;0.5;0.3
920;Charlie;0.5;1.0;0.4;0.8999999999999999;0.5;0.3
921;Charlie;0.5;1.0;0.4;0.8999999999999999;0.5;0.3
922;Charlie;0.5;1.0;0.4;0.8999999999999999;0.5;0.3
923;Charlie;0.5;1.0;0.4;0.8999999999999999;0.5;0.3
924;Charlie;0.5;1.0;0.4;0.8999999999999999;0.5;0.3
925;Charlie;0.5;1.0;0.4;0.8999999999999999;0.5;0.3
926;Charlie;0.5;1.0;0.4;0.8999999999999999;0.5;0.3
927;Charlie;0.5;1.0;0.4;0.8999999999999999;0.5;0.3
928;Charlie;0.5;1.0;0.4;0.8999999999999999;0.5;0.3
929;Charlie;0.5;1.0;0.4;0.8999999999999999;0.5;0.3
930;Charlie;0.5;1.0;0.4;0.8999999999999999;0.5;0.3
931;Charlie;0.5;1.0;0.4;0.8999999999999999;0.5;0.3
932;Charlie;0.5;1.0;0.4;0.8999999999999999;0.5;0.3
933;Charlie;0.5;1.0;0.4;0.8999999999999999;0.5;0.3
934;Charlie;0.5;1.0;0.4;0.8999999999999999;0.5;0.3
935;Charlie;0.5;1.0;0.4;0.8999999999999999;0.5;0.3
936;Charlie;0.5;1.0;0.4;0.8999999999999999;0.5;0.3
937;Charlie;0.5;1.0;0.4;0.8999999999999999;0.5;0.3
938;Charlie;0.5;1.0;0.4;0.8999999999999999;0.5;0.3
939;Charlie;0.5;1.0;0.4;0.8999999999999999;0.5;0.3
940;Charlie;0.5;1.0;0.4;0.8999999999999999;0.5;0.3
941;Charlie;0.5;1.0;0.4;0.8999999999999999;0.5;0.3
942;Charlie;0.5;1.0;0.4;0.8999999999999999;0.5;0.3
943;Charlie;0.5;1.0;0.4;0.8999999999999999;0.5;0.3
944;Charlie;0.5;1.0;0.4;0.8999999999999999;0.5;0.3
945;Charlie;0.5;1.0;0.4;0.8999999999999999;0.5;0.3
946;Charlie;0.5;1.0;0.4;0.8999999999999999;0.5;0.3
947;Charlie;0.5;1.0;0.4;0.8999999999999999;0.5;0.3
948;Charlie;0.5;1.0;0.4;0.8999999999999999;0.5;0.3
949;Charlie;0.5;1.0;0.4;0.8999999999999999;0.5;0.3
950;Charlie;0.5;1.0;0.4;0.8999999999999999;0.5;0.3
951;Charlie;0.5;1.0;0.4;0.8999999999999999;0.5;0.3
952;Charlie;0.5;1.0;0.4;0.8999999999999999;0.5;0.3
953;Charlie;0.5;1.0;0.4;0.8999999999999999;0.5;0.3
954;Charlie;0.5;1.0;0.4;0.8999999999999999;0.5;0.3
955;Charlie;0.5;1.0;0.4;0.8999999999999999;0.5;0.3
956;Charlie;0.5;1.0;0.4;0.8999999999999999;0.5;0.3
957;Charlie;0.5;1.0;0.4;0.8999999999999999;0.5;0.3
958;Charlie;0.5;1.0;0.4;0.8999999999999999;0.5;0.3
959;Charlie;0.5;1.0;0.4;0.8999999999999999;0.5;0.3
960;Charlie;0.5;1.0;0.4;0.8999999999999999;0.5;0.3
961;Charlie;0.5;1.0;0.4;0.8999999999999999;0.5;0.3
962;Charlie;0.5;1.0;0.4;0.8999999999999999;0.5;0.3
963;Charlie;0.5;1.0;0.4;0.8999999999999999;0.5;0.3
964;Charlie;0.5;1.0;0.4;0.8999999999999999;0.5;0.3
965;Charlie;0.5;1.0;0.4;0.8999999999999999;0.5;0.3
966;Charlie;0.5;1.0;0.4;0.8999999999999999;0.5;0.3
967;Charlie;0.5;1.0;0.4;0.8999999999999999;0.5;0.3
968;Charlie;0.5;1.0;0.4;0.8999999999999999;0.5;0.3
969;Charlie;0.5;1.0;0.4;0.8999999999999999;0.5;0.3
970;Charlie;0.5;1.0;0.4;0.8999999999999999;0.5;0.3
971;Charlie;0.5;1.0;0.4;0.8999999999999999;0.5;0.3
972;Charlie;0.5;1.0;0.4;0.8999999999999999;0.5;0.3
973;Charlie;0.5;1.0;0.4;0.8999999999999999;0.5;0.3
974;Charlie;0.5;1.0;0.4;0.8999999999999999;0.5;0.3
975;Charlie;0.5;1.0;0.4;0.8999999999999999;0.5;0.3
976;Charlie;0.5;1.0;0.4;0.8999999999999999;0.5;0.3
977;Charlie;0.5;1.0;0.4;0.8999999999999999;0.5;0.3
978;Charlie;0.5;1.0;0.4;0.8999999999999999;0.5;0.3
979;Charlie;0.5;1.0;0.4;0.8999999999999999;0.5;0.3
980;Charlie;0.5;1.0;0.4;0.8999999999999999;0.5;0.3
981;Charlie;0.5;1.0;0.4;0.8999999999999999;0.5;0.3
982;Charlie;0.5;1.0;0.4;0.8999999999999999;0.5;0.3
983;Charlie;0.5;1.0;0.4;0.8999999999999999;0.5;0.3
984;Charlie;0.5;1.0;0.4;0.8999999999999999;0.5;0.3
985;Charlie;0.5;1.0;0.4;0.8999999999999999;0.5;0.3
986;Charlie;0.5;1.0;0.4;0.8999999999999999;0.5;0.3
987;Charlie;0.5;1.0;0.4;0.8999999999999999;0.5;0.3
988;Charlie;0.5;1.0;0.4;0.8999999999999999;0.5;0.3
989;Charlie;0.5;1.0;0.4;0.8999999999999999;0.5;0.3
990;Charlie;0.5;1.0;0.4;0.8999999999999999;0.5;0.3
991;Charlie;0.5;1.0;0.4;0.8999999999999999;0.5;0.3
992;Charlie;0.5;1.0;0.4;0.8999999999999999;0.5;0.3
993;Charlie;0.5;1.0;0.4;0.8999999999999999;0.5;0.3
994;Charlie;0.5;1.0;0.4;0.8999999999999999;0.5;0.3
995;Charlie;0.5;1.0;0.4;0.8999999999999999;0.5;0.3
996;Charlie;0.5;1.0;0.4;0.8999999999999999;0.5;0.3
997;Charlie;0.5;1.0;0.4;0.8999999999999999;0.5;0.3
998;Charlie;0.5;1.0;0.4;0.8999999999999999;0.5;0.3
999;Charlie;0.5;1.0;0.4;0.8999999999999999;0.5;0.3
1000;Charlie;0.5;1.0;0.4;0.8999999999999999;0.5;0.3
1001;Charlie;0.5;1.0;0.4;0.8999999999999999;0.5;0.3
1002;Charlie;0.5;1.0;0.4;0.8999999999999999;0.5;0.3
1003;Charlie;0.5;1.0;0.4;0.8999999999999999;0.5;0.3
1004;Charlie;0.5;1.0;0.4;0.8999999999999999;0.5;0.3
1005;Charlie;0.5;1.0;0.4;0.8999999999999999;0.5;0.3
1006;Charlie;0.5;1.0;0.4;0.8999999999999999;0.5;0.3
1007;Charlie;0.5;1.0;0.4;0.8999999999999999;0.5;0.3
1008;Charlie;0.5;1.0;0.4;0.8999999999999999;0.5;0.3
1009;Charlie;0.5;1.0;0.4;0.8999999999999999;0.5;0.3
1010;Charlie;0.5;1.0;0.4;0.8999999999999999;0.5;0.3
1011;Charlie;0.5;1.0;0.4;0.8999999999999999;0.5;0.3
1012;Charlie;0.5;1.0;0.4;0.8999999999999999;0.5;0.3
1013;Charlie;0.5;1.0;0.4;0.8999999999999999;0.5;0.3
1014;Charlie;0.5;1.0;0.4;0.8999999999999999;0.5;0.3
1015;Charlie;0.5;1.0;0.4;0.8999999999999999;0.5;0.3
1016;Charlie;0.5;1.0;0.4;0.8999999999999999;0.5;0.3
1017;Charlie;0.5;1.0;0.4;0.8999999999999999;0.5;0.3
1018;Charlie;0.5;1.0;0.4;0.8999999999999999;0.5;0.3
1019;Charlie;0.5;1.0;0.4;0.8999999999999999;0.5;0.3
1020;Charlie;0.5;1.0;0.4;0.8999999999999999;0.5;0.3
1021;Charlie;0.5;1.0;0.4;0.8999999999999999;0.5;0.3
1022;Charlie;0.5;1.0;0.4;0.8999999999999999;0.5;0.3
1023;Charlie;0.5;1.0;0.4;0.8999999999999999;0.5;0.3
1024;Charlie;0.5;1.0;0.4;0.8999999999999999;0.5;0.3
1025;Charlie;0.5;1.0;0.4;0.8999999999999999;0.5;0.3
1026;Charlie;0.5;1.0;0.4;0.8999999999999999;0.5;0.3
1027;Charlie;0.5;1.0;0.4;0.8999999999999999;0.5;0.3
1028;Charlie;0.5;1.0;0.4;0.8999999999999999;0.5;0.3
1029;Charlie;0.5;1.0;0.4;0.8999999999999999;0.5;0.3
1030;Charlie;0.5;1.0;0.4;0.8999999999999999;0.5;0.3
1031;Charlie;0.5;1.0;0.4;0.8999999999999999;0.5;0.3
1032;Charlie;0.5;1.0;0.4;0.8999999999999999;0.5;0.3
1033;Charlie;0.5;1.0;0.4;0.8999999999999999;0.5;0.3
1034;Charlie;0.5;1.0;0.4;0.8999999999999999;0.5;0.3
1035;Charlie;0.5;1.0;0.4;0.8999999999999999;0.5;0.3
1036;Charlie;0.5;1.0;0.4;0.8999999999999999;0.5;0.3
1037;Charlie;0.5;1.0;0.4;0.8999999999999999;0.5;0.3
1038;Charlie;0.5;1.0;0.4;0.8999999999999999;0.5;0.3
1039;Charlie;0.5;1.0;0.4;0.8999999999999999;0.5;0.3
1040;Charlie;0.5;1.0;0.4;0.8999999999999999;0.5;0.3
1041;Charlie;0.5;1.0;0.4;0.8999999999999999;0.5;0.3
1042;Charlie;0.5;1.0;0.4;0.8999999999999999;0.5;0.3
1043;Charlie;0.5;1.0;0.4;0.8999999999999999;0.5;0.3
1044;Charlie;0.5;1.0;0.4;0.8999999999999999;0.5;0.3
1045;Charlie;0.5;1.0;0.4;0.8999999999999999;0.5;0.3
1046;Charlie;0.5;1.0;0.4;0.8999999999999999;0.5;0.3
1047;Charlie;0.5;1.0;0.4;0.8999999999999999;0.5;0.3
1048;Charlie;0.5;1.0;0.4;0.8999999999999999;0.5;0.3
1049;Charlie;0.5;1.0;0.4;0.8999999999999999;0.5;0.3
1050;Charlie;0.5;1.0;0.4;0.8999999999999999;0.5;0.3
1051;Charlie;0.5;1.0;0.4;0.8999999999999999;0.5;0.3
1052;Charlie;0.5;1.0;0.4;0.8999999999999999;0.5;0.3
1053;Charlie;0.5;1.0;0.4;0.8999999999999999;0.5;0.3
1054;Charlie;0.5;1.0;0.4;0.8999999999999999;0.5;0.3
1055;Charlie;0.5;1.0;0.4;0.8999999999999999;0.5;0.3
1056;Charlie;0.5;1.0;0.4;0.8999999999999999;0.5;0.3
1057;Charlie;0.5;1.0;0.4;0.8999999999999999;0.5;0.3
1058;Charlie;0.5;1.0;0.4;0.8999999999999999;0.5;0.3
1059;Charlie;0.5;1.0;0.4;0.8999999999999999;0.5;0.3
1060;Charlie;0.5;1.0;0.4;0.8999999999999999;0.5;0.3
1061;Charlie;0.5;1.0;0.4;0.8999999999999999;0.5;0.3
1062;Charlie;0.5;1.0;0.4;0.8999999999999999;0.5;0.3
1063;Charlie;0.5;1.0;0.4;0.8999999999999999;0.5;0.3
1064;Charlie;0.5;1.0;0.4;0.8999999999999999;0.5;0.3
1065;Charlie;0.5;1.0;0.4;0.8999999999999999;0.5;0.3
1066;Charlie;0.5;1.0;0.4;0.8999999999999999;0.5;0.3
1067;Charlie;0.5;1.0;0.4;0.8999999999999999;0.5;0.3
1068;Charlie;0.5;1.0;0.4;0.8999999999999999;0.5;0.3
1069;Charlie;0.5;1.0;0.4;0.8999999999999999;0.5;0.3
1070;Charlie;0.5;1.0;0.4;0.8999999999999999;0.5;0.3
1071;Charlie;0.5;1.0;0.4;0.8999999999999999;0.5;0.3
1072;Charlie;0.5;1.0;0.4;0.8999999999999999;0.5;0.3
1073;Charlie;0.5;1.0;0.4;0.8999999999999999;0.5;0.3
1074;Charlie;0.5;1.0;0.4;0.8999999999999999;0.5;0.3
1083;Charlie;0.5;1.0;0.7;0.8999999999999999;0.5;0.3
1092;Charlie;0.5;1.0;0.7;0.8999999999999999;0.5;0.3
1101;Charlie;0.5;1.0;0.7;0.8999999999999999;0.5;0.3
1110;Charlie;0.5;1.0;0.7;0.8999999999999999;0.5;0.3
1119;Charlie;0.5;1.0;0.7;0.8999999999999999;0.5;0.3
1133;Charlie;0.5;1.0;0.7;0.8999999999999999;0.5;0.3
1142;Charlie;0.5;1.0;0.7;0.8999999999999999;0.5;0.3
1151;Charlie;0.5;1.0;0.7;0.8999999999999999;0.5;0.3
1160;Charlie;0.5;1.0;0.7;0.8999999999999999;0.5;0.3
1169;Charlie;0.5;1.0;0.7;0.8999999999999999;0.5;0.3
1170;Charlie;0.5;1.0;0.7;0.8999999999999999;0.5;0.3
1171;Charlie;0.5;1.0;0.7;0.8999999999999999;0.5;0.3
1172;Charlie;0.5;1.0;0.7;0.8999999999999999;0.5;0.3
1173;Charlie;0.5;1.0;0.7;0.8999999999999999;0.5;0.3
1174;Charlie;0.5;1.0;0.7;0.8999999999999999;0.5;0.3
1175;Charlie;0.5;1.0;0.7;0.8999999999999999;0.5;0.3
1176;Charlie;0.5;1.0;0.7;0.8999999999999999;0.5;0.3
1177;Charlie;0.5;1.0;0.7;0.8999999999999999;0.5;0.3
1178;Charlie;0.5;1.0;0.7;0.8999999999999999;0.5;0.3
1179;Charlie;0.5;1.0;0.7;0.8999999999999999;0.5;0.3
1180;Charlie;0.5;1.0;0.7;0.8999999999999999;0.5;0.3
1181;Charlie;0.5;1.0;0.7;0.8999999999999999;0.5;0.3
1182;Charlie;0.5;1.0;0.7;0.8999999999999999;0.5;0.3
1183;Charlie;0.5;1.0;0.7;0.8999999999999999;0.5;0.3
1184;Charlie;0.5;1.0;0.7;0.8999999999999999;0.5;0.3
1185;Charlie;0.5;1.0;0.7;0.8999999999999999;0.5;0.3
1186;Charlie;0.5;1.0;0.7;0.8999999999999999;0.5;0.3
1187;Charlie;0.5;1.0;0.7;0.8999999999999999;0.5;0.3
1188;Charlie;0.5;1.0;0.7;0.8999999999999999;0.5;0.3
1189;Charlie;0.5;1.0;0.7;0.8999999999999999;0.5;0.3
1190;Charlie;0.5;1.0;0.7;0.8999999999999999;0.5;0.3
1191;Charlie;0.5;1.0;0.7;0.8999999999999999;0.5;0.3
1192;Charlie;0.5;1.0;0.7;0.8999999999999999;0.5;0.3
1193;Charlie;0.5;1.0;0.7;0.8999999999999999;0.5;0.3
1194;Charlie;0.5;1.0;0.7;0.8999999999999999;0.5;0.3
1195;Charlie;0.5;1.0;0.7;0.8999999999999999;0.5;0.3
1196;Charlie;0.5;1.0;0.7;0.8999999999999999;0.5;0.3
1197;Charlie;0.5;1.0;0.7;0.8999999999999999;0.5;0.3
1198;Charlie;0.5;1.0;0.7;0.8999999999999999;0.5;0.3
1199;Charlie;0.5;1.0;0.7;0.8999999999999999;0.5;0.3
1200;Charlie;0.5;1.0;0.7;0.8999999999999999;0.5;0.3
1201;Charlie;0.5;1.0;0.7;0.8999999999999999;0.5;0.3
1202;Charlie;0.5;1.0;0.7;0.8999999999999999;0.5;0.3
1203;Charlie;0.5;1.0;0.7;0.8999999999999999;0.5;0.3
1204;Charlie;0.5;1.0;0.7;0.8999999999999999;0.5;0.3
1205;Charlie;0.5;1.0;0.7;0.8999999999999999;0.5;0.3
1206;Charlie;0.5;1.0;0.7;0.8999999999999999;0.5;0.3
1207;Charlie;0.5;1.0;0.7;0.8999999999999999;0.5;0.3
1208;Charlie;0.5;1.0;0.7;0.8999999999999999;0.5;0.3
1209;Charlie;0.5;1.0;0.7;0.8999999999999999;0.5;0.3
1210;Charlie;0.5;1.0;0.7;0.8999999999999999;0.5;0.3
1211;Charlie;0.5;1.0;0.7;0.8999999999999999;0.5;0.3
1212;Charlie;0.5;1.0;0.7;0.8999999999999999;0.5;0.3
1213;Charlie;0.5;1.0;0.7;0.8999999999999999;0.5;0.3
1214;Charlie;0.5;1.0;0.7;0.8999999999999999;0.5;0.3
1215;Charlie;0.5;1.0;0.7;0.8999999999999999;0.5;0.3
1216;Charlie;0.5;1.0;0.7;0.8999999999999999;0.5;0.3
1217;Charlie;0.5;1.0;0.7;0.8999999999999999;0.5;0.3
1218;Charlie;0.5;1.0;0.7;0.8999999999999999;0.5;0.3
1219;Charlie;0.5;1.0;0.7;0.8999999999999999;0.5;0.3
1220;Charlie;0.5;1.0;0.7;0.8999999999999999;0.5;0.3
1221;Charlie;0.5;1.0;0.7;0.8999999999999999;0.5;0.3
1222;Charlie;0.5;1.0;0.7;0.8999999999999999;0.5;0.3
1223;Charlie;0.5;1.0;0.7;0.8999999999999999;0.5;0.3
1224;Charlie;0.5;1.0;0.7;0.8999999999999999;0.5;0.3
1225;Charlie;0.5;1.0;0.7;0.8999999999999999;0.5;0.3
1226;Charlie;0.5;1.0;0.7;0.8999999999999999;0.5;0.3
1227;Charlie;0.5;1.0;0.7;0.8999999999999999;0.5;0.3
1228;Charlie;0.5;1.0;0.7;0.8999999999999999;0.5;0.3
1229;Charlie;0.5;1.0;0.7;0.8999999999999999;0.5;0.3
1230;Charlie;0.5;1.0;0.7;0.8999999999999999;0.5;0.3
1231;Charlie;0.5;1.0;0.7;0.8999999999999999;0.5;0.3
1232;Charlie;0.5;1.0;0.7;0.8999999999999999;0.5;0.3
1233;Charlie;0.5;1.0;0.7;0.8999999999999999;0.5;0.3
1234;Charlie;0.5;1.0;0.7;0.8999999999999999;0.5;0.3
1235;Charlie;0.5;1.0;0.7;0.8999999999999999;0.5;0.3
1236;Charlie;0.5;1.0;0.7;0.8999999999999999;0.5;0.3
1237;Charlie;0.5;1.0;0.7;0.8999999999999999;0.5;0.3
1238;Charlie;0.5;1.0;0.7;0.8999999999999999;0.5;0.3
1239;Charlie;0.5;1.0;0.7;0.8999999999999999;0.5;0.3
1240;Charlie;0.5;1.0;0.7;0.8999999999999999;0.5;0.3
1241;Charlie;0.5;1.0;0.7;0.8999999999999999;0.5;0.3
1242;Charlie;0.5;1.0;0.7;0.8999999999999999;0.5;0.3
1243;Charlie;0.5;1.0;0.7;0.8999999999999999;0.5;0.3
1244;Charlie;0.5;1.0;0.7;0.8999999999999999;0.5;0.3
1245;Charlie;0.5;1.0;0.7;0.8999999999999999;0.5;0.3
1246;Charlie;0.5;1.0;0.7;0.8999999999999999;0.5;0.3
1247;Charlie;0.5;1.0;0.7;0.8999999999999999;0.09999999999999998;0.3
1256;Charlie;0.5;1.0;0.7;0.8999999999999999;0.09999999999999998;0.3
1265;Charlie;0.5;1.0;0.7;0.8999999999999999;0.09999999999999998;0.3
1274;Charlie;0.5;1.0;0.7;0.8999999999999999;0.09999999999999998;0.3
1283;Charlie;0.5;1.0;0.7;0.8999999999999999;0.09999999999999998;0.3
1292;Charlie;0.5;1.0;0.7;0.8999999999999999;0.09999999999999998;0.3
1306;Charlie;0.5;1.0;0.7;0.8999999999999999;0.09999999999999998;0.3
1307;Charlie;0.5;1.0;0.7;0.8999999999999999;0.09999999999999998;0.3
1308;Charlie;0.5;1.0;0.7;0.8999999999999999;0.09999999999999998;0.3
1309;Charlie;0.5;1.0;0.7;0.8999999999999999;0.09999999999999998;0.3
1310;Charlie;0.5;1.0;0.7;0.8999999999999999;0.09999999999999998;0.3
1311;Charlie;0.5;1.0;0.7;0.8999999999999999;0.09999999999999998;0.3
1312;Charlie;0.5;1.0;0.7;0.8999999999999999;0.09999999999999998;0.3
1313;Charlie;0.5;1.0;0.7;0.8999999999999999;0.09999999999999998;0.3
1314;Charlie;0.5;1.0;0.7;0.8999999999999999;0.09999999999999998;0.3
1315;Charlie;0.5;1.0;0.7;0.8999999999999999;0.09999999999999998;0.3
1316;Charlie;0.5;1.0;0.7;0.8999999999999999;0.09999999999999998;0.3
1317;Charlie;0.5;1.0;0.7;0.8999999999999999;0.09999999999999998;0.3
1318;Charlie;0.5;1.0;0.7;0.8999999999999999;0.09999999999999998;0.3
1319;Charlie;0.5;1.0;0.7;0.8999999999999999;0.09999999999999998;0.3
1320;Charlie;0.5;1.0;0.7;0.8999999999999999;0.09999999999999998;0.3
1321;Charlie;0.5;1.0;0.7;0.8999999999999999;0.09999999999999998;0.3
1322;Charlie;0.5;1.0;0.7;0.8999999999999999;0.09999999999999998;0.3
1323;Charlie;0.5;1.0;0.7;0.8999999999999999;0.09999999999999998;0.3
1324;Charlie;0.5;1.0;0.7;0.8999999999999999;0.09999999999999998;0.3
1325;Charlie;0.5;1.0;0.7;0.8999999999999999;0.09999999999999998;0.3
1326;Charlie;0.5;1.0;0.7;0.8999999999999999;0.09999999999999998;0.3
1327;Charlie;0.5;1.0;0.7;0.8999999999999999;0.09999999999999998;0.3
1328;Charlie;0.5;1.0;0.7;0.8999999999999999;0.09999999999999998;0.3
1329;Charlie;0.5;1.0;0.7;0.8999999999999999;0.09999999999999998;0.3
1330;Charlie;0.5;1.0;0.7;0.8999999999999999;0.09999999999999998;0.3
1331;Charlie;0.5;1.0;0.7;0.8999999999999999;0.09999999999999998;0.3
1332;Charlie;0.5;1.0;0.7;0.8999999999999999;0.09999999999999998;0.3
1333;Charlie;0.5;1.0;0.7;0.8999999999999999;0.09999999999999998;0.3
1334;Charlie;0.5;1.0;0.7;0.8999999999999999;0.09999999999999998;0.3
1335;Charlie;0.5;1.0;0.7;0.8999999999999999;0.09999999999999998;0.3
1336;Charlie;0.5;1.0;0.7;0.8999999999999999;0.09999999999999998;0.3
1337;Charlie;0.5;1.0;0.7;0.8999999999999999;0.09999999999999998;0.3
1338;Charlie;0.5;1.0;0.7;0.8999999999999999;0.09999999999999998;0.3
1339;Charlie;0.5;1.0;0.7;0.8999999999999999;0.09999999999999998;0.3
1340;Charlie;0.5;1.0;0.7;0.8999999999999999;0.09999999999999998;0.3
1341;Charlie;0.5;1.0;0.7;0.8999999999999999;0.19999999999999998;0.3
1342;Charlie;0.5;1.0;0.7;0.8999999999999999;0.19999999999999998;0.3
1343;Charlie;0.5;1.0;0.7;0.8999999999999999;0.19999999999999998;0.3
1344;Charlie;0.5;1.0;0.7;0.8999999999999999;0.19999999999999998;0.3
1345;Charlie;0.5;1.0;0.7;0.8999999999999999;0.19999999999999998;0.3
1346;Charlie;0.5;1.0;0.7;0.8999999999999999;0.19999999999999998;0.3
1347;Charlie;0.5;1.0;0.7;0.8999999999999999;0.19999999999999998;0.3
1348;Charlie;0.5;1.0;0.7;0.8999999999999999;0.19999999999999998;0.3
1349;Charlie;0.5;1.0;0.7;0.8999999999999999;0.19999999999999998;0.3
1350;Charlie;0.5;1.0;0.7;0.8999999999999999;0.19999999999999998;0.3
1351;Charlie;0.5;1.0;0.7;0.8999999999999999;0.19999999999999998;0.3
1352;Charlie;0.5;1.0;0.7;0.8999999999999999;0.19999999999999998;0.3
1353;Charlie;0.5;1.0;0.7;0.8999999999999999;0.19999999999999998;0.3
1354;Charlie;0.5;1.0;0.7;0.8999999999999999;0.19999999999999998;0.3
1355;Charlie;0.5;1.0;0.7;0.8999999999999999;0.19999999999999998;0.3
1356;Charlie;0.5;1.0;0.7;0.8999999999999999;0.19999999999999998;0.3
1357;Charlie;0.5;1.0;0.7;0.8999999999999999;0.19999999999999998;0.3
1358;Charlie;0.5;1.0;0.7;0.8999999999999999;0.19999999999999998;0.3
1359;Charlie;0.5;1.0;0.7;0.8999999999999999;0.19999999999999998;0.3
1360;Charlie;0.5;1.0;0.7;0.8999999999999999;0.19999999999999998;0.3
1361;Charlie;0.5;1.0;0.7;0.8999999999999999;0.19999999999999998;0.3
1362;Charlie;0.5;1.0;0.7;0.8999999999999999;0.19999999999999998;0.3
1363;Charlie;0.5;1.0;0.7;0.8999999999999999;0.19999999999999998;0.3
1364;Charlie;0.5;1.0;0.7;0.8999999999999999;0.19999999999999998;0.3
1365;Charlie;0.5;1.0;0.7;0.8999999999999999;0.19999999999999998;0.3
1366;Charlie;0.5;1.0;0.7;0.8999999999999999;0.19999999999999998;0.3
1367;Charlie;0.5;1.0;0.7;0.8999999999999999;0.19999999999999998;0.3
1368;Charlie;0.5;1.0;0.7;0.8999999999999999;0.19999999999999998;0.3
1369;Charlie;0.5;1.0;0.7;0.8999999999999999;0.19999999999999998;0.3
1370;Charlie;0.5;1.0;0.7;0.8999999999999999;0.19999999999999998;0.3
1371;Charlie;0.5;1.0;0.7;0.8999999999999999;0.19999999999999998;0.3
1372;Charlie;0.5;1.0;0.7;0.8999999999999999;0.19999999999999998;0.3
1373;Charlie;0.5;1.0;0.7;0.8999999999999999;0.19999999999999998;0.3
1374;Charlie;0.5;1.0;0.7;0.8999999999999999;0.19999999999999998;0.3
1375;Charlie;0.5;1.0;0.7;0.8999999999999999;0.19999999999999998;0.3
1376;Charlie;0.5;1.0;0.7;0.8999999999999999;0.19999999999999998;0.3
1377;Charlie;0.5;1.0;0.7;0.8999999999999999;0.19999999999999998;0.3
1378;Charlie;0.5;1.0;0.7;0.8999999999999999;0.19999999999999998;0.3
1379;Charlie;0.5;1.0;0.7;0.8999999999999999;0.19999999999999998;0.3
1380;Charlie;0.5;1.0;0.7;0.8999999999999999;0.19999999999999998;0.3
1381;Charlie;0.5;1.0;0.7;0.8999999999999999;0.19999999999999998;0.3
1582;Charlie;0.5;1.0;0.7;0.8999999999999999;0.19999999999999998;0.3
1591;Charlie;0.5;1.0;0.7;1.0;0.19999999999999998;0.3
1600;Charlie;0.5;1.0;0.7;1.0;0.19999999999999998;0.3
1609;Charlie;0.5;1.0;0.7;1.0;0.19999999999999998;0.3
1618;Charlie;0.5;1.0;0.7;1.0;0.19999999999999998;0.3
1627;Charlie;0.5;1.0;0.7;1.0;0.19999999999999998;0.3
1628;Charlie;0.5;1.0;0.7;1.0;0.19999999999999998;0.3
1629;Charlie;0.5;1.0;0.7;1.0;0.19999999999999998;0.3
1630;Charlie;0.5;1.0;0.7;1.0;0.19999999999999998;0.3
1631;Charlie;0.5;1.0;0.7;1.0;0.19999999999999998;0.3
1632;Charlie;0.5;1.0;0.7;1.0;0.19999999999999998;0.3
1633;Charlie;0.5;1.0;0.7;1.0;0.19999999999999998;0.3
1634;Charlie;0.5;1.0;0.7;1.0;0.19999999999999998;0.3
1635;Charlie;0.5;1.0;0.7;1.0;0.19999999999999998;0.3
1636;Charlie;0.5;1.0;0.7;1.0;0.19999999999999998;0.3
1637;Charlie;0.5;1.0;0.7;1.0;0.19999999999999998;0.3
1638;Charlie;0.5;1.0;0.7;1.0;0.19999999999999998;0.3
1639;Charlie;0.5;1.0;0.7;1.0;0.19999999999999998;0.3
1640;Charlie;0.5;1.0;0.7;1.0;0.19999999999999998;0.3
1641;Charlie;0.5;1.0;0.7;1.0;0.19999999999999998;0.3
1642;Charlie;0.5;0.6;0.7;1.0;0.19999999999999998;0.3
1643;Charlie;0.5;0.6;0.7;1.0;0.19999999999999998;0.3
1644;Charlie;0.5;0.6;0.7;1.0;0.19999999999999998;0.3
1645;Charlie;0.5;0.6;0.7;1.0;0.19999999999999998;0.3
1646;Charlie;0.5;0.6;0.7;1.0;0.19999999999999998;0.3
1647;Charlie;0.5;0.6;0.7;1.0;0.19999999999999998;0.3
1648;Charlie;0.5;0.6;0.7;1.0;0.19999999999999998;0.3
1649;Charlie;0.5;0.6;0.7;1.0;0.19999999999999998;0.3
1650;Charlie;0.5;0.6;0.7;1.0;0.19999999999999998;0.3
1651;Charlie;0.5;0.6;0.7;1.0;0.19999999999999998;0.3
1652;Charlie;0.5;0.6;0.7;1.0;0.19999999999999998;0.3
1653;Charlie;0.5;0.6;0.7;1.0;0.19999999999999998;0.3
1654;Charlie;0.5;0.6;0.7;1.0;0.19999999999999998;0.3
1655;Charlie;0.5;0.6;0.7;1.0;0.19999999999999998;0.3
1656;Charlie;0.5;0.6;0.7;1.0;0.19999999999999998;0.3
1657;Charlie;0.5;0.6;0.7;1.0;0.19999999999999998;0.3
1658;Charlie;0.5;0.6;0.7;1.0;0.19999999999999998;0.3
1659;Charlie;0.5;0.6;0.7;1.0;0.19999999999999998;0.3
1660;Charlie;0.5;0.6;0.7;1.0;0.19999999999999998;0.3
1661;Charlie;0.5;0.6;0.7;1.0;0.19999999999999998;0.3
1662;Charlie;0.5;0.6;0.7;1.0;0.19999999999999998;0.3
1663;Charlie;0.5;0.6;0.7;1.0;0.19999999999999998;0.3
1664;Charlie;0.5;0.6;0.7;1.0;0.19999999999999998;0.3
1665;Charlie;0.5;0.6;0.7;1.0;0.19999999999999998;0.3
1666;Charlie;0.5;0.6;0.7;1.0;0.19999999999999998;0.3
1667;Charlie;0.5;0.6;0.7;1.0;0.19999999999999998;0.3
1668;Charlie;0.5;0.6;0.7;1.0;0.19999999999999998;0.3
1669;Charlie;0.5;0.6;0.7;1.0;0.19999999999999998;0.3
1695;Charlie;0.5;0.6;0.7999999999999999;1.0;0.19999999999999998;0.7
1704;Charlie;0.5;0.6;0.7999999999999999;1.0;0.19999999999999998;0.7
1705;Charlie;0.5;0.6;0.7999999999999999;1.0;0.19999999999999998;0.7
1706;Charlie;0.5;0.6;0.7999999999999999;1.0;0.19999999999999998;0.7
1707;Charlie;0.5;0.6;0.7999999999999999;1.0;0.19999999999999998;0.7
1708;Charlie;0.5;0.6;0.7999999999999999;1.0;0.19999999999999998;0.7
1709;Charlie;0.5;0.6;0.7999999999999999;1.0;0.19999999999999998;0.7
1710;Charlie;0.5;0.6;0.7999999999999999;1.0;0.19999999999999998;0.7
1711;Charlie;0.5;0.6;0.7999999999999999;1.0;0.19999999999999998;0.7
1712;Charlie;0.5;0.6;0.7999999999999999;1.0;0.19999999999999998;0.7
1713;Charlie;0.5;0.6;0.7999999999999999;1.0;0.19999999999999998;0.7
1714;Charlie;0.5;0.6;0.7999999999999999;1.0;0.19999999999999998;0.7
1715;Charlie;0.5;0.6;0.7999999999999999;1.0;0.19999999999999998;0.7
1716;Charlie;0.5;0.6;0.7999999999999999;1.0;0.19999999999999998;0.7
1717;Charlie;0.5;0.6;0.7999999999999999;1.0;0.19999999999999998;0.7
1718;Charlie;0.5;0.6;0.7999999999999999;1.0;0.19999999999999998;0.7
1719;Charlie;0.5;0.6;0.7999999999999999;1.0;0.19999999999999998;0.7
1720;Charlie;0.5;0.6;0.7999999999999999;1.0;0.19999999999999998;0.7
1721;Charlie;0.5;0.6;0.7999999999999999;1.0;0.19999999999999998;0.7
1722;Charlie;0.5;0.6;0.7999999999999999;1.0;0.19999999999999998;0.7
1723;Charlie;0.5;0.6;0.7999999999999999;1.0;0.19999999999999998;0.7
1724;Charlie;0.5;0.6;0.7999999999999999;1.0;0.19999999999999998;0.7
1725;Charlie;0.5;0.6;0.7999999999999999;1.0;0.19999999999999998;0.7
1726;Charlie;0.5;0.6;0.7999999999999999;1.0;0.19999999999999998;0.7
1727;Charlie;0.5;0.6;0.7999999999999999;1.0;0.19999999999999998;0.7
1728;Charlie;0.5;0.6;0.7999999999999999;1.0;0.19999999999999998;0.7
1729;Charlie;0.5;0.6;0.7999999999999999;1.0;0.19999999999999998;0.7
1730;Charlie;0.5;0.6;0.7999999999999999;1.0;0.19999999999999998;0.7
1731;Charlie;0.5;0.6;0.7999999999999999;1.0;0.19999999999999998;0.7
1732;Charlie;0.5;0.6;0.7999999999999999;1.0;0.19999999999999998;0.7
1733;Charlie;0.5;0.6;0.7999999999999999;1.0;0.19999999999999998;0.7
1734;Charlie;0.5;0.6;0.7999999999999999;1.0;0.19999999999999998;0.7
1735;Charlie;0.5;0.6;0.7999999999999999;1.0;0.19999999999999998;0.7
1736;Charlie;0.5;0.6;0.7999999999999999;1.0;0.19999999999999998;0.7
1737;Charlie;0.5;0.6;0.7999999999999999;1.0;0.19999999999999998;0.7
1738;Charlie;0.5;0.6;0.7999999999999999;1.0;0.19999999999999998;0.7
1739;Charlie;0.5;0.6;0.7999999999999999;1.0;0.19999999999999998;0.7
1740;Charlie;0.5;0.6;0.7999999999999999;1.0;0.19999999999999998;0.7
1741;Charlie;0.5;0.6;0.7999999999999999;1.0;0.19999999999999998;0.7
1742;Charlie;0.5;0.6;0.7999999999999999;1.0;0.19999999999999998;0.7
1743;Charlie;0.5;0.6;0.7999999999999999;1.0;0.19999999999999998;0.7
1744;Charlie;0.5;0.6;0.7999999999999999;1.0;0.19999999999999998;0.7
1745;Charlie;0.5;0.6;0.7999999999999999;1.0;0.19999999999999998;0.7
1746;Charlie;0.5;0.6;0.7999999999999999;1.0;0.19999999999999998;0.7
1747;Charlie;0.5;0.6;0.7999999999999999;1.0;0.19999999999999998;0.7
1748;Charlie;0.5;0.6;0.7999999999999999;1.0;0.19999999999999998;0.7
1749;Charlie;0.5;0.6;0.7999999999999999;1.0;0.19999999999999998;0.7
1750;Charlie;0.5;0.6;0.7999999999999999;1.0;0.19999999999999998;0.7
1751;Charlie;0.5;0.6;0.7999999999999999;1.0;0.19999999999999998;0.7
1752;Charlie;0.5;0.6;0.7999999999999999;1.0;0.19999999999999998;0.7
1753;Charlie;0.5;0.6;0.7999999999999999;1.0;0.19999999999999998;0.7
1754;Charlie;0.5;0.6;0.7999999999999999;1.0;0.19999999999999998;0.7
1755;Charlie;0.5;0.6;0.7999999999999999;1.0;0.19999999999999998;0.7
1756;Charlie;0.5;0.6;0.7999999999999999;1.0;0.19999999999999998;0.7
1757;Charlie;0.5;0.6;0.7999999999999999;1.0;0.19999999999999998;0.7
1758;Charlie;0.5;0.6;0.7999999999999999;1.0;0.19999999999999998;0.7
1759;Charlie;0.5;0.6;0.7999999999999999;1.0;0.19999999999999998;0.7
1760;Charlie;0.5;0.6;0.7999999999999999;1.0;0.19999999999999998;0.7
1761;Charlie;0.5;0.6;0.7999999999999999;1.0;0.19999999999999998;0.7
1762;Charlie;0.5;0.6;0.7999999999999999;1.0;0.19999999999999998;0.7
1763;Charlie;0.5;0.6;0.7999999999999999;1.0;0.19999999999999998;0.7
1764;Charlie;0.5;0.6;0.7999999999999999;1.0;0.19999999999999998;0.7
1765;Charlie;0.5;0.6;0.7999999999999999;1.0;0.19999999999999998;0.7
1766;Charlie;0.5;0.6;0.7999999999999999;1.0;0.19999999999999998;0.7
1767;Charlie;0.5;0.6;0.7999999999999999;1.0;0.19999999999999998;0.7
1768;Charlie;0.5;0.6;0.7999999999999999;1.0;0.19999999999999998;0.7
1769;Charlie;0.5;0.6;0.7999999999999999;1.0;0.19999999999999998;0.7
1770;Charlie;0.5;0.6;0.7999999999999999;1.0;0.19999999999999998;0.7
1771;Charlie;0.5;0.6;0.7999999999999999;1.0;0.19999999999999998;0.7
1772;Charlie;0.5;0.6;0.7999999999999999;1.0;0.19999999999999998;0.7
1773;Charlie;0.5;0.6;0.7999999999999999;1.0;0.19999999999999998;0.7
1774;Charlie;0.5;0.6;0.7999999999999999;1.0;0.19999999999999998;0.7
1775;Charlie;0.5;0.6;0.7999999999999999;1.0;0.19999999999999998;0.7
1776;Charlie;0.5;0.6;0.7999999999999999;1.0;0.19999999999999998;0.7
1777;Charlie;0.5;0.6;0.7999999999999999;1.0;0.19999999999999998;0.7
1778;Charlie;0.5;0.6;0.7999999999999999;1.0;0.19999999999999998;0.7
1779;Charlie;0.5;0.6;0.7999999999999999;1.0;0.19999999999999998;0.7
1780;Charlie;0.5;0.6;0.7999999999999999;1.0;0.19999999999999998;0.7
1781;Charlie;0.5;0.6;0.7999999999999999;1.0;0.19999999999999998;0.7
1782;Charlie;0.5;0.6;0.7999999999999999;1.0;0.19999999999999998;0.7
1783;Charlie;0.5;0.6;0.7999999999999999;1.0;0.19999999999999998;0.7
1784;Charlie;0.5;0.6;0.7999999999999999;1.0;0.19999999999999998;0.7
1785;Charlie;0.5;0.6;0.7999999999999999;1.0;0.19999999999999998;0.7
1786;Charlie;0.5;0.6;0.7999999999999999;1.0;0.19999999999999998;0.7
1787;Charlie;0.5;0.6;0.7999999999999999;1.0;0.19999999999999998;0.7
1788;Charlie;0.5;0.6;0.7999999999999999;1.0;0.19999999999999998;0.7
1789;Charlie;0.5;0.6;0.7999999999999999;1.0;0.19999999999999998;0.7
1790;Charlie;0.5;0.6;0.7999999999999999;1.0;0.19999999999999998;0.7
1791;Charlie;0.5;0.6;0.7999999999999999;1.0;0.19999999999999998;0.7
1792;Charlie;0.5;0.6;0.7999999999999999;1.0;0.19999999999999998;0.7
1793;Charlie;0.5;0.6;0.7999999999999999;1.0;0.19999999999999998;0.7
1794;Charlie;0.5;0.6;0.7999999999999999;1.0;0.19999999999999998;0.7
1795;Charlie;0.5;0.6;0.7999999999999999;1.0;0.19999999999999998;0.7
1796;Charlie;0.5;0.6;0.7999999999999999;1.0;0.19999999999999998;0.7
1797;Charlie;0.5;0.6;0.7999999999999999;1.0;0.19999999999999998;0.7
1798;Charlie;0.5;0.6;0.7999999999999999;1.0;0.19999999999999998;0.7
1799;Charlie;0.5;0.6;0.7999999999999999;1.0;0.19999999999999998;0.7
1800;Charlie;0.5;0.6;0.7999999999999999;1.0;0.19999999999999998;0.7
1801;Charlie;0.5;0.6;0.7999999999999999;1.0;0.19999999999999998;0.7
1802;Charlie;0.5;0.6;0.7999999999999999;1.0;0.19999999999999998;0.7
1803;Charlie;0.5;0.6;0.7999999999999999;1.0;0.19999999999999998;0.7
1804;Charlie;0.5;0.6;0.7999999999999999;1.0;0.19999999999999998;0.7
1805;Charlie;0.5;0.6;0.7999999999999999;1.0;0.19999999999999998;0.7
1806;Charlie;0.5;0.6;0.7999999999999999;1.0;0.19999999999999998;0.7
1807;Charlie;0.5;0.6;0.7999999999999999;1.0;0.19999999999999998;0.7
1808;Charlie;0.5;0.6;0.7999999999999999;1.0;0.19999999999999998;0.7
1809;Charlie;0.5;0.6;0.7999999999999999;1.0;0.19999999999999998;0.7
1810;Charlie;0.5;0.6;0.7999999999999999;1.0;0.19999999999999998;0.7
1811;Charlie;0.5;0.6;0.7999999999999999;1.0;0.19999999999999998;0.7
1812;Charlie;0.5;0.6;0.7999999999999999;1.0;0.19999999999999998;0.7
1813;Charlie;0.5;0.6;0.7999999999999999;1.0;0.19999999999999998;0.7
1814;Charlie;0.5;0.6;0.7999999999999999;1.0;0.19999999999999998;0.7
1815;Charlie;0.5;0.6;0.7999999999999999;1.0;0.19999999999999998;0.7
1816;Charlie;0.5;0.6;0.7999999999999999;1.0;0.19999999999999998;0.7
1817;Charlie;0.5;0.6;0.7999999999999999;1.0;0.19999999999999998;0.7
1818;Charlie;0.5;0.6;0.7999999999999999;1.0;0.19999999999999998;0.7
1819;Charlie;0.5;0.6;0.7999999999999999;1.0;0.19999999999999998;0.7
1820;Charlie;0.5;0.6;0.7999999999999999;1.0;0.19999999999999998;0.7
1821;Charlie;0.5;0.6;0.7999999999999999;1.0;0.19999999999999998;0.7
1822;Charlie;0.5;0.6;0.7999999999999999;1.0;0.19999999999999998;0.7
1823;Charlie;0.5;0.6;0.7999999999999999;1.0;0.19999999999999998;0.7
1824;Charlie;0.5;0.6;0.7999999999999999;1.0;0.19999999999999998;0.7
1825;Charlie;0.5;0.6;0.7999999999999999;1.0;0.19999999999999998;0.7
1826;Charlie;0.5;0.6;0.7999999999999999;1.0;0.19999999999999998;0.7
1827;Charlie;0.5;0.6;0.7999999999999999;1.0;0.19999999999999998;0.7
1828;Charlie;0.5;0.6;0.7999999999999999;1.0;0.19999999999999998;0.7
1829;Charlie;0.5;0.6;0.7999999999999999;1.0;0.19999999999999998;0.7
1830;Charlie;0.5;0.6;0.7999999999999999;1.0;0.19999999999999998;0.7
1831;Charlie;0.5;0.6;0.7999999999999999;1.0;0.19999999999999998;0.7
1832;Charlie;0.5;0.6;0.7999999999999999;1.0;0.19999999999999998;0.7
1833;Charlie;0.5;0.6;0.7999999999999999;1.0;0.19999999999999998;0.7
1834;Charlie;0.5;0.6;0.7999999999999999;1.0;0.19999999999999998;0.7
1835;Charlie;0.5;0.6;0.7999999999999999;1.0;0.19999999999999998;0.7
1836;Charlie;0.5;0.6;0.7999999999999999;1.0;0.19999999999999998;0.7
1837;Charlie;0.5;0.6;0.7999999999999999;1.0;0.19999999999999998;0.7
1838;Charlie;0.5;0.6;0.7999999999999999;1.0;0.19999999999999998;0.7
1839;Charlie;0.5;0.6;0.7999999999999999;1.0;0.19999999999999998;0.7
1840;Charlie;0.5;0.6;0.7999999999999999;1.0;0.19999999999999998;0.7
1841;Charlie;0.5;0.6;0.7999999999999999;1.0;0.19999999999999998;0.7
1842;Charlie;0.5;0.6;0.7999999999999999;1.0;0.19999999999999998;0.7
1843;Charlie;0.5;0.6;0.7999999999999999;1.0;0.19999999999999998;0.7
1844;Charlie;0.5;0.6;0.7999999999999999;1.0;0.19999999999999998;0.7
1845;Charlie;0.5;0.6;0.7999999999999999;1.0;0.19999999999999998;0.7
1846;Charlie;0.5;0.6;0.7999999999999999;1.0;0.19999999999999998;0.7
1847;Charlie;0.5;0.6;0.7999999999999999;1.0;0.19999999999999998;0.7
1848;Charlie;0.5;0.6;0.7999999999999999;1.0;0.19999999999999998;0.7
1849;Charlie;0.5;0.6;0.7999999999999999;1.0;0.19999999999999998;0.7
1850;Charlie;0.5;0.6;0.7999999999999999;1.0;0.19999999999999998;0.7
1851;Charlie;0.5;0.6;0.7999999999999999;1.0;0.19999999999999998;0.7
1852;Charlie;0.5;0.6;0.7999999999999999;1.0;0.19999999999999998;0.7
1853;Charlie;0.5;0.6;0.7999999999999999;1.0;0.19999999999999998;0.7
1854;Charlie;0.5;0.6;0.7999999999999999;1.0;0.19999999999999998;0.7
1855;Charlie;0.5;0.6;0.7999999999999999;1.0;0.19999999999999998;0.7
1856;Charlie;0.5;0.6;0.7999999999999999;1.0;0.19999999999999998;0.7
1857;Charlie;0.5;0.6;0.7999999999999999;1.0;0.19999999999999998;0.7
1858;Charlie;0.5;0.6;0.7999999999999999;1.0;0.19999999999999998;0.7
1859;Charlie;0.5;0.6;0.7999999999999999;1.0;0.19999999999999998;0.7
1860;Charlie;0.5;0.6;0.7999999999999999;1.0;0.19999999999999998;0.7
1861;Charlie;0.5;0.6;0.7999999999999999;1.0;0.19999999999999998;0.7
1862;Charlie;0.5;0.6;0.7999999999999999;1.0;0.19999999999999998;0.7
1863;Charlie;0.5;0.6;0.7999999999999999;1.0;0.19999999999999998;0.7
1872;Charlie;0.5;0.6;1.0;1.0;0.19999999999999998;0.7
1881;Charlie;0.5;0.6;1.0;1.0;0.19999999999999998;0.7
1890;Charlie;0.5;0.6;1.0;1.0;0.19999999999999998;0.7
1899;Charlie;0.5;0.6;1.0;1.0;0.19999999999999998;0.7
1913;Charlie;0.5;0.6;1.0;1.0;0.19999999999999998;0.7
1922;Charlie;0.5;0.6;1.0;1.0;0.19999999999999998;0.7
1931;Charlie;0.5;0.6;1.0;1.0;0.19999999999999998;0.7
1940;Charlie;0.5;0.6;1.0;1.0;0.19999999999999998;0.7
1949;Charlie;0.5;0.6;1.0;1.0;0.19999999999999998;0.7
1958;Charlie;0.5;0.6;1.0;1.0;0.19999999999999998;0.7
1967;Charlie;0.5;0.6;1.0;1.0;0.19999999999999998;0.7
1981;Charlie;0.5;0.6;1.0;1.0;0.19999999999999998;0.7
1995;Charlie;0.5;0.6;1.0;1.0;0.19999999999999998;0.7
2009;Charlie;0.5;0.6;1.0;1.0;0.19999999999999998;0.7
2010;Charlie;0.5;0.6;1.0;1.0;0.19999999999999998;0.7
2011;Charlie;0.5;0.6;1.0;1.0;0.19999999999999998;0.7
2012;Charlie;0.5;0.6;1.0;1.0;0.19999999999999998;0.7
2013;Charlie;0.5;0.6;1.0;1.0;0.19999999999999998;0.7
2014;Charlie;0.5;0.6;1.0;1.0;0.19999999999999998;0.7
2015;Charlie;0.5;0.6;1.0;1.0;0.19999999999999998;0.7
2016;Charlie;0.5;0.6;1.0;1.0;0.19999999999999998;0.7
2017;Charlie;0.5;0.6;1.0;1.0;0.19999999999999998;0.7
2018;Charlie;0.5;0.6;1.0;1.0;0.19999999999999998;0.7
2019;Charlie;0.5;0.6;1.0;1.0;0.19999999999999998;0.7
2020;Charlie;0.5;0.6;1.0;1.0;0.19999999999999998;0.7
2021;Charlie;0.5;0.6;1.0;1.0;0.19999999999999998;0.7
2022;Charlie;0.5;0.6;1.0;1.0;0.19999999999999998;0.7
2023;Charlie;0.5;0.6;1.0;1.0;0.19999999999999998;0.7
2024;Charlie;0.5;0.6;1.0;1.0;0.19999999999999998;0.7
2025;Charlie;0.5;0.6;1.0;1.0;0.19999999999999998;0.7
2026;Charlie;0.5;0.6;1.0;1.0;0.19999999999999998;0.7
2027;Charlie;0.5;0.6;1.0;1.0;0.19999999999999998;0.7
2028;Charlie;0.5;0.6;1.0;1.0;0.19999999999999998;0.7
2029;Charlie;0.5;0.6;1.0;1.0;0.19999999999999998;0.7
2030;Charlie;0.5;0.6;1.0;1.0;0.19999999999999998;0.7
2031;Charlie;0.5;0.6;1.0;1.0;0.19999999999999998;0.7
2032;Charlie;0.5;0.6;1.0;1.0;0.19999999999999998;0.7
2033;Charlie;0.5;0.6;1.0;1.0;0.19999999999999998;0.7
2034;Charlie;0.5;0.6;1.0;1.0;0.19999999999999998;0.7
2035;Charlie;0.5;0.6;1.0;1.0;0.19999999999999998;0.7
2036;Charlie;0.5;0.6;1.0;1.0;0.19999999999999998;0.7
2037;Charlie;0.5;0.6;1.0;1.0;0.19999999999999998;0.7
2038;Charlie;0.5;0.6;1.0;1.0;0.19999999999999998;0.7
2039;Charlie;0.5;0.6;1.0;1.0;0.19999999999999998;0.7
2040;Charlie;0.5;0.6;1.0;1.0;0.19999999999999998;0.7
2041;Charlie;0.5;0.6;1.0;1.0;0.19999999999999998;0.7
2042;Charlie;0.5;0.6;1.0;1.0;0.19999999999999998;0.7
2243;Charlie;0.5;0.7;1.0;1.0;0.19999999999999998;0.7
2252;Charlie;0.5;0.7;1.0;1.0;0.19999999999999998;0.7
2261;Charlie;0.5;0.7;1.0;1.0;0.19999999999999998;0.7
2270;Charlie;0.5;0.7;1.0;1.0;0.19999999999999998;0.7
2279;Charlie;0.5;0.7;1.0;1.0;0.19999999999999998;0.7
2280;Charlie;0.5;0.7;1.0;1.0;0.19999999999999998;0.7
2281;Charlie;0.5;0.7;1.0;1.0;0.19999999999999998;0.7
2282;Charlie;0.5;0.7;1.0;1.0;0.19999999999999998;0.7
2283;Charlie;0.5;0.7;1.0;1.0;0.19999999999999998;0.7
2284;Charlie;0.5;0.7;1.0;1.0;0.19999999999999998;0.7
2285;Charlie;0.5;0.7;1.0;1.0;0.19999999999999998;0.7
2286;Charlie;0.5;0.7;1.0;1.0;0.19999999999999998;0.7
2287;Charlie;0.5;0.7;1.0;1.0;0.19999999999999998;0.7
2288;Charlie;0.5;0.7;1.0;1.0;0.19999999999999998;0.7
2289;Charlie;0.5;0.7;1.0;1.0;0.19999999999999998;0.7
2290;Charlie;0.5;0.7;1.0;1.0;0.19999999999999998;0.7
2291;Charlie;0.5;0.7;1.0;1.0;0.19999999999999998;0.7
2292;Charlie;0.5;0.7;1.0;1.0;0.19999999999999998;0.7
2293;Charlie;0.5;0.7;1.0;1.0;0.19999999999999998;0.7
2294;Charlie;0.5;0.7;1.0;1.0;0.19999999999999998;0.7
2295;Charlie;0.5;0.7;1.0;1.0;0.19999999999999998;0.7
2296;Charlie;0.5;0.7;1.0;1.0;0.19999999999999998;0.7
2322;Charlie;0.5;0.7;1.0;1.0;0.19999999999999998;0.29999999999999993
2331;Charlie;0.5;0.7;1.0;1.0;0.19999999999999998;0.29999999999999993
2340;Charlie;0.5;0.7;1.0;1.0;0.19999999999999998;0.29999999999999993
2349;Charlie;0.5;0.7;1.0;1.0;0.19999999999999998;0.29999999999999993
2358;Charlie;0.5;0.7;1.0;1.0;0.19999999999999998;0.29999999999999993
2367;Charlie;0.5;0.7;1.0;1.0;0.19999999999999998;0.29999999999999993
2376;Charlie;0.5;0.7;1.0;1.0;0.19999999999999998;0.29999999999999993
2385;Charlie;0.5;0.7;1.0;1.0;0.19999999999999998;0.29999999999999993
2394;Charlie;0.5;0.7;1.0;1.0;0.19999999999999998;0.29999999999999993
2403;Charlie;0.5;0.7;1.0;1.0;0.19999999999999998;0.29999999999999993
2417;Charlie;0.5;0.7;1.0;1.0;0.19999999999999998;0.29999999999999993
2431;Charlie;0.5;0.7;1.0;1.0;0.19999999999999998;0.29999999999999993
2445;Charlie;0.5;0.7;1.0;1.0;0.19999999999999998;0.29999999999999993
2459;Charlie;0.5;0.7;1.0;1.0;0.19999999999999998;0.29999999999999993
2473;Charlie;0.5;0.7;1.0;1.0;0.19999999999999998;0.29999999999999993
2487;Charlie;0.5;0.7;1.0;1.0;0.19999999999999998;0.29999999999999993
2501;Charlie;0.5;0.7;1.0;1.0;0.19999999999999998;0.29999999999999993
2502;Charlie;0.5;0.7;1.0;1.0;0.19999999999999998;0.29999999999999993
2503;Charlie;0.5;0.7;1.0;1.0;0.19999999999999998;0.29999999999999993
2504;Charlie;0.5;0.7;1.0;1.0;0.19999999999999998;0.29999999999999993
2505;Charlie;0.5;0.7;1.0;1.0;0.19999999999999998;0.29999999999999993
2506;Charlie;0.5;0.7;1.0;1.0;0.19999999999999998;0.29999999999999993
2507;Charlie;0.5;0.7;1.0;1.0;0.19999999999999998;0.29999999999999993
2508;Charlie;0.5;0.7;1.0;1.0;0.19999999999999998;0.29999999999999993
2509;Charlie;0.5;0.7;1.0;1.0;0.19999999999999998;0.29999999999999993
2510;Charlie;0.5;0.7;1.0;1.0;0.19999999999999998;0.29999999999999993
2511;Charlie;0.5;0.7;1.0;1.0;0.19999999999999998;0.29999999999999993
2512;Charlie;0.5;0.7;1.0;1.0;0.19999999999999998;0.29999999999999993
2513;Charlie;0.5;0.7;1.0;1.0;0.19999999999999998;0.29999999999999993
2514;Charlie;0.5;0.7;1.0;1.0;0.19999999999999998;0.29999999999999993
2515;Charlie;0.5;0.7;1.0;1.0;0.19999999999999998;0.29999999999999993
2516;Charlie;0.5;0.7;1.0;1.0;0.19999999999999998;0.29999999999999993
2517;Charlie;0.5;0.7;1.0;1.0;0.19999999999999998;0.29999999999999993
2518;Charlie;0.5;0.7;1.0;1.0;0.19999999999999998;0.29999999999999993
2519;Charlie;0.5;0.7;1.0;1.0;0.19999999999999998;0.29999999999999993
2520;Charlie;0.5;0.7;1.0;1.0;0.19999999999999998;0.29999999999999993
2521;Charlie;0.5;0.7;1.0;1.0;0.19999999999999998;0.29999999999999993
2522;Charlie;0.5;0.7;1.0;1.0;0.19999999999999998;0.29999999999999993
2523;Charlie;0.5;0.7;1.0;1.0;0.19999999999999998;0.29999999999999993
2524;Charlie;0.5;0.7;1.0;1.0;0.19999999999999998;0.29999999999999993
2525;Charlie;0.5;0.7;1.0;1.0;0.19999999999999998;0.29999999999999993
2526;Charlie;0.5;0.7;1.0;1.0;0.19999999999999998;0.29999999999999993
2527;Charlie;0.5;0.7;1.0;1.0;0.19999999999999998;0.29999999999999993
2528;Charlie;0.5;0.7;1.0;1.0;0.19999999999999998;0.29999999999999993
2529;Charlie;0.5;0.7;1.0;1.0;0.19999999999999998;0.29999999999999993
2530;Charlie;0.5;0.7;1.0;1.0;0.19999999999999998;0.29999999999999993
2531;Charlie;0.5;0.7;1.0;1.0;0.19999999999999998;0.29999999999999993
2532;Charlie;0.5;0.7;1.0;1.0;0.19999999999999998;0.29999999999999993
2533;Charlie;0.5;0.7;1.0;1.0;0.19999999999999998;0.29999999999999993
2534;Charlie;0.5;0.7;1.0;1.0;0.19999999999999998;0.29999999999999993
2535;Charlie;0.5;0.7;1.0;1.0;0.19999999999999998;0.29999999999999993
2536;Charlie;0.5;0.7;1.0;1.0;0.19999999999999998;0.29999999999999993
2537;Charlie;0.5;0.7;1.0;1.0;0.19999999999999998;0.29999999999999993
2538;Charlie;0.5;0.7;1.0;1.0;0.19999999999999998;0.29999999999999993
2539;Charlie;0.5;0.7;1.0;1.0;0.19999999999999998;0.29999999999999993
2540;Charlie;0.5;0.7;1.0;1.0;0.19999999999999998;0.29999999999999993
2541;Charlie;0.5;0.7;1.0;1.0;0.19999999999999998;0.29999999999999993
2542;Charlie;0.5;0.7;1.0;1.0;0.19999999999999998;0.29999999999999993
2543;Charlie;0.5;0.7;1.0;1.0;0.19999999999999998;0.29999999999999993
2544;Charlie;0.5;0.7;1.0;1.0;0.19999999999999998;0.29999999999999993
2545;Charlie;0.5;0.7;1.0;1.0;0.19999999999999998;0.29999999999999993
2546;Charlie;0.5;0.7;1.0;1.0;0.19999999999999998;0.29999999999999993
2547;Charlie;0.5;0.7;1.0;1.0;0.19999999999999998;0.29999999999999993
2548;Charlie;0.5;0.7;1.0;1.0;0.19999999999999998;0.29999999999999993
2549;Charlie;0.5;0.7;1.0;1.0;0.19999999999999998;0.29999999999999993
2550;Charlie;0.5;0.7;1.0;1.0;0.19999999999999998;0.29999999999999993
2551;Charlie;0.5;0.7;1.0;1.0;0.19999999999999998;0.29999999999999993
2552;Charlie;0.5;0.7;1.0;1.0;0.19999999999999998;0.29999999999999993
2653;Charlie;0.5;0.7999999999999999;1.0;1.0;0.19999999999999998;0.29999999999999993
2662;Charlie;0.5;0.7999999999999999;1.0;1.0;0.19999999999999998;0.29999999999999993
2671;Charlie;0.5;0.7999999999999999;1.0;1.0;0.19999999999999998;0.29999999999999993
2680;Charlie;0.5;0.7999999999999999;1.0;1.0;0.19999999999999998;0.29999999999999993
2689;Charlie;0.5;0.7999999999999999;1.0;1.0;0.19999999999999998;0.29999999999999993
2698;Charlie;0.5;0.7999999999999999;1.0;1.0;0.19999999999999998;0.29999999999999993
2699;Charlie;0.5;0.7999999999999999;1.0;1.0;0.19999999999999998;0.29999999999999993
2700;Charlie;0.5;0.7999999999999999;1.0;1.0;0.19999999999999998;0.29999999999999993
2701;Charlie;0.5;0.7999999999999999;1.0;1.0;0.19999999999999998;0.29999999999999993
2702;Charlie;0.5;0.7999999999999999;1.0;1.0;0.19999999999999998;0.29999999999999993
2703;Charlie;0.5;0.7999999999999999;1.0;1.0;0.19999999999999998;0.29999999999999993
2704;Charlie;0.5;0.7999999999999999;1.0;1.0;0.19999999999999998;0.29999999999999993
2705;Charlie;0.5;0.7999999999999999;1.0;1.0;0.19999999999999998;0.29999999999999993
2706;Charlie;0.5;0.7999999999999999;1.0;1.0;0.19999999999999998;0.29999999999999993
2707;Charlie;0.5;0.7999999999999999;1.0;1.0;0.19999999999999998;0.29999999999999993
2708;Charlie;0.5;0.7999999999999999;1.0;1.0;0.19999999999999998;0.29999999999999993
2709;Charlie;0.5;0.7999999999999999;1.0;1.0;0.19999999999999998;0.29999999999999993
2710;Charlie;0.5;0.7999999999999999;1.0;1.0;0.19999999999999998;0.29999999999999993
2711;Charlie;0.5;0.7999999999999999;1.0;1.0;0.19999999999999998;0.29999999999999993
2712;Charlie;0.5;0.7999999999999999;1.0;1.0;0.19999999999999998;0.29999999999999993
2713;Charlie;0.5;0.7999999999999999;1.0;1.0;0.19999999999999998;0.29999999999999993
2714;Charlie;0.5;0.7999999999999999;1.0;1.0;0.19999999999999998;0.29999999999999993
2715;Charlie;0.5;0.7999999999999999;1.0;1.0;0.19999999999999998;0.29999999999999993
2716;Charlie;0.5;0.7999999999999999;1.0;1.0;0.19999999999999998;0.29999999999999993
2717;Charlie;0.5;0.7999999999999999;1.0;1.0;0.19999999999999998;0.29999999999999993
2718;Charlie;0.5;0.7999999999999999;1.0;1.0;0.19999999999999998;0.29999999999999993
2719;Charlie;0.5;0.7999999999999999;1.0;1.0;0.19999999999999998;0.29999999999999993
2720;Charlie;0.5;0.7999999999999999;1.0;1.0;0.19999999999999998;0.29999999999999993
2721;Charlie;0.5;0.7999999999999999;1.0;1.0;0.19999999999999998;0.29999999999999993
2722;Charlie;0.5;0.7999999999999999;1.0;1.0;0.19999999999999998;0.29999999999999993
2723;Charlie;0.5;0.7999999999999999;1.0;1.0;0.19999999999999998;0.29999999999999993
2724;Charlie;0.5;0.7999999999999999;1.0;1.0;0.19999999999999998;0.29999999999999993
2725;Charlie;0.5;0.7999999999999999;1.0;1.0;0.19999999999999998;0.29999999999999993
2726;Charlie;0.5;0.7999999999999999;1.0;1.0;0.19999999999999998;0.29999999999999993
2727;Charlie;0.5;0.7999999999999999;1.0;1.0;0.19999999999999998;0.29999999999999993
2728;Charlie;0.5;0.7999999999999999;1.0;1.0;0.19999999999999998;0.29999999999999993
2729;Charlie;0.5;0.7999999999999999;1.0;1.0;0.19999999999999998;0.29999999999999993
2730;Charlie;0.5;0.7999999999999999;1.0;1.0;0.19999999999999998;0.29999999999999993
2731;Charlie;0.5;0.7999999999999999;1.0;1.0;0.19999999999999998;0.29999999999999993
2732;Charlie;0.5;0.7999999999999999;1.0;1.0;0.19999999999999998;0.29999999999999993
2733;Charlie;0.5;0.7999999999999999;1.0;1.0;0.19999999999999998;0.29999999999999993
2734;Charlie;0.5;0.7999999999999999;1.0;1.0;0.19999999999999998;0.29999999999999993
2760;Charlie;0.5;0.7999999999999999;1.0;1.0;0.19999999999999998;0.7
2769;Charlie;0.5;0.7999999999999999;1.0;1.0;0.19999999999999998;0.7
2770;Charlie;0.5;0.7999999999999999;1.0;1.0;0.19999999999999998;0.7
2771;Charlie;0.5;0.7999999999999999;1.0;1.0;0.19999999999999998;0.7
2772;Charlie;0.5;0.7999999999999999;1.0;1.0;0.19999999999999998;0.7
2773;Charlie;0.5;0.7999999999999999;1.0;1.0;0.19999999999999998;0.7
2774;Charlie;0.5;0.7999999999999999;1.0;1.0;0.19999999999999998;0.7
2775;Charlie;0.5;0.7999999999999999;1.0;1.0;0.19999999999999998;0.7
2776;Charlie;0.5;0.7999999999999999;1.0;1.0;0.19999999999999998;0.7
2777;Charlie;0.5;0.7999999999999999;1.0;1.0;0.19999999999999998;0.7
2778;Charlie;0.5;0.7999999999999999;1.0;1.0;0.19999999999999998;0.7
2779;Charlie;0.5;0.7999999999999999;1.0;1.0;0.19999999999999998;0.7
2780;Charlie;0.5;0.7999999999999999;1.0;1.0;0.19999999999999998;0.7
2781;Charlie;0.5;0.7999999999999999;1.0;1.0;0.19999999999999998;0.7
2782;Charlie;0.5;0.7999999999999999;1.0;1.0;0.19999999999999998;0.7
2783;Charlie;0.5;0.7999999999999999;1.0;1.0;0.19999999999999998;0.7
2784;Charlie;0.5;0.7999999999999999;1.0;1.0;0.19999999999999998;0.7
2785;Charlie;0.5;0.7999999999999999;1.0;1.0;0.19999999999999998;0.7
2786;Charlie;0.5;0.7999999999999999;1.0;1.0;0.19999999999999998;0.7
2787;Charlie;0.5;0.7999999999999999;1.0;1.0;0.19999999999999998;0.7
2788;Charlie;0.5;0.7999999999999999;1.0;1.0;0.19999999999999998;0.7
2789;Charlie;0.5;0.7999999999999999;1.0;1.0;0.19999999999999998;0.7
2790;Charlie;0.5;0.7999999999999999;1.0;1.0;0.19999999999999998;0.7
2791;Charlie;0.5;0.7999999999999999;1.0;1.0;0.19999999999999998;0.7
2792;Charlie;0.5;0.7999999999999999;1.0;1.0;0.19999999999999998;0.7
2793;Charlie;0.5;0.7999999999999999;1.0;1.0;0.19999999999999998;0.7
2794;Charlie;0.5;0.7999999999999999;1.0;1.0;0.19999999999999998;0.7
2795;Charlie;0.5;0.7999999999999999;1.0;1.0;0.19999999999999998;0.7
2796;Charlie;0.5;0.7999999999999999;1.0;1.0;0.19999999999999998;0.7
2797;Charlie;0.5;0.7999999999999999;1.0;1.0;0.19999999999999998;0.7
2798;Charlie;0.5;0.7999999999999999;1.0;1.0;0.19999999999999998;0.7
2799;Charlie;0.5;0.7999999999999999;1.0;1.0;0.19999999999999998;0.7
2800;Charlie;0.5;0.7999999999999999;1.0;1.0;0.19999999999999998;0.7
2801;Charlie;0.5;0.7999999999999999;1.0;1.0;0.19999999999999998;0.7
2802;Charlie;0.5;0.7999999999999999;1.0;1.0;0.19999999999999998;0.7
2803;Charlie;0.5;0.7999999999999999;1.0;1.0;0.19999999999999998;0.7
2804;Charlie;0.5;0.7999999999999999;1.0;1.0;0.19999999999999998;0.7
2805;Charlie;0.5;0.7999999999999999;1.0;1.0;0.19999999999999998;0.7
2806;Charlie;0.5;0.7999999999999999;1.0;1.0;0.19999999999999998;0.7
2807;Charlie;0.5;0.7999999999999999;1.0;1.0;0.19999999999999998;0.7
2808;Charlie;0.5;0.7999999999999999;1.0;1.0;0.19999999999999998;0.7
2809;Charlie;0.5;0.7999999999999999;1.0;1.0;0.19999999999999998;0.7
2810;Charlie;0.5;0.7999999999999999;1.0;1.0;0.19999999999999998;0.7
2811;Charlie;0.5;0.7999999999999999;1.0;1.0;0.19999999999999998;0.7
2812;Charlie;0.5;0.7999999999999999;1.0;1.0;0.19999999999999998;0.7
2813;Charlie;0.5;0.7999999999999999;1.0;1.0;0.19999999999999998;0.7
2814;Charlie;0.5;0.7999999999999999;1.0;1.0;0.19999999999999998;0.7
2815;Charlie;0.5;0.7999999999999999;1.0;1.0;0.19999999999999998;0.7
2816;Charlie;0.5;0.7999999999999999;1.0;1.0;0.19999999999999998;0.7
2817;Charlie;0.5;0.7999999999999999;1.0;1.0;0.19999999999999998;0.7
2818;Charlie;0.5;0.7999999999999999;1.0;1.0;0.19999999999999998;0.7
2819;Charlie;0.5;0.7999999999999999;1.0;1.0;0.19999999999999998;0.7
2820;Charlie;0.5;0.7999999999999999;1.0;1.0;0.19999999999999998;0.7
2821;Charlie;0.5;0.7999999999999999;1.0;1.0;0.19999999999999998;0.7
2822;Charlie;0.5;0.7999999999999999;1.0;1.0;0.19999999999999998;0.7
2823;Charlie;0.5;0.7999999999999999;1.0;1.0;0.19999999999999998;0.7
2824;Charlie;0.5;0.7999999999999999;1.0;1.0;0.19999999999999998;0.7
2825;Charlie;0.5;0.7999999999999999;1.0;1.0;0.19999999999999998;0.7
2826;Charlie;0.5;0.7999999999999999;1.0;1.0;0.19999999999999998;0.7
2827;Charlie;0.5;0.7999999999999999;1.0;1.0;0.19999999999999998;0.7
2828;Charlie;0.5;0.7999999999999999;1.0;1.0;0.19999999999999998;0.7
2829;Charlie;0.5;0.7999999999999999;1.0;1.0;0.19999999999999998;0.7
2830;Charlie;0.5;0.7999999999999999;1.0;1.0;0.19999999999999998;0.7
2831;Charlie;0.5;0.7999999999999999;1.0;1.0;0.19999999999999998;0.7
2832;Charlie;0.5;0.7999999999999999;1.0;1.0;0.19999999999999998;0.7
2833;Charlie;0.5;0.7999999999999999;1.0;1.0;0.19999999999999998;0.7
2834;Charlie;0.5;0.7999999999999999;1.0;1.0;0.19999999999999998;0.7
2835;Charlie;0.5;0.7999999999999999;1.0;1.0;0.19999999999999998;0.7
2836;Charlie;0.5;0.7999999999999999;1.0;1.0;0.19999999999999998;0.7
2837;Charlie;0.5;0.7999999999999999;1.0;1.0;0.19999999999999998;0.7
2838;Charlie;0.5;0.7999999999999999;1.0;1.0;0.19999999999999998;0.7
2839;Charlie;0.5;0.7999999999999999;1.0;1.0;0.19999999999999998;0.7
2840;Charlie;0.5;0.7999999999999999;1.0;1.0;0.19999999999999998;0.7
2841;Charlie;0.5;0.7999999999999999;1.0;1.0;0.19999999999999998;0.7
2842;Charlie;0.5;0.7999999999999999;1.0;1.0;0.19999999999999998;0.7
2843;Charlie;0.5;0.7999999999999999;1.0;1.0;0.19999999999999998;0.7
2844;Charlie;0.5;0.7999999999999999;1.0;1.0;0.19999999999999998;0.7
2845;Charlie;0.5;0.7999999999999999;1.0;1.0;0.19999999999999998;0.7
2846;Charlie;0.5;0.7999999999999999;1.0;1.0;0.19999999999999998;0.7
2847;Charlie;0.5;0.7999999999999999;1.0;1.0;0.19999999999999998;0.7
2848;Charlie;0.5;0.7999999999999999;1.0;1.0;0.19999999999999998;0.7
2849;Charlie;0.5;0.7999999999999999;1.0;1.0;0.19999999999999998;0.7
2850;Charlie;0.5;0.7999999999999999;1.0;1.0;0.19999999999999998;0.7
2851;Charlie;0.5;0.7999999999999999;1.0;1.0;0.19999999999999998;0.7
2852;Charlie;0.5;0.7999999999999999;1.0;1.0;0.19999999999999998;0.7
2853;Charlie;0.5;0.7999999999999999;1.0;1.0;0.19999999999999998;0.7
2854;Charlie;0.5;0.7999999999999999;1.0;1.0;0.19999999999999998;0.7
2855;Charlie;0.5;0.7999999999999999;1.0;1.0;0.19999999999999998;0.7
2856;Charlie;0.5;0.7999999999999999;1.0;1.0;0.19999999999999998;0.7
2857;Charlie;0.5;0.7999999999999999;1.0;1.0;0.19999999999999998;0.7
2858;Charlie;0.5;0.7999999999999999;1.0;1.0;0.19999999999999998;0.7
2859;Charlie;0.5;0.7999999999999999;1.0;1.0;0.19999999999999998;0.7
2860;Charlie;0.5;0.7999999999999999;1.0;1.0;0.19999999999999998;0.7
2861;Charlie;0.5;0.7999999999999999;1.0;1.0;0.19999999999999998;0.7
2862;Charlie;0.5;0.7999999999999999;1.0;1.0;0.19999999999999998;0.7
2863;Charlie;0.5;0.7999999999999999;1.0;1.0;0.19999999999999998;0.7
2864;Charlie;0.5;0.7999999999999999;1.0;1.0;0.19999999999999998;0.7
2865;Charlie;0.5;0.7999999999999999;1.0;1.0;0.19999999999999998;0.7
2866;Charlie;0.5;0.7999999999999999;1.0;1.0;0.19999999999999998;0.7
2867;Charlie;0.5;0.7999999999999999;1.0;1.0;0.19999999999999998;0.7
2868;Charlie;0.5;0.7999999999999999;1.0;1.0;0.19999999999999998;0.7
2869;Charlie;0.5;0.7999999999999999;1.0;1.0;0.19999999999999998;0.7
2870;Charlie;0.5;0.7999999999999999;1.0;1.0;0.19999999999999998;0.7
2871;Charlie;0.5;0.7999999999999999;1.0;1.0;0.19999999999999998;0.7
2872;Charlie;0.5;0.7999999999999999;1.0;1.0;0.19999999999999998;0.7
2873;Charlie;0.5;0.7999999999999999;1.0;1.0;0.19999999999999998;0.7
2874;Charlie;0.5;0.7999999999999999;1.0;1.0;0.19999999999999998;0.7
2875;Charlie;0.5;0.7999999999999999;1.0;1.0;0.19999999999999998;0.7
2876;Charlie;0.5;0.7999999999999999;1.0;1.0;0.19999999999999998;0.7
2877;Charlie;0.5;0.7999999999999999;1.0;1.0;0.19999999999999998;0.7
2878;Charlie;0.5;0.7999999999999999;1.0;1.0;0.19999999999999998;0.7
2879;Charlie;0.5;0.7999999999999999;1.0;1.0;0.19999999999999998;0.7
2880;Charlie;0.5;0.7999999999999999;1.0;1.0;0.19999999999999998;0.7
2881;Charlie;0.5;0.7999999999999999;1.0;1.0;0.19999999999999998;0.7
2882;Charlie;0.5;0.7999999999999999;1.0;1.0;0.19999999999999998;0.7
2883;Charlie;0.5;0.7999999999999999;1.0;1.0;0.19999999999999998;0.7
2884;Charlie;0.5;0.7999999999999999;1.0;1.0;0.19999999999999998;0.7
2885;Charlie;0.5;0.7999999999999999;1.0;1.0;0.19999999999999998;0.7
2886;Charlie;0.5;0.7999999999999999;1.0;1.0;0.19999999999999998;0.7
2887;Charlie;0.5;0.7999999999999999;1.0;1.0;0.19999999999999998;0.7
2888;Charlie;0.5;0.7999999999999999;1.0;1.0;0.19999999999999998;0.7
2889;Charlie;0.5;0.7999999999999999;1.0;1.0;0.19999999999999998;0.7
2890;Charlie;0.5;0.7999999999999999;1.0;1.0;0.19999999999999998;0.7
2891;Charlie;0.5;0.7999999999999999;1.0;1.0;0.19999999999999998;0.7
2892;Charlie;0.5;0.7999999999999999;1.0;1.0;0.19999999999999998;0.7
2893;Charlie;0.5;0.7999999999999999;1.0;1.0;0.19999999999999998;0.7
2894;Charlie;0.5;0.7999999999999999;1.0;1.0;0.19999999999999998;0.7
2895;Charlie;0.5;0.7999999999999999;1.0;1.0;0.19999999999999998;0.7
2896;Charlie;0.5;0.7999999999999999;1.0;1.0;0.19999999999999998;0.7
2897;Charlie;0.5;0.7999999999999999;1.0;1.0;0.19999999999999998;0.7
2898;Charlie;0.5;0.7999999999999999;1.0;1.0;0.19999999999999998;0.7
2899;Charlie;0.5;0.7999999999999999;1.0;1.0;0.19999999999999998;0.7
2900;Charlie;0.5;0.7999999999999999;1.0;1.0;0.19999999999999998;0.7
2901;Charlie;0.5;0.7999999999999999;1.0;1.0;0.19999999999999998;0.7
2902;Charlie;0.5;0.7999999999999999;1.0;1.0;0.19999999999999998;0.7
2903;Charlie;0.5;0.7999999999999999;1.0;1.0;0.19999999999999998;0.7
2904;Charlie;0.5;0.7999999999999999;1.0;1.0;0.19999999999999998;0.7
2905;Charlie;0.5;0.7999999999999999;1.0;1.0;0.19999999999999998;0.7
2906;Charlie;0.5;0.7999999999999999;1.0;1.0;0.19999999999999998;0.7
2907;Charlie;0.5;0.7999999999999999;1.0;1.0;0.19999999999999998;0.7
2908;Charlie;0.5;0.7999999999999999;1.0;1.0;0.19999999999999998;0.7
2909;Charlie;0.5;0.7999999999999999;1.0;1.0;0.19999999999999998;0.7
2910;Charlie;0.5;0.7999999999999999;1.0;1.0;0.19999999999999998;0.7
2911;Charlie;0.5;0.7999999999999999;1.0;1.0;0.19999999999999998;0.7
2912;Charlie;0.5;0.7999999999999999;1.0;1.0;0.19999999999999998;0.7
2913;Charlie;0.5;0.7999999999999999;1.0;1.0;0.19999999999999998;0.7
2914;Charlie;0.5;0.7999999999999999;1.0;1.0;0.19999999999999998;0.7
2915;Charlie;0.5;0.7999999999999999;1.0;1.0;0.19999999999999998;0.7
2916;Charlie;0.5;0.7999999999999999;1.0;1.0;0.19999999999999998;0.7
2917;Charlie;0.5;0.7999999999999999;1.0;1.0;0.19999999999999998;0.7
2918;Charlie;0.5;0.7999999999999999;1.0;1.0;0.19999999999999998;0.7
2919;Charlie;0.5;0.7999999999999999;1.0;1.0;0.19999999999999998;0.7
2920;Charlie;0.5;0.7999999999999999;1.0;1.0;0.19999999999999998;0.7
2921;Charlie;0.5;0.7999999999999999;1.0;1.0;0.19999999999999998;0.7
2922;Charlie;0.5;0.7999999999999999;1.0;1.0;0.19999999999999998;0.7
2923;Charlie;0.5;0.7999999999999999;1.0;1.0;0.19999999999999998;0.7
2924;Charlie;0.5;0.7999999999999999;1.0;1.0;0.19999999999999998;0.7
2925;Charlie;0.5;0.7999999999999999;1.0;1.0;0.19999999999999998;0.7
2926;Charlie;0.5;0.7999999999999999;1.0;1.0;0.19999999999999998;0.7
2927;Charlie;0.5;0.7999999999999999;1.0;1.0;0.19999999999999998;0.7
2928;Charlie;0.5;0.7999999999999999;1.0;1.0;0.19999999999999998;0.7
2929;Charlie;0.5;0.7999999999999999;1.0;1.0;0.19999999999999998;0.7
2930;Charlie;0.5;0.7999999999999999;1.0;1.0;0.19999999999999998;0.7
2931;Charlie;0.5;0.7999999999999999;1.0;1.0;0.19999999999999998;0.7
2932;Charlie;0.5;0.7999999999999999;1.0;1.0;0.19999999999999998;0.7
2933;Charlie;0.5;0.7999999999999999;1.0;1.0;0.19999999999999998;0.7
2934;Charlie;0.5;0.7999999999999999;1.0;1.0;0.19999999999999998;0.7
2935;Charlie;0.5;0.7999999999999999;1.0;1.0;0.19999999999999998;0.7
2936;Charlie;0.5;0.7999999999999999;1.0;1.0;0.19999999999999998;0.7
2937;Charlie;0.5;0.7999999999999999;1.0;1.0;0.19999999999999998;0.7
2938;Charlie;0.5;0.7999999999999999;1.0;1.0;0.19999999999999998;0.7
2939;Charlie;0.5;0.7999999999999999;1.0;1.0;0.19999999999999998;0.7
2940;Charlie;0.5;0.7999999999999999;1.0;1.0;0.19999999999999998;0.7
2941;Charlie;0.5;0.7999999999999999;1.0;1.0;0.19999999999999998;0.7
2942;Charlie;0.5;0.7999999999999999;1.0;1.0;0.19999999999999998;0.7
2943;Charlie;0.5;0.7999999999999999;1.0;1.0;0.19999999999999998;0.7
2944;Charlie;0.5;0.7999999999999999;1.0;1.0;0.19999999999999998;0.7
2945;Charlie;0.5;0.7999999999999999;1.0;1.0;0.19999999999999998;0.7
2946;Charlie;0.5;0.7999999999999999;1.0;1.0;0.19999999999999998;0.7
2947;Charlie;0.5;0.7999999999999999;1.0;1.0;0.19999999999999998;0.7
2948;Charlie;0.5;0.7999999999999999;1.0;1.0;0.19999999999999998;0.7
2949;Charlie;0.5;0.7999999999999999;1.0;1.0;0.19999999999999998;0.7
2950;Charlie;0.5;0.7999999999999999;1.0;1.0;0.19999999999999998;0.7
2951;Charlie;0.5;0.7999999999999999;1.0;1.0;0.19999999999999998;0.7
2952;Charlie;0.5;0.7999999999999999;1.0;1.0;0.19999999999999998;0.7
2953;Charlie;0.5;0.7999999999999999;1.0;1.0;0.19999999999999998;0.7
2954;Charlie;0.5;0.7999999999999999;1.0;1.0;0.19999999999999998;0.7
2955;Charlie;0.5;0.7999999999999999;1.0;1.0;0.19999999999999998;0.7
2956;Charlie;0.5;0.7999999999999999;1.0;1.0;0.19999999999999998;0.7
2957;Charlie;0.5;0.7999999999999999;1.0;1.0;0.19999999999999998;0.7
2958;Charlie;0.5;0.7999999999999999;1.0;1.0;0.19999999999999998;0.7
2959;Charlie;0.5;0.7999999999999999;1.0;1.0;0.19999999999999998;0.7
2960;Charlie;0.5;0.7999999999999999;1.0;1.0;0.19999999999999998;0.7
2961;Charlie;0.5;0.7999999999999999;1.0;1.0;0.19999999999999998;0.7
2962;Charlie;0.5;0.7999999999999999;1.0;1.0;0.19999999999999998;0.7
2963;Charlie;0.5;0.7999999999999999;1.0;1.0;0.19999999999999998;0.7
2964;Charlie;0.5;0.7999999999999999;1.0;1.0;0.19999999999999998;0.7
2965;Charlie;0.5;0.7999999999999999;1.0;1.0;0.19999999999999998;0.7
2966;Charlie;0.5;0.7999999999999999;1.0;1.0;0.19999999999999998;0.7
2967;Charlie;0.5;0.7999999999999999;1.0;1.0;0.19999999999999998;0.7
2968;Charlie;0.5;0.7999999999999999;1.0;1.0;0.19999999999999998;0.7
2969;Charlie;0.5;0.7999999999999999;1.0;1.0;0.19999999999999998;0.7
2970;Charlie;0.5;0.7999999999999999;1.0;1.0;0.19999999999999998;0.7
2971;Charlie;0.5;0.7999999999999999;1.0;1.0;0.19999999999999998;0.7
2972;Charlie;0.5;0.7999999999999999;1.0;1.0;0.19999999999999998;0.7
2973;Charlie;0.5;0.7999999999999999;1.0;1.0;0.19999999999999998;0.7
2974;Charlie;0.5;0.7999999999999999;1.0;1.0;0.19999999999999998;0.7
2975;Charlie;0.5;0.7999999999999999;1.0;1.0;0.19999999999999998;0.7
2976;Charlie;0.5;0.7999999999999999;1.0;1.0;0.19999999999999998;0.7
2977;Charlie;0.5;0.7999999999999999;1.0;1.0;0.19999999999999998;0.7
2978;Charlie;0.5;0.7999999999999999;1.0;1.0;0.19999999999999998;0.7
2979;Charlie;0.5;0.7999999999999999;1.0;1.0;0.19999999999999998;0.7
2980;Charlie;0.5;0.7999999999999999;1.0;1.0;0.19999999999999998;0.7
2981;Charlie;0.5;0.7999999999999999;1.0;1.0;0.19999999999999998;0.7
2982;Charlie;0.5;0.7999999999999999;1.0;1.0;0.19999999999999998;0.7
2983;Charlie;0.5;0.7999999999999999;1.0;1.0;0.19999999999999998;0.7
2984;Charlie;0.5;0.7999999999999999;1.0;1.0;0.19999999999999998;0.7
2985;Charlie;0.5;0.7999999999999999;1.0;1.0;0.19999999999999998;0.7
2986;Charlie;0.5;0.7999999999999999;1.0;1.0;0.19999999999999998;0.7
2987;Charlie;0.5;0.7999999999999999;1.0;1.0;0.19999999999999998;0.7
2988;Charlie;0.5;0.7999999999999999;1.0;1.0;0.19999999999999998;0.7
2989;Charlie;0.5;0.7999999999999999;1.0;1.0;0.19999999999999998;0.7
2990;Charlie;0.5;0.7999999999999999;1.0;1.0;0.19999999999999998;0.7
2991;Charlie;0.5;0.7999999999999999;1.0;1.0;0.19999999999999998;0.7
2992;Charlie;0.5;0.7999999999999999;1.0;1.0;0.19999999999999998;0.7
2993;Charlie;0.5;0.7999999999999999;1.0;1.0;0.19999999999999998;0.7
2994;Charlie;0.5;0.7999999999999999;1.0;1.0;0.19999999999999998;0.7
2995;Charlie;0.5;0.7999999999999999;1.0;1.0;0.19999999999999998;0.7
2996;Charlie;0.5;0.7999999999999999;1.0;1.0;0.19999999999999998;0.7
2997;Charlie;0.5;0.7999999999999999;1.0;1.0;0.19999999999999998;0.7
2998;Charlie;0.5;0.7999999999999999;1.0;1.0;0.19999999999999998;0.7
2999;Charlie;0.5;0.7999999999999999;1.0;1.0;0.19999999999999998;0.7
3000;Charlie;0.5;0.7999999999999999;1.0;1.0;0.19999999999999998;0.7
3001;Charlie;0.5;0.7999999999999999;1.0;1.0;0.19999999999999998;0.7
3002;Charlie;0.5;0.7999999999999999;1.0;1.0;0.19999999999999998;0.7
3003;Charlie;0.5;0.7999999999999999;1.0;1.0;0.19999999999999998;0.7
3004;Charlie;0.5;0.7999999999999999;1.0;1.0;0.19999999999999998;0.7
3005;Charlie;0.5;0.7999999999999999;1.0;1.0;0.19999999999999998;0.7
3006;Charlie;0.5;0.7999999999999999;1.0;1.0;0.19999999999999998;0.7
3007;Charlie;0.5;0.7999999999999999;1.0;1.0;0.19999999999999998;0.7
3008;Charlie;0.5;0.7999999999999999;1.0;1.0;0.19999999999999998;0.7
3009;Charlie;0.5;0.7999999999999999;1.0;1.0;0.19999999999999998;0.7
3010;Charlie;0.5;0.7999999999999999;1.0;1.0;0.19999999999999998;0.7
3011;Charlie;0.5;0.7999999999999999;1.0;1.0;0.19999999999999998;0.7
3012;Charlie;0.5;0.7999999999999999;1.0;1.0;0.19999999999999998;0.7
3013;Charlie;0.5;0.7999999999999999;1.0;1.0;0.19999999999999998;0.7
3014;Charlie;0.5;0.7999999999999999;1.0;1.0;0.19999999999999998;0.7
3015;Charlie;0.5;0.7999999999999999;1.0;1.0;0.19999999999999998;0.7
3016;Charlie;0.5;0.7999999999999999;1.0;1.0;0.19999999999999998;0.7
3017;Charlie;0.5;0.7999999999999999;1.0;1.0;0.19999999999999998;0.7
3018;Charlie;0.5;0.7999999999999999;1.0;1.0;0.19999999999999998;0.7
3019;Charlie;0.5;0.7999999999999999;1.0;1.0;0.19999999999999998;0.7
3020;Charlie;0.5;0.7999999999999999;1.0;1.0;0.19999999999999998;0.7
3021;Charlie;0.5;0.7999999999999999;1.0;1.0;0.19999999999999998;0.7
3022;Charlie;0.5;0.7999999999999999;1.0;1.0;0.19999999999999998;0.7
3023;Charlie;0.5;0.7999999999999999;1.0;1.0;0.19999999999999998;0.7
3024;Charlie;0.5;0.7999999999999999;1.0;1.0;0.19999999999999998;0.7
3025;Charlie;0.5;0.7999999999999999;1.0;1.0;0.19999999999999998;0.7
3026;Charlie;0.5;0.7999999999999999;1.0;1.0;0.19999999999999998;0.7
3027;Charlie;0.5;0.7999999999999999;1.0;1.0;0.19999999999999998;0.7
3028;Charlie;0.5;0.7999999999999999;1.0;1.0;0.19999999999999998;0.7
3029;Charlie;0.5;0.7999999999999999;1.0;1.0;0.19999999999999998;0.7
3030;Charlie;0.5;0.7999999999999999;1.0;1.0;0.19999999999999998;0.7
3031;Charlie;0.5;0.7999999999999999;1.0;1.0;0.19999999999999998;0.7
3032;Charlie;0.5;0.7999999999999999;1.0;1.0;0.19999999999999998;0.7
3033;Charlie;0.5;0.7999999999999999;1.0;1.0;0.19999999999999998;0.7
3034;Charlie;0.5;0.7999999999999999;1.0;1.0;0.19999999999999998;0.7
3035;Charlie;0.5;0.7999999999999999;1.0;1.0;0.19999999999999998;0.7
3036;Charlie;0.5;0.7999999999999999;1.0;1.0;0.19999999999999998;0.7
3037;Charlie;0.5;0.7999999999999999;1.0;1.0;0.19999999999999998;0.7
3038;Charlie;0.5;0.7999999999999999;1.0;1.0;0.19999999999999998;0.7
3039;Charlie;0.5;0.7999999999999999;1.0;1.0;0.19999999999999998;0.7
3040;Charlie;0.5;0.7999999999999999;1.0;1.0;0.19999999999999998;0.7
3041;Charlie;0.5;0.7999999999999999;1.0;1.0;0.19999999999999998;0.7
3042;Charlie;0.5;0.7999999999999999;1.0;1.0;0.19999999999999998;0.7
3043;Charlie;0.5;0.7999999999999999;1.0;1.0;0.19999999999999998;0.7
3044;Charlie;0.5;0.7999999999999999;1.0;1.0;0.19999999999999998;0.7
3045;Charlie;0.5;0.7999999999999999;1.0;1.0;0.19999999999999998;0.7
3046;Charlie;0.5;0.7999999999999999;1.0;1.0;0.19999999999999998;0.7
3047;Charlie;0.5;0.7999999999999999;1.0;1.0;0.19999999999999998;0.7
3048;Charlie;0.5;0.7999999999999999;1.0;1.0;0.19999999999999998;0.7
3049;Charlie;0.5;0.7999999999999999;1.0;1.0;0.19999999999999998;0.7
3050;Charlie;0.5;0.7999999999999999;1.0;1.0;0.19999999999999998;0.7
3051;Charlie;0.5;0.7999999999999999;1.0;1.0;0.19999999999999998;0.7
3052;Charlie;0.5;0.7999999999999999;1.0;1.0;0.19999999999999998;0.7
3053;Charlie;0.5;0.7999999999999999;1.0;1.0;0.19999999999999998;0.7
3054;Charlie;0.5;0.7999999999999999;1.0;1.0;0.19999999999999998;0.7
3055;Charlie;0.5;0.7999999999999999;1.0;1.0;0.19999999999999998;0.7
3056;Charlie;0.5;0.7999999999999999;1.0;1.0;0.19999999999999998;0.7
3057;Charlie;0.5;0.7999999999999999;1.0;1.0;0.19999999999999998;0.7
3058;Charlie;0.5;0.7999999999999999;1.0;1.0;0.19999999999999998;0.7
3059;Charlie;0.5;0.7999999999999999;1.0;1.0;0.19999999999999998;0.7
3060;Charlie;0.5;0.7999999999999999;1.0;1.0;0.19999999999999998;0.7
3061;Charlie;0.5;0.7999999999999999;1.0;1.0;0.19999999999999998;0.7
3062;Charlie;0.5;0.7999999999999999;1.0;1.0;0.19999999999999998;0.7
3063;Charlie;0.5;0.7999999999999999;1.0;1.0;0.19999999999999998;0.7
3064;Charlie;0.5;0.7999999999999999;1.0;1.0;0.19999999999999998;0.7
3065;Charlie;0.5;0.7999999999999999;1.0;1.0;0.19999999999999998;0.7
3066;Charlie;0.5;0.7999999999999999;1.0;1.0;0.19999999999999998;0.7
3067;Charlie;0.5;0.7999999999999999;1.0;1.0;0.19999999999999998;0.7
3068;Charlie;0.5;0.7999999999999999;1.0;1.0;0.19999999999999998;0.7
3069;Charlie;0.5;0.7999999999999999;1.0;1.0;0.19999999999999998;0.7
3070;Charlie;0.5;0.7999999999999999;1.0;1.0;0.19999999999999998;0.7
3071;Charlie;0.5;0.7999999999999999;1.0;1.0;0.19999999999999998;0.7
3072;Charlie;0.5;0.7999999999999999;1.0;1.0;0.19999999999999998;0.7
3073;Charlie;0.5;0.7999999999999999;1.0;1.0;0.19999999999999998;0.7
3074;Charlie;0.5;0.7999999999999999;1.0;1.0;0.19999999999999998;0.7
3075;Charlie;0.5;0.7999999999999999;1.0;1.0;0.19999999999999998;0.7
3076;Charlie;0.5;0.7999999999999999;1.0;1.0;0.19999999999999998;0.7
3077;Charlie;0.5;0.7999999999999999;1.0;1.0;0.19999999999999998;0.7
3078;Charlie;0.5;0.7999999999999999;1.0;1.0;0.19999999999999998;0.7
3079;Charlie;0.5;0.7999999999999999;1.0;1.0;0.19999999999999998;0.7
3080;Charlie;0.5;0.7999999999999999;1.0;1.0;0.19999999999999998;0.7
3081;Charlie;0.5;0.7999999999999999;1.0;1.0;0.19999999999999998;0.7
3090;Charlie;0.5;0.7999999999999999;1.0;1.0;0.19999999999999998;0.7
3099;Charlie;0.5;0.7999999999999999;1.0;1.0;0.19999999999999998;0.7
3108;Charlie;0.5;0.7999999999999999;1.0;1.0;0.19999999999999998;0.7
3117;Charlie;0.5;0.7999999999999999;1.0;1.0;0.19999999999999998;0.7
3126;Charlie;0.5;0.7999999999999999;1.0;1.0;0.19999999999999998;0.7
3140;Charlie;0.5;0.7999999999999999;1.0;1.0;0.19999999999999998;0.7
3154;Charlie;0.5;0.7999999999999999;1.0;1.0;0.19999999999999998;0.7
3168;Charlie;0.5;0.7999999999999999;1.0;1.0;0.19999999999999998;0.7
3182;Charlie;0.5;0.7999999999999999;1.0;1.0;0.19999999999999998;0.7
3196;Charlie;0.5;0.7999999999999999;1.0;1.0;0.19999999999999998;0.7
3205;Charlie;0.5;0.7999999999999999;1.0;1.0;0.19999999999999998;0.7
3219;Charlie;0.5;0.7999999999999999;1.0;1.0;0.19999999999999998;0.7
3228;Charlie;0.5;0.7999999999999999;1.0;1.0;0.19999999999999998;0.7
3237;Charlie;0.5;0.7999999999999999;1.0;1.0;0.19999999999999998;0.7
3246;Charlie;0.5;0.7999999999999999;1.0;1.0;0.19999999999999998;0.7
3255;Charlie;0.5;0.7999999999999999;1.0;1.0;0.19999999999999998;0.7
3264;Charlie;0.5;0.7999999999999999;1.0;1.0;0.19999999999999998;0.7
3278;Charlie;0.5;0.7999999999999999;1.0;1.0;0.19999999999999998;0.7
3292;Charlie;0.5;0.7999999999999999;1.0;1.0;0.19999999999999998;0.7
3306;Charlie;0.5;0.7999999999999999;1.0;1.0;0.19999999999999998;0.7
3320;Charlie;0.5;0.7999999999999999;1.0;1.0;0.19999999999999998;0.7
3334;Charlie;0.5;0.7999999999999999;1.0;1.0;0.19999999999999998;0.7
3335;Charlie;0.5;0.7999999999999999;1.0;1.0;0.19999999999999998;0.7
3336;Charlie;0.5;0.7999999999999999;1.0;1.0;0.19999999999999998;0.7
3337;Charlie;0.5;0.7999999999999999;1.0;1.0;0.19999999999999998;0.7
3338;Charlie;0.5;0.7999999999999999;1.0;1.0;0.19999999999999998;0.7
3339;Charlie;0.5;0.7999999999999999;1.0;1.0;0.19999999999999998;0.7
3340;Charlie;0.5;0.7999999999999999;1.0;1.0;0.19999999999999998;0.7
3341;Charlie;0.5;0.7999999999999999;1.0;1.0;0.19999999999999998;0.7
3342;Charlie;0.5;0.7999999999999999;1.0;1.0;0.19999999999999998;0.7
3343;Charlie;0.5;0.7999999999999999;1.0;1.0;0.19999999999999998;0.7
3344;Charlie;0.5;0.7999999999999999;1.0;1.0;0.19999999999999998;0.7
3345;Charlie;0.5;0.7999999999999999;1.0;1.0;0.19999999999999998;0.7
3346;Charlie;0.5;0.7999999999999999;1.0;1.0;0.19999999999999998;0.7
3347;Charlie;0.5;0.7999999999999999;1.0;1.0;0.19999999999999998;0.7
3348;Charlie;0.5;0.7999999999999999;1.0;1.0;0.19999999999999998;0.7
3349;Charlie;0.5;0.7999999999999999;1.0;1.0;0.19999999999999998;0.7
3350;Charlie;0.5;0.7999999999999999;1.0;1.0;0.19999999999999998;0.7
3351;Charlie;0.5;0.7999999999999999;1.0;1.0;0.19999999999999998;0.7
3352;Charlie;0.5;0.7999999999999999;1.0;1.0;0.19999999999999998;0.7
3353;Charlie;0.5;0.7999999999999999;1.0;1.0;0.19999999999999998;0.7
3354;Charlie;0.5;0.7999999999999999;1.0;1.0;0.19999999999999998;0.7
3355;Charlie;0.5;0.7999999999999999;1.0;1.0;0.19999999999999998;0.7
3356;Charlie;0.5;0.7999999999999999;1.0;1.0;0.19999999999999998;0.7
3357;Charlie;0.5;0.7999999999999999;1.0;1.0;0.19999999999999998;0.7
3358;Charlie;0.5;0.7999999999999999;1.0;1.0;0.19999999999999998;0.7
3359;Charlie;0.5;0.7999999999999999;1.0;1.0;0.19999999999999998;0.7
3360;Charlie;0.5;0.7999999999999999;1.0;1.0;0.19999999999999998;0.7
3361;Charlie;0.5;0.7999999999999999;1.0;1.0;0.19999999999999998;0.7
3362;Charlie;0.5;0.7999999999999999;1.0;1.0;0.19999999999999998;0.7
3363;Charlie;0.5;0.7999999999999999;1.0;1.0;0.19999999999999998;0.7
3364;Charlie;0.5;0.7999999999999999;1.0;1.0;0.19999999999999998;0.7
3365;Charlie;0.5;0.7999999999999999;1.0;1.0;0.19999999999999998;0.7
3366;Charlie;0.5;0.7999999999999999;1.0;1.0;0.19999999999999998;0.7
3367;Charlie;0.5;0.7999999999999999;1.0;1.0;0.19999999999999998;0.7
3368;Charlie;0.5;0.7999999999999999;1.0;1.0;0.19999999999999998;0.7
3369;Charlie;0.5;0.7999999999999999;1.0;1.0;0.19999999999999998;0.7
3370;Charlie;0.5;0.7999999999999999;1.0;1.0;0.19999999999999998;0.7
3371;Charlie;0.5;0.7999999999999999;1.0;1.0;0.19999999999999998;0.7
3372;Charlie;0.5;0.7999999999999999;1.0;1.0;0.19999999999999998;0.7
3373;Charlie;0.5;0.7999999999999999;1.0;1.0;0.19999999999999998;0.7
3374;Charlie;0.5;0.7999999999999999;1.0;1.0;0.19999999999999998;0.7
3375;Charlie;0.5;0.7999999999999999;1.0;1.0;0.19999999999999998;0.7
3376;Charlie;0.5;0.7999999999999999;1.0;1.0;0.19999999999999998;0.7
3377;Charlie;0.5;0.7999999999999999;1.0;1.0;0.19999999999999998;0.7
3378;Charlie;0.5;0.7999999999999999;1.0;1.0;0.19999999999999998;0.7
3379;Charlie;0.5;0.7999999999999999;1.0;1.0;0.19999999999999998;0.7
3380;Charlie;0.5;0.7999999999999999;1.0;1.0;0.19999999999999998;0.7
3381;Charlie;0.5;0.7999999999999999;1.0;1.0;0.19999999999999998;0.7
3382;Charlie;0.5;0.7999999999999999;1.0;1.0;0.19999999999999998;0.7
3383;Charlie;0.5;0.7999999999999999;1.0;1.0;0.19999999999999998;0.7
3384;Charlie;0.5;0.7999999999999999;1.0;1.0;0.19999999999999998;0.7
3385;Charlie;0.5;0.7999999999999999;1.0;1.0;0.19999999999999998;0.7
3386;Charlie;0.5;0.7999999999999999;1.0;1.0;0.19999999999999998;0.7
3387;Charlie;0.5;0.7999999999999999;1.0;1.0;0.19999999999999998;0.7
3388;Charlie;0.5;0.7999999999999999;1.0;1.0;0.19999999999999998;0.7
3389;Charlie;0.5;0.7999999999999999;1.0;1.0;0.19999999999999998;0.7
3390;Charlie;0.5;0.7999999999999999;1.0;1.0;0.19999999999999998;0.7
3391;Charlie;0.5;0.7999999999999999;1.0;1.0;0.19999999999999998;0.7
3392;Charlie;0.5;0.7999999999999999;1.0;1.0;0.19999999999999998;0.7
3393;Charlie;0.5;0.7999999999999999;1.0;1.0;0.19999999999999998;0.7
3394;Charlie;0.5;0.7999999999999999;1.0;1.0;0.19999999999999998;0.7
3395;Charlie;0.5;0.7999999999999999;1.0;1.0;0.19999999999999998;0.7
3396;Charlie;0.5;0.7999999999999999;1.0;1.0;0.19999999999999998;0.7
3397;Charlie;0.5;0.7999999999999999;1.0;1.0;0.19999999999999998;0.7
3398;Charlie;0.5;0.7999999999999999;1.0;1.0;0.19999999999999998;0.7
3399;Charlie;0.5;0.7999999999999999;1.0;1.0;0.19999999999999998;0.7
3400;Charlie;0.5;0.7999999999999999;1.0;1.0;0.19999999999999998;0.7
3401;Charlie;0.5;0.7999999999999999;1.0;1.0;0.19999999999999998;0.7
3402;Charlie;0.5;0.7999999999999999;1.0;1.0;0.19999999999999998;0.7
3403;Charlie;0.5;0.7999999999999999;1.0;1.0;0.19999999999999998;0.7
3404;Charlie;0.5;0.7999999999999999;1.0;1.0;0.19999999999999998;0.7
3405;Charlie;0.5;0.7999999999999999;1.0;1.0;0.19999999999999998;0.7
3406;Charlie;0.5;0.7999999999999999;1.0;1.0;0.19999999999999998;0.7
3407;Charlie;0.5;0.7999999999999999;1.0;1.0;0.19999999999999998;0.7
3408;Charlie;0.5;0.7999999999999999;1.0;1.0;0.19999999999999998;0.7
3409;Charlie;0.5;0.7999999999999999;1.0;1.0;0.19999999999999998;0.7
3410;Charlie;0.5;0.7999999999999999;1.0;1.0;0.19999999999999998;0.7
3411;Charlie;0.5;0.7999999999999999;1.0;1.0;0.19999999999999998;0.7
3412;Charlie;0.5;0.7999999999999999;1.0;1.0;0.19999999999999998;0.7
3413;Charlie;0.5;0.7999999999999999;1.0;1.0;0.19999999999999998;0.7
3414;Charlie;0.5;0.7999999999999999;1.0;1.0;0.19999999999999998;0.7
3415;Charlie;0.5;0.7999999999999999;1.0;1.0;0.19999999999999998;0.7
3416;Charlie;0.5;0.7999999999999999;1.0;1.0;0.19999999999999998;0.7
3417;Charlie;0.5;0.7999999999999999;1.0;1.0;0.19999999999999998;0.7
3418;Charlie;0.5;0.7999999999999999;1.0;1.0;0.19999999999999998;0.7
3419;Charlie;0.5;0.7999999999999999;1.0;1.0;0.19999999999999998;0.7
3420;Charlie;0.5;0.7999999999999999;1.0;1.0;0.19999999999999998;0.7
3421;Charlie;0.5;0.7999999999999999;1.0;1.0;0.19999999999999998;0.7
3422;Charlie;0.5;0.7999999999999999;1.0;1.0;0.19999999999999998;0.7
3423;Charlie;0.5;0.7999999999999999;1.0;1.0;0.19999999999999998;0.7
3424;Charlie;0.5;0.7999999999999999;1.0;1.0;0.19999999999999998;0.7
3425;Charlie;0.5;0.7999999999999999;1.0;1.0;0.19999999999999998;0.7
3426;Charlie;0.5;0.7999999999999999;1.0;1.0;0.19999999999999998;0.7
3427;Charlie;0.5;0.7999999999999999;1.0;1.0;0.19999999999999998;0.7
3428;Charlie;0.5;0.7999999999999999;1.0;1.0;0.19999999999999998;0.7
3429;Charlie;0.5;0.7999999999999999;1.0;1.0;0.19999999999999998;0.7
3430;Charlie;0.5;0.7999999999999999;1.0;1.0;0.19999999999999998;0.7
3431;Charlie;0.5;0.7999999999999999;1.0;1.0;0.19999999999999998;0.7
3432;Charlie;0.5;0.7999999999999999;1.0;1.0;0.19999999999999998;0.7
3433;Charlie;0.5;0.7999999999999999;1.0;1.0;0.19999999999999998;0.7
3434;Charlie;0.5;0.7999999999999999;1.0;1.0;0.19999999999999998;0.7
3435;Charlie;0.5;0.7999999999999999;1.0;1.0;0.19999999999999998;0.7
3436;Charlie;0.5;0.7999999999999999;1.0;1.0;0.19999999999999998;0.7
3437;Charlie;0.5;0.7999999999999999;1.0;1.0;0.19999999999999998;0.7
3438;Charlie;0.5;0.7999999999999999;1.0;1.0;0.19999999999999998;0.7
3439;Charlie;0.5;0.7999999999999999;1.0;1.0;0.19999999999999998;0.7
3440;Charlie;0.5;0.7999999999999999;1.0;1.0;0.19999999999999998;0.7
3441;Charlie;0.5;0.7999999999999999;1.0;1.0;0.19999999999999998;0.7
3442;Charlie;0.5;0.7999999999999999;1.0;1.0;0.19999999999999998;0.7
3443;Charlie;0.5;0.7999999999999999;1.0;1.0;0.19999999999999998;0.7
3444;Charlie;0.5;0.7999999999999999;1.0;1.0;0.19999999999999998;0.7
3445;Charlie;0.5;0.7999999999999999;1.0;1.0;0.19999999999999998;0.7
3446;Charlie;0.5;0.7999999999999999;1.0;1.0;0.19999999999999998;0.7
3447;Charlie;0.5;0.7999999999999999;1.0;1.0;0.19999999999999998;0.7
3448;Charlie;0.5;0.7999999999999999;1.0;1.0;0.19999999999999998;0.7
3449;Charlie;0.5;0.7999999999999999;1.0;1.0;0.19999999999999998;0.7
3450;Charlie;0.5;0.7999999999999999;1.0;1.0;0.19999999999999998;0.7
3451;Charlie;0.5;0.7999999999999999;1.0;1.0;0.19999999999999998;0.7
3452;Charlie;0.5;0.7999999999999999;1.0;1.0;0.19999999999999998;0.7
3453;Charlie;0.5;0.7999999999999999;1.0;1.0;0.19999999999999998;0.7
3454;Charlie;0.5;0.7999999999999999;1.0;1.0;0.19999999999999998;0.7
3455;Charlie;0.5;0.7999999999999999;1.0;1.0;0.19999999999999998;0.7
3456;Charlie;0.5;0.7999999999999999;1.0;1.0;0.19999999999999998;0.7
3457;Charlie;0.5;0.7999999999999999;1.0;1.0;0.19999999999999998;0.7
3458;Charlie;0.5;0.7999999999999999;1.0;1.0;0.19999999999999998;0.7
3459;Charlie;0.5;0.7999999999999999;1.0;1.0;0.19999999999999998;0.7
3460;Charlie;0.5;0.7999999999999999;1.0;1.0;0.19999999999999998;0.7
3461;Charlie;0.5;0.7999999999999999;1.0;1.0;0.19999999999999998;0.7
3462;Charlie;0.5;0.7999999999999999;1.0;1.0;0.19999999999999998;0.7
3463;Charlie;0.5;0.7999999999999999;1.0;1.0;0.19999999999999998;0.7
3464;Charlie;0.5;0.7999999999999999;1.0;1.0;0.19999999999999998;0.7
3465;Charlie;0.5;0.7999999999999999;1.0;1.0;0.19999999999999998;0.7
3466;Charlie;0.5;0.7999999999999999;1.0;1.0;0.19999999999999998;0.7
3467;Charlie;0.5;0.7999999999999999;1.0;1.0;0.19999999999999998;0.7
3468;Charlie;0.5;0.7999999999999999;1.0;1.0;0.19999999999999998;0.7
3469;Charlie;0.5;0.7999999999999999;1.0;1.0;0.19999999999999998;0.7
3470;Charlie;0.5;0.7999999999999999;1.0;1.0;0.19999999999999998;0.7
3471;Charlie;0.5;0.7999999999999999;1.0;1.0;0.19999999999999998;0.7
3472;Charlie;0.5;0.7999999999999999;1.0;1.0;0.19999999999999998;0.7
3473;Charlie;0.5;0.7999999999999999;1.0;1.0;0.19999999999999998;0.7
3474;Charlie;0.5;0.7999999999999999;1.0;1.0;0.19999999999999998;0.7
3475;Charlie;0.5;0.7999999999999999;1.0;1.0;0.19999999999999998;0.7
3476;Charlie;0.5;0.7999999999999999;1.0;1.0;0.19999999999999998;0.7
3477;Charlie;0.5;0.7999999999999999;1.0;1.0;0.19999999999999998;0.7
3478;Charlie;0.5;0.7999999999999999;1.0;1.0;0.19999999999999998;0.7
3479;Charlie;0.5;0.7999999999999999;1.0;1.0;0.19999999999999998;0.7
3480;Charlie;0.5;0.7999999999999999;1.0;1.0;0.19999999999999998;0.7
3481;Charlie;0.5;0.7999999999999999;1.0;1.0;0.19999999999999998;0.7
3482;Charlie;0.5;0.7999999999999999;1.0;1.0;0.19999999999999998;0.7
3483;Charlie;0.5;0.7999999999999999;1.0;1.0;0.19999999999999998;0.7
3484;Charlie;0.5;0.7999999999999999;1.0;1.0;0.19999999999999998;0.7
3485;Charlie;0.5;0.7999999999999999;1.0;1.0;0.19999999999999998;0.7
3486;Charlie;0.5;0.7999999999999999;1.0;1.0;0.19999999999999998;0.7
3487;Charlie;0.5;0.7;1.0;1.0;-0.20000000000000004;0.7
3496;Charlie;0.5;0.7;1.0;1.0;-0.20000000000000004;0.7
3505;Charlie;0.5;0.7;1.0;1.0;-0.20000000000000004;0.7
3514;Charlie;0.5;0.7;1.0;1.0;-0.20000000000000004;0.7
3523;Charlie;0.5;0.7;1.0;1.0;-0.20000000000000004;0.7
3532;Charlie;0.5;0.7;1.0;1.0;-0.20000000000000004;0.7
3533;Charlie;0.5;0.7;1.0;1.0;-0.20000000000000004;0.7
3534;Charlie;0.5;0.7;1.0;1.0;-0.20000000000000004;0.7
3535;Charlie;0.5;0.7;1.0;1.0;-0.20000000000000004;0.7
3536;Charlie;0.5;0.7;1.0;1.0;-0.20000000000000004;0.7
3537;Charlie;0.5;0.7;1.0;1.0;-0.20000000000000004;0.7
3538;Charlie;0.5;0.7;1.0;1.0;-0.20000000000000004;0.7
3539;Charlie;0.5;0.7;1.0;1.0;-0.20000000000000004;0.7
3540;Charlie;0.5;0.7;1.0;1.0;-0.20000000000000004;0.7
3541;Charlie;0.5;0.7;1.0;1.0;-0.20000000000000004;0.7
3542;Charlie;0.5;0.7;1.0;1.0;-0.20000000000000004;0.7
3543;Charlie;0.5;0.7;1.0;1.0;-0.20000000000000004;0.7
3544;Charlie;0.5;0.7;1.0;1.0;-0.20000000000000004;0.7
3545;Charlie;0.5;0.7;1.0;1.0;-0.20000000000000004;0.7
3546;Charlie;0.5;0.7;1.0;1.0;-0.20000000000000004;0.7
3547;Charlie;0.5;0.7;1.0;1.0;-0.20000000000000004;0.7
3548;Charlie;0.5;0.7;1.0;1.0;-0.20000000000000004;0.7
3549;Charlie;0.5;0.7;1.0;1.0;-0.20000000000000004;0.7
3550;Charlie;0.5;0.7;1.0;1.0;-0.20000000000000004;0.7
3551;Charlie;0.5;0.7;1.0;1.0;-0.20000000000000004;0.7
3552;Charlie;0.5;0.7;1.0;1.0;-0.20000000000000004;0.7
3553;Charlie;0.5;0.7;1.0;1.0;-0.20000000000000004;0.7
3554;Charlie;0.5;0.7;1.0;1.0;-0.20000000000000004;0.7
3555;Charlie;0.5;0.7;1.0;1.0;-0.20000000000000004;0.7
3556;Charlie;0.5;0.7;1.0;1.0;-0.20000000000000004;0.7
3557;Charlie;0.5;0.7;1.0;1.0;-0.20000000000000004;0.7
3558;Charlie;0.5;0.7;1.0;1.0;-0.20000000000000004;0.7
3559;Charlie;0.5;0.7;1.0;1.0;-0.20000000000000004;0.7
3560;Charlie;0.5;0.7;1.0;1.0;-0.20000000000000004;0.7
3561;Charlie;0.5;0.7;1.0;1.0;-0.20000000000000004;0.7
3562;Charlie;0.5;0.7;1.0;1.0;-0.20000000000000004;0.7
3563;Charlie;0.5;0.7;1.0;1.0;-0.20000000000000004;0.7
3564;Charlie;0.5;0.7;1.0;1.0;-0.20000000000000004;0.7
3565;Charlie;0.5;0.7;1.0;1.0;-0.20000000000000004;0.7
3566;Charlie;0.5;0.7;1.0;1.0;-0.20000000000000004;0.7
3567;Charlie;0.5;0.7;1.0;1.0;-0.20000000000000004;0.7
3568;Charlie;0.5;0.7;1.0;1.0;-0.20000000000000004;0.7
3569;Charlie;0.5;0.7;1.0;1.0;-0.20000000000000004;0.7
3570;Charlie;0.5;0.7;1.0;1.0;-0.20000000000000004;0.7
3571;Charlie;0.5;0.7;1.0;1.0;-0.20000000000000004;0.7
3572;Charlie;0.5;0.7;1.0;1.0;-0.20000000000000004;0.7
3573;Charlie;0.5;0.7;1.0;1.0;-0.20000000000000004;0.7
3574;Charlie;0.5;0.7;1.0;1.0;-0.20000000000000004;0.7
3575;Charlie;0.5;0.7;1.0;1.0;-0.20000000000000004;0.7
3576;Charlie;0.5;0.7;1.0;1.0;-0.20000000000000004;0.7
3577;Charlie;0.5;0.7;1.0;1.0;-0.20000000000000004;0.7
3578;Charlie;0.5;0.7;1.0;1.0;-0.20000000000000004;0.7
3579;Charlie;0.5;0.7;1.0;1.0;-0.20000000000000004;0.7
3580;Charlie;0.5;0.7;1.0;1.0;-0.20000000000000004;0.7
3581;Charlie;0.5;0.7;1.0;1.0;-0.20000000000000004;0.7
3582;Charlie;0.5;0.7;1.0;1.0;-0.20000000000000004;0.7
3583;Charlie;0.5;0.7;1.0;1.0;-0.20000000000000004;0.7
3584;Charlie;0.5;0.7;1.0;1.0;-0.20000000000000004;0.7
3585;Charlie;0.5;0.7;1.0;1.0;-0.20000000000000004;0.7
3586;Charlie;0.5;0.7;1.0;1.0;-0.20000000000000004;0.7
3587;Charlie;0.5;0.7;1.0;1.0;-0.20000000000000004;0.7
3588;Charlie;0.5;0.7;1.0;1.0;-0.20000000000000004;0.7
3589;Charlie;0.5;0.7;1.0;1.0;-0.20000000000000004;0.7
3590;Charlie;0.5;0.7;1.0;1.0;-0.20000000000000004;0.7
3591;Charlie;0.5;0.7;1.0;1.0;-0.20000000000000004;0.7
3592;Charlie;0.5;0.7;1.0;1.0;-0.20000000000000004;0.7
3593;Charlie;0.5;0.7;1.0;1.0;-0.20000000000000004;0.7
3594;Charlie;0.5;0.7;1.0;1.0;-0.20000000000000004;0.7
3595;Charlie;0.5;0.7;1.0;1.0;-0.20000000000000004;0.7
3596;Charlie;0.5;0.7;1.0;1.0;-0.20000000000000004;0.7
3597;Charlie;0.5;0.7;1.0;1.0;-0.20000000000000004;0.7
3598;Charlie;0.5;0.7;1.0;1.0;-0.20000000000000004;0.7
3599;Charlie;0.5;0.7;1.0;1.0;-0.20000000000000004;0.7
3600;Charlie;0.5;0.7;1.0;1.0;-0.20000000000000004;0.7
3601;Charlie;0.5;0.7;1.0;1.0;-0.20000000000000004;0.7
3602;Charlie;0.5;0.7;1.0;1.0;-0.20000000000000004;0.7
3603;Charlie;0.5;0.7;1.0;1.0;-0.20000000000000004;0.7
3604;Charlie;0.5;0.7;1.0;1.0;-0.20000000000000004;0.7
3605;Charlie;0.5;0.7;1.0;1.0;-0.20000000000000004;0.7
3606;Charlie;0.5;0.7;1.0;1.0;-0.20000000000000004;0.7
3607;Charlie;0.5;0.7;1.0;1.0;-0.20000000000000004;0.7
3608;Charlie;0.5;0.7;1.0;1.0;-0.20000000000000004;0.7
3609;Charlie;0.5;0.7;1.0;1.0;-0.20000000000000004;0.7
3610;Charlie;0.5;0.7;1.0;1.0;-0.20000000000000004;0.7
3611;Charlie;0.5;0.7;1.0;1.0;-0.20000000000000004;0.7
3612;Charlie;0.5;0.7;1.0;1.0;-0.20000000000000004;0.7
3613;Charlie;0.5;0.7;1.0;1.0;-0.20000000000000004;0.7
3614;Charlie;0.5;0.7;1.0;1.0;-0.20000000000000004;0.7
3615;Charlie;0.5;0.7;1.0;1.0;-0.20000000000000004;0.7
3616;Charlie;0.5;0.7;1.0;1.0;-0.20000000000000004;0.7
3617;Charlie;0.5;0.7;1.0;1.0;-0.20000000000000004;0.7
3618;Charlie;0.5;0.7;1.0;1.0;-0.20000000000000004;0.7
3619;Charlie;0.5;0.7;1.0;1.0;-0.20000000000000004;0.7
3620;Charlie;0.5;0.7;1.0;1.0;-0.20000000000000004;0.7
3621;Charlie;0.5;0.7;1.0;1.0;-0.20000000000000004;0.7
3622;Charlie;0.5;0.7;1.0;1.0;-0.20000000000000004;0.7
3623;Charlie;0.5;0.7;1.0;1.0;-0.20000000000000004;0.7
3624;Charlie;0.5;0.7;1.0;1.0;-0.20000000000000004;0.7
3625;Charlie;0.5;0.7;1.0;1.0;-0.20000000000000004;0.7
3626;Charlie;0.5;0.7;1.0;1.0;-0.20000000000000004;0.7
3627;Charlie;0.5;0.7;1.0;1.0;-0.20000000000000004;0.7
3628;Charlie;0.5;0.7;1.0;1.0;-0.20000000000000004;0.7
3629;Charlie;0.5;0.7;1.0;1.0;-0.20000000000000004;0.7
3630;Charlie;0.5;0.7;1.0;1.0;-0.20000000000000004;0.7
3631;Charlie;0.5;0.7;1.0;1.0;-0.20000000000000004;0.7
3632;Charlie;0.5;0.7;1.0;1.0;-0.20000000000000004;0.7
3633;Charlie;0.5;0.7;1.0;1.0;-0.20000000000000004;0.7
3634;Charlie;0.5;0.7;1.0;1.0;-0.20000000000000004;0.7
3635;Charlie;0.5;0.7;1.0;1.0;-0.20000000000000004;0.7
3636;Charlie;0.5;0.7;1.0;1.0;-0.20000000000000004;0.7
3637;Charlie;0.5;0.7;1.0;1.0;-0.20000000000000004;0.7
3638;Charlie;0.5;0.7;1.0;1.0;-0.20000000000000004;0.7
3639;Charlie;0.5;0.7;1.0;1.0;-0.20000000000000004;0.7
3640;Charlie;0.5;0.7;1.0;1.0;-0.20000000000000004;0.7
3641;Charlie;0.5;0.7;1.0;1.0;-0.20000000000000004;0.7
3642;Charlie;0.5;0.7;1.0;1.0;-0.20000000000000004;0.7
3643;Charlie;0.5;0.7;1.0;1.0;-0.20000000000000004;0.7
3644;Charlie;0.5;0.7;1.0;1.0;-0.20000000000000004;0.7
3645;Charlie;0.5;0.7;1.0;1.0;-0.20000000000000004;0.7
3646;Charlie;0.5;0.7;1.0;1.0;-0.20000000000000004;0.7
3647;Charlie;0.5;0.7;1.0;1.0;-0.20000000000000004;0.7
3648;Charlie;0.5;0.7;1.0;1.0;-0.20000000000000004;0.7
3649;Charlie;0.5;0.7;1.0;1.0;-0.20000000000000004;0.7
3650;Charlie;0.5;0.7;1.0;1.0;-0.20000000000000004;0.7
3651;Charlie;0.5;0.7;1.0;1.0;-0.20000000000000004;0.7
3652;Charlie;0.5;0.7;1.0;1.0;-0.20000000000000004;0.7
3653;Charlie;0.5;0.7;1.0;1.0;-0.20000000000000004;0.7
3654;Charlie;0.5;0.7;1.0;1.0;-0.20000000000000004;0.7
3655;Charlie;0.5;0.7;1.0;1.0;-0.20000000000000004;0.7
3656;Charlie;0.5;0.7;1.0;1.0;-0.20000000000000004;0.7
3657;Charlie;0.5;0.7;1.0;1.0;-0.20000000000000004;0.7
3658;Charlie;0.5;0.7;1.0;1.0;-0.20000000000000004;0.7
3659;Charlie;0.5;0.7;1.0;1.0;-0.20000000000000004;0.7
3660;Charlie;0.5;0.7;1.0;1.0;-0.20000000000000004;0.7
3661;Charlie;0.5;0.7;1.0;1.0;-0.20000000000000004;0.7
3662;Charlie;0.5;0.7;1.0;1.0;-0.20000000000000004;0.7
3663;Charlie;0.5;0.7;1.0;1.0;-0.20000000000000004;0.7
3664;Charlie;0.5;0.7;1.0;1.0;-0.20000000000000004;0.7
3665;Charlie;0.5;0.7;1.0;1.0;-0.20000000000000004;0.7
3666;Charlie;0.5;0.7;1.0;1.0;-0.20000000000000004;0.7
3667;Charlie;0.5;0.7;1.0;1.0;-0.20000000000000004;0.7
3668;Charlie;0.5;0.7;1.0;1.0;-0.20000000000000004;0.7
3669;Charlie;0.5;0.7;1.0;1.0;-0.20000000000000004;0.7
3670;Charlie;0.5;0.7;1.0;1.0;-0.20000000000000004;0.7
3671;Charlie;0.5;0.7;1.0;1.0;-0.20000000000000004;0.7
3672;Charlie;0.5;0.7;1.0;1.0;-0.20000000000000004;0.7
3673;Charlie;0.5;0.7;1.0;1.0;-0.20000000000000004;0.7
3674;Charlie;0.5;0.7;1.0;1.0;-0.20000000000000004;0.7
3675;Charlie;0.5;0.7;1.0;1.0;-0.20000000000000004;0.7
3676;Charlie;0.5;0.7;1.0;1.0;-0.20000000000000004;0.7
3677;Charlie;0.5;0.7;1.0;1.0;-0.20000000000000004;0.7
3678;Charlie;0.5;0.7;1.0;1.0;-0.20000000000000004;0.7
3679;Charlie;0.5;0.7;1.0;1.0;-0.20000000000000004;0.7
3680;Charlie;0.5;0.7;1.0;1.0;-0.20000000000000004;0.7
3681;Charlie;0.5;0.7;1.0;1.0;-0.20000000000000004;0.7
3682;Charlie;0.5;0.7;1.0;1.0;-0.20000000000000004;0.7
3683;Charlie;0.5;0.7;1.0;1.0;-0.20000000000000004;0.7
3684;Charlie;0.5;0.7;1.0;1.0;-0.20000000000000004;0.7
3685;Charlie;0.5;0.7;1.0;1.0;-0.20000000000000004;0.7
3686;Charlie;0.5;0.7;1.0;1.0;-0.20000000000000004;0.7
3687;Charlie;0.5;0.7;1.0;1.0;-0.20000000000000004;0.7
3688;Charlie;0.5;0.7;1.0;1.0;-0.20000000000000004;0.7
3689;Charlie;0.5;0.7;1.0;1.0;-0.20000000000000004;0.7
3715;Charlie;0.5;0.7;0.9;1.0;-0.20000000000000004;0.49999999999999994
3724;Charlie;0.5;0.7;0.9;1.0;-0.20000000000000004;0.49999999999999994
3725;Charlie;0.5;0.7;0.9;1.0;-0.20000000000000004;0.49999999999999994
3726;Charlie;0.5;0.7;0.9;1.0;-0.20000000000000004;0.49999999999999994
3727;Charlie;0.5;0.7;0.9;1.0;-0.20000000000000004;0.49999999999999994
3728;Charlie;0.5;0.7;0.9;1.0;-0.20000000000000004;0.49999999999999994
3729;Charlie;0.5;0.7;0.9;1.0;-0.20000000000000004;0.49999999999999994
3730;Charlie;0.5;0.7;0.9;1.0;-0.20000000000000004;0.49999999999999994
3731;Charlie;0.5;0.7;0.9;1.0;-0.20000000000000004;0.49999999999999994
3732;Charlie;0.5;0.7;0.9;1.0;-0.20000000000000004;0.49999999999999994
3733;Charlie;0.5;0.7;0.9;1.0;-0.20000000000000004;0.49999999999999994
3734;Charlie;0.5;0.7;0.9;1.0;-0.20000000000000004;0.49999999999999994
3735;Charlie;0.5;0.7;0.9;1.0;-0.20000000000000004;0.49999999999999994
3736;Charlie;0.5;0.7;0.9;1.0;-0.20000000000000004;0.49999999999999994
3737;Charlie;0.5;0.7;0.9;1.0;-0.20000000000000004;0.49999999999999994
3738;Charlie;0.5;0.7;0.9;1.0;-0.20000000000000004;0.49999999999999994
3739;Charlie;0.5;0.7;0.9;1.0;-0.20000000000000004;0.49999999999999994
3740;Charlie;0.5;0.7;0.9;1.0;-0.20000000000000004;0.49999999999999994
3741;Charlie;0.5;0.7;0.9;1.0;-0.20000000000000004;0.49999999999999994
3742;Charlie;0.5;0.7;0.9;1.0;-0.20000000000000004;0.49999999999999994
3743;Charlie;0.5;0.7;0.9;1.0;-0.20000000000000004;0.49999999999999994
3744;Charlie;0.5;0.7;0.9;1.0;-0.20000000000000004;0.49999999999999994
3745;Charlie;0.5;0.7;0.9;1.0;-0.20000000000000004;0.49999999999999994
3746;Charlie;0.5;0.7;0.9;1.0;-0.20000000000000004;0.49999999999999994
3747;Charlie;0.5;0.7;0.9;1.0;-0.20000000000000004;0.49999999999999994
3748;Charlie;0.5;0.7;0.9;1.0;-0.20000000000000004;0.49999999999999994
3749;Charlie;0.5;0.7;0.9;1.0;-0.20000000000000004;0.49999999999999994
3750;Charlie;0.5;0.7;0.9;1.0;-0.20000000000000004;0.49999999999999994
3751;Charlie;0.5;0.7;0.9;1.0;-0.20000000000000004;0.49999999999999994
3752;Charlie;0.5;0.7;0.9;1.0;-0.20000000000000004;0.49999999999999994
3753;Charlie;0.5;0.7;0.9;1.0;-0.20000000000000004;0.49999999999999994
3754;Charlie;0.5;0.7;0.9;1.0;-0.20000000000000004;0.49999999999999994
3755;Charlie;0.5;0.7;0.9;1.0;-0.20000000000000004;0.49999999999999994
3756;Charlie;0.5;0.7;0.9;1.0;-0.20000000000000004;0.49999999999999994
3757;Charlie;0.5;0.7;0.9;1.0;-0.20000000000000004;0.49999999999999994
3758;Charlie;0.5;0.7;0.9;1.0;-0.20000000000000004;0.49999999999999994
3759;Charlie;0.5;0.7;0.9;1.0;-0.20000000000000004;0.49999999999999994
3760;Charlie;0.5;0.7;0.9;1.0;-0.20000000000000004;0.49999999999999994
3761;Charlie;0.5;0.7;0.9;1.0;-0.20000000000000004;0.49999999999999994
3762;Charlie;0.5;0.7;0.9;1.0;-0.20000000000000004;0.49999999999999994
3763;Charlie;0.5;0.7;0.9;1.0;-0.20000000000000004;0.49999999999999994
3764;Charlie;0.5;0.7;0.9;1.0;-0.20000000000000004;0.49999999999999994
3765;Charlie;0.5;0.7;0.9;1.0;-0.20000000000000004;0.49999999999999994
3766;Charlie;0.5;0.7;0.9;1.0;-0.20000000000000004;0.49999999999999994
3767;Charlie;0.5;0.7;0.9;1.0;-0.20000000000000004;0.49999999999999994
3768;Charlie;0.5;0.7;0.9;1.0;-0.20000000000000004;0.49999999999999994
3769;Charlie;0.5;0.7;0.9;1.0;-0.20000000000000004;0.49999999999999994
3770;Charlie;0.5;0.7;0.9;1.0;-0.20000000000000004;0.49999999999999994
3771;Charlie;0.5;0.7;0.9;1.0;-0.20000000000000004;0.49999999999999994
3772;Charlie;0.5;0.7;0.9;1.0;-0.20000000000000004;0.49999999999999994
3773;Charlie;0.5;0.7;0.9;1.0;-0.20000000000000004;0.49999999999999994
3774;Charlie;0.5;0.7;0.9;1.0;-0.20000000000000004;0.49999999999999994
3775;Charlie;0.5;0.7;0.9;1.0;-0.20000000000000004;0.49999999999999994
3776;Charlie;0.5;0.7;0.9;1.0;-0.20000000000000004;0.49999999999999994
3777;Charlie;0.5;0.7;0.9;1.0;-0.20000000000000004;0.49999999999999994
3778;Charlie;0.5;0.7;0.9;1.0;-0.20000000000000004;0.49999999999999994
3779;Charlie;0.5;0.7;0.9;1.0;-0.20000000000000004;0.49999999999999994
3780;Charlie;0.5;0.7;0.9;1.0;-0.20000000000000004;0.49999999999999994
3781;Charlie;0.5;0.7;0.9;1.0;-0.20000000000000004;0.49999999999999994
3782;Charlie;0.5;0.7;0.9;1.0;-0.20000000000000004;0.49999999999999994
3783;Charlie;0.5;0.7;0.9;1.0;-0.20000000000000004;0.49999999999999994
3784;Charlie;0.5;0.7;0.9;1.0;-0.20000000000000004;0.49999999999999994
3785;Charlie;0.5;0.7;0.9;1.0;-0.20000000000000004;0.49999999999999994
3786;Charlie;0.5;0.7;0.9;1.0;-0.20000000000000004;0.49999999999999994
3787;Charlie;0.5;0.7;0.9;1.0;-0.20000000000000004;0.49999999999999994
3788;Charlie;0.5;0.7;0.9;1.0;-0.20000000000000004;0.49999999999999994
3789;Charlie;0.5;0.7;0.9;1.0;-0.20000000000000004;0.49999999999999994
3790;Charlie;0.5;0.7;0.9;1.0;-0.20000000000000004;0.49999999999999994
3791;Charlie;0.5;0.7;0.9;1.0;-0.20000000000000004;0.49999999999999994
3792;Charlie;0.5;0.7;0.9;1.0;-0.20000000000000004;0.49999999999999994
3793;Charlie;0.5;0.7;0.9;1.0;-0.20000000000000004;0.49999999999999994
3794;Charlie;0.5;0.7;0.9;1.0;-0.20000000000000004;0.49999999999999994
3795;Charlie;0.5;0.7;0.9;1.0;-0.20000000000000004;0.49999999999999994
3796;Charlie;0.5;0.7;0.9;1.0;-0.20000000000000004;0.49999999999999994
3797;Charlie;0.5;0.7;0.9;1.0;-0.20000000000000004;0.49999999999999994
3798;Charlie;0.5;0.7;0.9;1.0;-0.20000000000000004;0.49999999999999994
3799;Charlie;0.5;0.7;0.9;1.0;-0.20000000000000004;0.49999999999999994
3800;Charlie;0.5;0.7;0.9;1.0;-0.20000000000000004;0.49999999999999994
3801;Charlie;0.5;0.7;0.9;1.0;-0.20000000000000004;0.49999999999999994
3802;Charlie;0.5;0.7;0.9;1.0;-0.20000000000000004;0.49999999999999994
3803;Charlie;0.5;0.7;0.9;1.0;-0.20000000000000004;0.49999999999999994
3804;Charlie;0.5;0.7;0.9;1.0;-0.20000000000000004;0.49999999999999994
3805;Charlie;0.5;0.7;0.9;1.0;-0.20000000000000004;0.49999999999999994
3806;Charlie;0.5;0.7;0.9;1.0;-0.20000000000000004;0.49999999999999994
3807;Charlie;0.5;0.7;0.9;1.0;-0.20000000000000004;0.49999999999999994
3808;Charlie;0.5;0.7;0.9;1.0;-0.20000000000000004;0.49999999999999994
3809;Charlie;0.5;0.7;0.9;1.0;-0.20000000000000004;0.49999999999999994
3810;Charlie;0.5;0.7;0.9;1.0;-0.20000000000000004;0.49999999999999994
3811;Charlie;0.5;0.7;0.9;1.0;-0.20000000000000004;0.49999999999999994
3812;Charlie;0.5;0.7;0.9;1.0;-0.20000000000000004;0.49999999999999994
3813;Charlie;0.5;0.7;0.9;1.0;-0.20000000000000004;0.49999999999999994
3814;Charlie;0.5;0.7;0.9;1.0;-0.20000000000000004;0.49999999999999994
3815;Charlie;0.5;0.7;0.9;1.0;-0.20000000000000004;0.49999999999999994
3816;Charlie;0.5;0.7;0.9;1.0;-0.20000000000000004;0.49999999999999994
3817;Charlie;0.5;0.7;0.9;1.0;-0.20000000000000004;0.49999999999999994
3818;Charlie;0.5;0.7;0.9;1.0;-0.20000000000000004;0.49999999999999994
3819;Charlie;0.5;0.7;0.9;1.0;-0.20000000000000004;0.49999999999999994
3820;Charlie;0.5;0.7;0.9;1.0;-0.20000000000000004;0.49999999999999994
3821;Charlie;0.5;0.7;0.9;1.0;-0.20000000000000004;0.49999999999999994
3822;Charlie;0.5;0.7;0.9;1.0;-0.20000000000000004;0.49999999999999994
3823;Charlie;0.5;0.7;0.9;1.0;-0.20000000000000004;0.49999999999999994
3824;Charlie;0.5;0.7;0.9;1.0;-0.20000000000000004;0.49999999999999994
3825;Charlie;0.5;0.7;0.9;1.0;-0.20000000000000004;0.49999999999999994
3826;Charlie;0.5;0.7;0.9;1.0;-0.20000000000000004;0.49999999999999994
3827;Charlie;0.5;0.7;0.9;1.0;-0.20000000000000004;0.49999999999999994
3828;Charlie;0.5;0.7;0.9;1.0;-0.20000000000000004;0.49999999999999994
3829;Charlie;0.5;0.7;0.9;1.0;-0.20000000000000004;0.49999999999999994
3830;Charlie;0.5;0.7;0.9;1.0;-0.20000000000000004;0.49999999999999994
3831;Charlie;0.5;0.7;0.9;1.0;-0.20000000000000004;0.49999999999999994
3832;Charlie;0.5;0.7;0.9;1.0;-0.20000000000000004;0.49999999999999994
3833;Charlie;0.5;0.7;0.9;1.0;-0.20000000000000004;0.49999999999999994
3834;Charlie;0.5;0.7;0.9;1.0;-0.20000000000000004;0.49999999999999994
3835;Charlie;0.5;0.7;0.9;1.0;-0.20000000000000004;0.49999999999999994
3836;Charlie;0.5;0.7;0.9;1.0;-0.20000000000000004;0.49999999999999994
3837;Charlie;0.5;0.7;0.9;1.0;-0.20000000000000004;0.49999999999999994
3838;Charlie;0.5;0.7;0.9;1.0;-0.20000000000000004;0.49999999999999994
3839;Charlie;0.5;0.7;0.9;1.0;-0.20000000000000004;0.49999999999999994
3840;Charlie;0.5;0.7;0.9;1.0;-0.20000000000000004;0.49999999999999994
3841;Charlie;0.5;0.7;0.9;1.0;-0.20000000000000004;0.49999999999999994
3842;Charlie;0.5;0.7;0.9;1.0;-0.20000000000000004;0.49999999999999994
3843;Charlie;0.5;0.7;0.9;1.0;-0.20000000000000004;0.49999999999999994
3844;Charlie;0.5;0.7;0.9;1.0;-0.20000000000000004;0.49999999999999994
3845;Charlie;0.5;0.7;0.9;1.0;-0.20000000000000004;0.49999999999999994
3846;Charlie;0.5;0.7;0.9;1.0;-0.20000000000000004;0.49999999999999994
3847;Charlie;0.5;0.7;0.9;1.0;-0.20000000000000004;0.49999999999999994
3848;Charlie;0.5;0.7;0.9;1.0;-0.20000000000000004;0.49999999999999994
3849;Charlie;0.5;0.7;0.9;1.0;-0.20000000000000004;0.49999999999999994
3850;Charlie;0.5;0.7;0.9;1.0;-0.20000000000000004;0.49999999999999994
3851;Charlie;0.5;0.7;0.9;1.0;-0.20000000000000004;0.49999999999999994
3852;Charlie;0.5;0.7;0.9;1.0;-0.20000000000000004;0.49999999999999994
3853;Charlie;0.5;0.7;0.9;1.0;-0.20000000000000004;0.49999999999999994
3854;Charlie;0.5;0.7;0.9;1.0;-0.20000000000000004;0.49999999999999994
3855;Charlie;0.5;0.7;0.9;1.0;-0.20000000000000004;0.49999999999999994
3856;Charlie;0.5;0.7;0.9;1.0;-0.20000000000000004;0.49999999999999994
3857;Charlie;0.5;0.7;0.9;1.0;-0.20000000000000004;0.49999999999999994
3858;Charlie;0.5;0.7;0.9;1.0;-0.20000000000000004;0.49999999999999994
3859;Charlie;0.5;0.7;0.9;1.0;-0.20000000000000004;0.49999999999999994
3860;Charlie;0.5;0.7;0.9;1.0;-0.20000000000000004;0.49999999999999994
3861;Charlie;0.5;0.7;0.9;1.0;-0.20000000000000004;0.49999999999999994
3862;Charlie;0.5;0.7;0.9;1.0;-0.20000000000000004;0.49999999999999994
3863;Charlie;0.5;0.7;0.9;1.0;-0.20000000000000004;0.49999999999999994
3864;Charlie;0.5;0.7;0.9;1.0;-0.20000000000000004;0.49999999999999994
3865;Charlie;0.5;0.7;0.9;1.0;-0.20000000000000004;0.49999999999999994
3866;Charlie;0.5;0.7;0.9;1.0;-0.20000000000000004;0.49999999999999994
3867;Charlie;0.5;0.7;0.9;1.0;-0.20000000000000004;0.49999999999999994
3868;Charlie;0.5;0.7;0.9;1.0;-0.20000000000000004;0.49999999999999994
3869;Charlie;0.5;0.7;0.9;1.0;-0.20000000000000004;0.49999999999999994
3870;Charlie;0.5;0.7;0.9;1.0;-0.20000000000000004;0.49999999999999994
3871;Charlie;0.5;0.7;0.9;1.0;-0.20000000000000004;0.49999999999999994
3872;Charlie;0.5;0.7;0.9;1.0;-0.20000000000000004;0.49999999999999994
3873;Charlie;0.5;0.7;0.9;1.0;-0.20000000000000004;0.49999999999999994
3874;Charlie;0.5;0.7;0.9;1.0;-0.20000000000000004;0.49999999999999994
3875;Charlie;0.5;0.7;0.9;1.0;-0.20000000000000004;0.49999999999999994
3876;Charlie;0.5;0.7;0.9;1.0;-0.20000000000000004;0.49999999999999994
3877;Charlie;0.5;0.7;0.9;1.0;-0.20000000000000004;0.49999999999999994
3878;Charlie;0.5;0.7;0.9;1.0;-0.20000000000000004;0.49999999999999994
3879;Charlie;0.5;0.7;0.9;1.0;-0.20000000000000004;0.49999999999999994
3880;Charlie;0.5;0.7;0.9;1.0;-0.20000000000000004;0.49999999999999994
3881;Charlie;0.5;0.7;0.9;1.0;-0.20000000000000004;0.49999999999999994
3882;Charlie;0.5;0.7;0.9;1.0;-0.20000000000000004;0.49999999999999994
3883;Charlie;0.5;0.7;0.9;1.0;-0.20000000000000004;0.49999999999999994
3884;Charlie;0.5;0.7;0.9;1.0;-0.20000000000000004;0.49999999999999994
3885;Charlie;0.5;0.7;0.9;1.0;-0.20000000000000004;0.49999999999999994
3886;Charlie;0.5;0.7;0.9;1.0;-0.20000000000000004;0.49999999999999994
3887;Charlie;0.5;0.7;0.9;1.0;-0.20000000000000004;0.49999999999999994
3888;Charlie;0.5;0.7;0.9;1.0;-0.20000000000000004;0.49999999999999994
3889;Charlie;0.5;0.7;0.9;1.0;-0.20000000000000004;0.49999999999999994
3890;Charlie;0.5;0.7;0.9;1.0;-0.20000000000000004;0.49999999999999994
3891;Charlie;0.5;0.7;0.9;1.0;-0.20000000000000004;0.49999999999999994
3892;Charlie;0.5;0.7;0.9;1.0;-0.20000000000000004;0.49999999999999994
3893;Charlie;0.5;0.7;0.9;1.0;-0.20000000000000004;0.49999999999999994
3894;Charlie;0.5;0.7;0.9;1.0;-0.20000000000000004;0.49999999999999994
3895;Charlie;0.5;0.7;0.9;1.0;-0.20000000000000004;0.49999999999999994
3896;Charlie;0.5;0.7;0.9;1.0;-0.20000000000000004;0.49999999999999994
3897;Charlie;0.5;0.7;0.9;1.0;-0.20000000000000004;0.49999999999999994
3898;Charlie;0.5;0.7;0.9;1.0;-0.20000000000000004;0.49999999999999994
3899;Charlie;0.5;0.7;0.9;1.0;-0.20000000000000004;0.49999999999999994
3900;Charlie;0.5;0.7;0.9;1.0;-0.20000000000000004;0.49999999999999994
3901;Charlie;0.5;0.7;0.9;1.0;-0.20000000000000004;0.49999999999999994
3902;Charlie;0.5;0.7;0.9;1.0;-0.20000000000000004;0.49999999999999994
3903;Charlie;0.5;0.7;0.9;1.0;-0.20000000000000004;0.49999999999999994
3904;Charlie;0.5;0.7;0.9;1.0;-0.20000000000000004;0.49999999999999994
3905;Charlie;0.5;0.7;0.9;1.0;-0.20000000000000004;0.49999999999999994
3906;Charlie;0.5;0.7;0.9;1.0;-0.20000000000000004;0.49999999999999994
3907;Charlie;0.5;0.7;0.9;1.0;-0.20000000000000004;0.49999999999999994
3908;Charlie;0.5;0.7;0.9;1.0;-0.20000000000000004;0.49999999999999994
3909;Charlie;0.5;0.7;0.9;1.0;-0.20000000000000004;0.49999999999999994
3910;Charlie;0.5;0.7;0.9;1.0;-0.20000000000000004;0.49999999999999994
3911;Charlie;0.5;0.7;0.9;1.0;-0.20000000000000004;0.49999999999999994
3912;Charlie;0.5;0.7;0.9;1.0;-0.20000000000000004;0.49999999999999994
3913;Charlie;0.5;0.7;0.9;1.0;-0.20000000000000004;0.49999999999999994
3914;Charlie;0.5;0.7;0.9;1.0;-0.20000000000000004;0.49999999999999994
3915;Charlie;0.5;0.7;0.9;1.0;-0.20000000000000004;0.49999999999999994
3916;Charlie;0.5;0.7;0.9;1.0;-0.20000000000000004;0.49999999999999994
3917;Charlie;0.5;0.7;0.9;1.0;-0.20000000000000004;0.49999999999999994
3918;Charlie;0.5;0.7;0.9;1.0;-0.20000000000000004;0.49999999999999994
3919;Charlie;0.5;0.7;0.9;1.0;-0.20000000000000004;0.49999999999999994
3920;Charlie;0.5;0.7;0.9;1.0;-0.20000000000000004;0.49999999999999994
3921;Charlie;0.5;0.7;0.9;1.0;-0.20000000000000004;0.49999999999999994
3922;Charlie;0.5;0.7;0.9;1.0;-0.20000000000000004;0.49999999999999994
3923;Charlie;0.5;0.7;0.9;1.0;-0.20000000000000004;0.49999999999999994
3924;Charlie;0.5;0.7;0.9;1.0;-0.20000000000000004;0.49999999999999994
3925;Charlie;0.5;0.7;0.9;1.0;-0.20000000000000004;0.49999999999999994
3926;Charlie;0.5;0.7;0.9;1.0;-0.20000000000000004;0.49999999999999994
3927;Charlie;0.5;0.7;0.9;1.0;-0.20000000000000004;0.49999999999999994
3928;Charlie;0.5;0.7;0.9;1.0;-0.20000000000000004;0.49999999999999994
3929;Charlie;0.5;0.7;0.9;1.0;-0.20000000000000004;0.49999999999999994
3930;Charlie;0.5;0.7;0.9;1.0;-0.20000000000000004;0.49999999999999994
3931;Charlie;0.5;0.7;0.9;1.0;-0.20000000000000004;0.49999999999999994
3932;Charlie;0.5;0.7;0.9;1.0;-0.20000000000000004;0.49999999999999994
3933;Charlie;0.5;0.7;0.9;1.0;-0.20000000000000004;0.49999999999999994
3934;Charlie;0.5;0.7;0.9;1.0;-0.20000000000000004;0.49999999999999994
3935;Charlie;0.5;0.7;0.9;1.0;-0.20000000000000004;0.49999999999999994
3936;Charlie;0.5;0.7;0.9;1.0;-0.20000000000000004;0.49999999999999994
3937;Charlie;0.5;0.7;0.9;1.0;-0.20000000000000004;0.49999999999999994
3938;Charlie;0.5;0.7;0.9;1.0;-0.20000000000000004;0.49999999999999994
3939;Charlie;0.5;0.7;0.9;1.0;-0.20000000000000004;0.49999999999999994
3940;Charlie;0.5;0.7;0.9;1.0;-0.20000000000000004;0.49999999999999994
3941;Charlie;0.5;0.7;0.9;1.0;-0.20000000000000004;0.49999999999999994
3942;Charlie;0.5;0.7;0.9;1.0;-0.20000000000000004;0.49999999999999994
3943;Charlie;0.5;0.7;0.9;1.0;-0.20000000000000004;0.49999999999999994
3944;Charlie;0.5;0.7;0.9;1.0;-0.20000000000000004;0.49999999999999994
3945;Charlie;0.5;0.7;0.9;1.0;-0.20000000000000004;0.49999999999999994
3946;Charlie;0.5;0.7;0.9;1.0;-0.20000000000000004;0.49999999999999994
3947;Charlie;0.5;0.7;0.9;1.0;-0.20000000000000004;0.49999999999999994
3948;Charlie;0.5;0.7;0.9;1.0;-0.20000000000000004;0.49999999999999994
3949;Charlie;0.5;0.7;0.9;1.0;-0.20000000000000004;0.49999999999999994
3950;Charlie;0.5;0.7;0.9;1.0;-0.20000000000000004;0.49999999999999994
3951;Charlie;0.5;0.7;0.9;1.0;-0.20000000000000004;0.49999999999999994
3952;Charlie;0.5;0.7;0.9;1.0;-0.20000000000000004;0.49999999999999994
3953;Charlie;0.5;0.7;0.9;1.0;-0.20000000000000004;0.49999999999999994
3954;Charlie;0.5;0.7;0.9;1.0;-0.20000000000000004;0.49999999999999994
3955;Charlie;0.5;0.7;0.9;1.0;-0.20000000000000004;0.49999999999999994
3956;Charlie;0.5;0.7;0.9;1.0;-0.20000000000000004;0.49999999999999994
3957;Charlie;0.5;0.7;0.9;1.0;-0.20000000000000004;0.49999999999999994
3958;Charlie;0.5;0.7;0.9;1.0;-0.20000000000000004;0.49999999999999994
3959;Charlie;0.5;0.7;0.9;1.0;-0.20000000000000004;0.49999999999999994
3960;Charlie;0.5;0.7;0.9;1.0;-0.20000000000000004;0.49999999999999994
3961;Charlie;0.5;0.7;0.9;1.0;-0.20000000000000004;0.49999999999999994
3962;Charlie;0.5;0.7;0.9;1.0;-0.20000000000000004;0.49999999999999994
3963;Charlie;0.5;0.7;0.9;1.0;-0.20000000000000004;0.49999999999999994
3964;Charlie;0.5;0.7;0.9;1.0;-0.20000000000000004;0.49999999999999994
3965;Charlie;0.5;0.7;0.9;1.0;-0.20000000000000004;0.49999999999999994
3966;Charlie;0.5;0.7;0.9;1.0;-0.20000000000000004;0.49999999999999994
3967;Charlie;0.5;0.7;0.9;1.0;-0.20000000000000004;0.49999999999999994
3968;Charlie;0.5;0.7;0.9;1.0;-0.20000000000000004;0.49999999999999994
3969;Charlie;0.5;0.7;0.9;1.0;-0.20000000000000004;0.49999999999999994
3970;Charlie;0.5;0.7;0.9;1.0;-0.20000000000000004;0.49999999999999994
3971;Charlie;0.5;0.7;0.9;1.0;-0.20000000000000004;0.49999999999999994
3972;Charlie;0.5;0.7;0.9;1.0;-0.20000000000000004;0.49999999999999994
3973;Charlie;0.5;0.7;0.9;1.0;-0.20000000000000004;0.49999999999999994
3974;Charlie;0.5;0.7;0.9;1.0;-0.20000000000000004;0.49999999999999994
3975;Charlie;0.5;0.7;0.9;1.0;-0.20000000000000004;0.49999999999999994
3976;Charlie;0.5;0.7;0.9;1.0;-0.20000000000000004;0.49999999999999994
3977;Charlie;0.5;0.7;0.9;1.0;-0.20000000000000004;0.49999999999999994
3978;Charlie;0.5;0.7;0.9;1.0;-0.20000000000000004;0.49999999999999994
3979;Charlie;0.5;0.7;0.9;1.0;-0.20000000000000004;0.49999999999999994
3980;Charlie;0.5;0.7;0.9;1.0;-0.20000000000000004;0.49999999999999994
3981;Charlie;0.5;0.7;0.9;1.0;-0.20000000000000004;0.49999999999999994
3982;Charlie;0.5;0.7;0.9;1.0;-0.20000000000000004;0.49999999999999994
3983;Charlie;0.5;0.7;0.9;1.0;-0.20000000000000004;0.49999999999999994
3984;Charlie;0.5;0.7;0.9;1.0;-0.20000000000000004;0.49999999999999994
3985;Charlie;0.5;0.7;0.9;1.0;-0.20000000000000004;0.49999999999999994
3986;Charlie;0.5;0.7;0.9;1.0;-0.20000000000000004;0.49999999999999994
3987;Charlie;0.5;0.7;0.9;1.0;-0.20000000000000004;0.49999999999999994
3988;Charlie;0.5;0.7;0.9;1.0;-0.20000000000000004;0.49999999999999994
3989;Charlie;0.5;0.7;0.9;1.0;-0.20000000000000004;0.49999999999999994
3990;Charlie;0.5;0.7;0.9;1.0;-0.20000000000000004;0.49999999999999994
3991;Charlie;0.5;0.7;0.9;1.0;-0.20000000000000004;0.49999999999999994
3992;Charlie;0.5;0.7;0.9;1.0;-0.20000000000000004;0.49999999999999994
3993;Charlie;0.5;0.7;0.9;1.0;-0.20000000000000004;0.49999999999999994
3994;Charlie;0.5;0.7;0.9;1.0;-0.20000000000000004;0.49999999999999994
3995;Charlie;0.5;0.7;0.9;1.0;-0.20000000000000004;0.49999999999999994
3996;Charlie;0.5;0.7;0.9;1.0;-0.20000000000000004;0.49999999999999994
3997;Charlie;0.5;0.7;0.9;1.0;-0.20000000000000004;0.49999999999999994
3998;Charlie;0.5;0.7;0.9;1.0;-0.20000000000000004;0.49999999999999994
3999;Charlie;0.5;0.7;0.9;1.0;-0.20000000000000004;0.49999999999999994
4000;Charlie;0.5;0.7;0.9;1.0;-0.20000000000000004;0.49999999999999994
4001;Charlie;0.5;0.7;0.9;1.0;-0.20000000000000004;0.49999999999999994
4002;Charlie;0.5;0.7;0.9;1.0;-0.20000000000000004;0.49999999999999994
4003;Charlie;0.5;0.7;0.9;1.0;-0.20000000000000004;0.49999999999999994
4004;Charlie;0.5;0.7;0.9;1.0;-0.20000000000000004;0.49999999999999994
4005;Charlie;0.5;0.7;0.9;1.0;-0.20000000000000004;0.49999999999999994
4006;Charlie;0.5;0.7;0.9;1.0;-0.20000000000000004;0.49999999999999994
4007;Charlie;0.5;0.7;0.9;1.0;-0.20000000000000004;0.49999999999999994
4008;Charlie;0.5;0.7;0.9;1.0;-0.20000000000000004;0.49999999999999994
4009;Charlie;0.5;0.7;0.9;1.0;-0.20000000000000004;0.49999999999999994
4010;Charlie;0.5;0.7;0.9;1.0;-0.20000000000000004;0.49999999999999994
4011;Charlie;0.5;0.7;0.9;1.0;-0.20000000000000004;0.49999999999999994
4012;Charlie;0.5;0.7;0.9;1.0;-0.20000000000000004;0.49999999999999994
4013;Charlie;0.5;0.7;0.9;1.0;-0.20000000000000004;0.49999999999999994
4014;Charlie;0.5;0.7;0.9;1.0;-0.20000000000000004;0.49999999999999994
4015;Charlie;0.5;0.7;0.9;1.0;-0.20000000000000004;0.49999999999999994
4016;Charlie;0.5;0.7;0.9;1.0;-0.20000000000000004;0.49999999999999994
4017;Charlie;0.5;0.7;0.9;1.0;-0.20000000000000004;0.49999999999999994
4018;Charlie;0.5;0.7;0.9;1.0;-0.20000000000000004;0.49999999999999994
4019;Charlie;0.5;0.7;0.9;1.0;-0.20000000000000004;0.49999999999999994
4020;Charlie;0.5;0.7;0.9;1.0;-0.20000000000000004;0.49999999999999994
4021;Charlie;0.5;0.7;0.9;1.0;-0.20000000000000004;0.49999999999999994
4022;Charlie;0.5;0.7;0.9;1.0;-0.20000000000000004;0.49999999999999994
4023;Charlie;0.5;0.7;0.9;1.0;-0.20000000000000004;0.49999999999999994
4024;Charlie;0.5;0.7;0.9;1.0;-0.20000000000000004;0.49999999999999994
4025;Charlie;0.5;0.7;0.9;1.0;-0.20000000000000004;0.49999999999999994
4026;Charlie;0.5;0.7;0.9;1.0;-0.20000000000000004;0.49999999999999994
4027;Charlie;0.5;0.7;0.9;1.0;-0.20000000000000004;0.49999999999999994
4028;Charlie;0.5;0.7;0.9;1.0;-0.20000000000000004;0.49999999999999994
4029;Charlie;0.5;0.7;0.9;1.0;-0.20000000000000004;0.49999999999999994
4030;Charlie;0.5;0.7;0.9;1.0;-0.20000000000000004;0.49999999999999994
4031;Charlie;0.5;0.7;0.9;1.0;-0.20000000000000004;0.49999999999999994
4032;Charlie;0.5;0.7;0.9;1.0;-0.20000000000000004;0.49999999999999994
4033;Charlie;0.5;0.7;0.9;1.0;-0.20000000000000004;0.49999999999999994
4034;Charlie;0.5;0.7;0.9;1.0;-0.20000000000000004;0.49999999999999994
4035;Charlie;0.5;0.7;0.9;1.0;-0.20000000000000004;0.49999999999999994
4036;Charlie;0.5;0.7;0.9;1.0;-0.20000000000000004;0.49999999999999994
4037;Charlie;0.5;0.7;0.9;1.0;-0.20000000000000004;0.49999999999999994
4038;Charlie;0.5;0.7;0.9;1.0;-0.20000000000000004;0.49999999999999994
4039;Charlie;0.5;0.7;0.9;1.0;-0.20000000000000004;0.49999999999999994
4040;Charlie;0.5;0.7;0.9;1.0;-0.20000000000000004;0.49999999999999994
4041;Charlie;0.5;0.7;0.9;1.0;-0.20000000000000004;0.49999999999999994
4042;Charlie;0.5;0.7;0.9;1.0;-0.20000000000000004;0.49999999999999994
4043;Charlie;0.5;0.7;0.9;1.0;-0.20000000000000004;0.49999999999999994
4044;Charlie;0.5;0.7;0.9;1.0;-0.20000000000000004;0.49999999999999994
4045;Charlie;0.5;0.7;0.9;1.0;-0.20000000000000004;0.49999999999999994
4046;Charlie;0.5;0.7;0.9;1.0;-0.20000000000000004;0.49999999999999994
4047;Charlie;0.5;0.7;0.9;1.0;-0.20000000000000004;0.49999999999999994
4048;Charlie;0.5;0.7;0.9;1.0;-0.20000000000000004;0.49999999999999994
4049;Charlie;0.5;0.7;0.9;1.0;-0.20000000000000004;0.49999999999999994
4050;Charlie;0.5;0.7;0.9;1.0;-0.20000000000000004;0.49999999999999994
4051;Charlie;0.5;0.7;0.9;1.0;-0.20000000000000004;0.49999999999999994
4052;Charlie;0.5;0.7;0.9;1.0;-0.20000000000000004;0.49999999999999994
4053;Charlie;0.5;0.7;0.9;1.0;-0.20000000000000004;0.49999999999999994
4054;Charlie;0.5;0.7;0.9;1.0;-0.20000000000000004;0.49999999999999994
4055;Charlie;0.5;0.7;0.9;1.0;-0.20000000000000004;0.49999999999999994
4056;Charlie;0.5;0.7;0.9;1.0;-0.20000000000000004;0.49999999999999994
4057;Charlie;0.5;0.7;0.9;1.0;-0.20000000000000004;0.49999999999999994
4058;Charlie;0.5;0.7;0.9;1.0;-0.20000000000000004;0.49999999999999994
4059;Charlie;0.5;0.7;0.9;1.0;-0.20000000000000004;0.49999999999999994
4060;Charlie;0.5;0.7;0.9;1.0;-0.20000000000000004;0.49999999999999994
4061;Charlie;0.5;0.7;0.9;1.0;-0.20000000000000004;0.49999999999999994
4062;Charlie;0.5;0.7;0.9;1.0;-0.20000000000000004;0.49999999999999994
4063;Charlie;0.5;0.7;0.9;1.0;-0.20000000000000004;0.49999999999999994
4064;Charlie;0.5;0.7;0.9;1.0;-0.20000000000000004;0.49999999999999994
4065;Charlie;0.5;0.7;0.9;1.0;-0.20000000000000004;0.49999999999999994
4066;Charlie;0.5;0.7;0.9;1.0;-0.20000000000000004;0.49999999999999994
4067;Charlie;0.5;0.7;0.9;1.0;-0.20000000000000004;0.49999999999999994
4068;Charlie;0.5;0.7;0.9;1.0;-0.20000000000000004;0.49999999999999994
4069;Charlie;0.5;0.7;0.9;1.0;-0.20000000000000004;0.49999999999999994
4070;Charlie;0.5;0.7;0.9;1.0;-0.20000000000000004;0.49999999999999994
4071;Charlie;0.5;0.7;0.9;1.0;-0.20000000000000004;0.49999999999999994
4072;Charlie;0.5;0.7;0.9;1.0;-0.20000000000000004;0.49999999999999994
4073;Charlie;0.5;0.7;0.9;1.0;-0.20000000000000004;0.49999999999999994
4074;Charlie;0.5;0.7;0.9;1.0;-0.20000000000000004;0.49999999999999994
4075;Charlie;0.5;0.7;0.9;1.0;-0.20000000000000004;0.49999999999999994
4076;Charlie;0.5;0.7;0.9;1.0;-0.20000000000000004;0.49999999999999994
4077;Charlie;0.5;0.7;0.9;1.0;-0.20000000000000004;0.49999999999999994
4078;Charlie;0.5;0.7;0.9;1.0;-0.20000000000000004;0.49999999999999994
4079;Charlie;0.5;0.7;0.9;1.0;-0.20000000000000004;0.49999999999999994
4080;Charlie;0.5;0.7;0.9;1.0;-0.20000000000000004;0.49999999999999994
4081;Charlie;0.5;0.7;0.9;1.0;-0.20000000000000004;0.49999999999999994
4082;Charlie;0.5;0.7;0.9;1.0;-0.20000000000000004;0.49999999999999994
4083;Charlie;0.5;0.7;0.9;1.0;-0.20000000000000004;0.49999999999999994
4084;Charlie;0.5;0.7;0.9;1.0;-0.20000000000000004;0.49999999999999994
4085;Charlie;0.5;0.7;0.9;1.0;-0.20000000000000004;0.49999999999999994
4086;Charlie;0.5;0.7;0.9;1.0;-0.20000000000000004;0.49999999999999994
4087;Charlie;0.5;0.7;0.9;1.0;-0.20000000000000004;0.49999999999999994
4088;Charlie;0.5;0.7;0.9;1.0;-0.20000000000000004;0.49999999999999994
4089;Charlie;0.5;0.7;0.9;1.0;-0.20000000000000004;0.49999999999999994
4090;Charlie;0.5;0.7;0.9;1.0;-0.20000000000000004;0.49999999999999994
4091;Charlie;0.5;0.7;0.9;1.0;-0.20000000000000004;0.49999999999999994
4092;Charlie;0.5;0.7;0.9;1.0;-0.20000000000000004;0.49999999999999994
4093;Charlie;0.5;0.7;0.9;1.0;-0.20000000000000004;0.49999999999999994
4094;Charlie;0.5;0.7;0.9;1.0;-0.20000000000000004;0.49999999999999994
4095;Charlie;0.5;0.7;0.9;1.0;-0.20000000000000004;0.49999999999999994
4096;Charlie;0.5;0.7;0.9;1.0;-0.20000000000000004;0.49999999999999994
4097;Charlie;0.5;0.7;0.9;1.0;-0.20000000000000004;0.49999999999999994
4098;Charlie;0.5;0.7;0.9;1.0;-0.20000000000000004;0.49999999999999994
4099;Charlie;0.5;0.7;0.9;1.0;-0.20000000000000004;0.49999999999999994
4100;Charlie;0.5;0.7;0.9;1.0;-0.20000000000000004;0.49999999999999994
4101;Charlie;0.5;0.7;0.9;1.0;-0.20000000000000004;0.49999999999999994
4102;Charlie;0.5;0.7;0.9;1.0;-0.20000000000000004;0.49999999999999994
4103;Charlie;0.5;0.7;0.9;1.0;-0.20000000000000004;0.49999999999999994
4104;Charlie;0.5;0.7;0.9;1.0;-0.20000000000000004;0.49999999999999994
4105;Charlie;0.5;0.7;0.9;1.0;-0.20000000000000004;0.49999999999999994
4106;Charlie;0.5;0.7;0.9;1.0;-0.20000000000000004;0.49999999999999994
4107;Charlie;0.5;0.7;0.9;1.0;-0.20000000000000004;0.49999999999999994
4108;Charlie;0.5;0.7;0.9;1.0;-0.20000000000000004;0.49999999999999994
4109;Charlie;0.5;0.7;0.9;1.0;-0.20000000000000004;0.49999999999999994
4110;Charlie;0.5;0.7;0.9;1.0;-0.20000000000000004;0.49999999999999994
4111;Charlie;0.5;0.7;0.9;1.0;-0.20000000000000004;0.49999999999999994
4112;Charlie;0.5;0.7;0.9;1.0;-0.20000000000000004;0.49999999999999994
4113;Charlie;0.5;0.7;0.9;1.0;-0.20000000000000004;0.49999999999999994
4114;Charlie;0.5;0.7;0.9;1.0;-0.20000000000000004;0.49999999999999994
4115;Charlie;0.5;0.7;0.9;1.0;-0.20000000000000004;0.49999999999999994
4116;Charlie;0.5;0.7;0.9;1.0;-0.20000000000000004;0.49999999999999994
4117;Charlie;0.5;0.7;0.9;1.0;-0.20000000000000004;0.49999999999999994
4118;Charlie;0.5;0.7;0.9;1.0;-0.20000000000000004;0.49999999999999994
4119;Charlie;0.5;0.7;0.9;1.0;-0.20000000000000004;0.49999999999999994
4120;Charlie;0.5;0.7;0.9;1.0;-0.20000000000000004;0.49999999999999994
4121;Charlie;0.5;0.7;0.9;1.0;-0.20000000000000004;0.49999999999999994
4122;Charlie;0.5;0.7;0.9;1.0;-0.20000000000000004;0.49999999999999994
4123;Charlie;0.5;0.7;0.9;1.0;-0.20000000000000004;0.49999999999999994
4124;Charlie;0.5;0.7;0.9;1.0;-0.20000000000000004;0.49999999999999994
4125;Charlie;0.5;0.7;0.9;1.0;-0.20000000000000004;0.49999999999999994
4126;Charlie;0.5;0.7;0.9;1.0;-0.20000000000000004;0.49999999999999994
4127;Charlie;0.5;0.7;0.9;1.0;-0.20000000000000004;0.49999999999999994
4128;Charlie;0.5;0.7;0.9;1.0;-0.20000000000000004;0.49999999999999994
4129;Charlie;0.5;0.7;0.9;1.0;-0.20000000000000004;0.49999999999999994
4130;Charlie;0.5;0.7;0.9;1.0;-0.20000000000000004;0.49999999999999994
4131;Charlie;0.5;0.7;0.9;1.0;-0.20000000000000004;0.49999999999999994
4132;Charlie;0.5;0.7;0.9;1.0;-0.20000000000000004;0.49999999999999994
4133;Charlie;0.5;0.7;0.9;1.0;-0.20000000000000004;0.49999999999999994
4134;Charlie;0.5;0.7;0.9;1.0;-0.20000000000000004;0.49999999999999994
4135;Charlie;0.5;0.7;0.9;1.0;-0.20000000000000004;0.49999999999999994
4136;Charlie;0.5;0.7;0.9;1.0;-0.20000000000000004;0.49999999999999994
4137;Charlie;0.5;0.7;0.9;1.0;-0.20000000000000004;0.49999999999999994
4138;Charlie;0.5;0.7;0.9;1.0;-0.20000000000000004;0.49999999999999994
4139;Charlie;0.5;0.7;0.9;1.0;-0.20000000000000004;0.49999999999999994
4140;Charlie;0.5;0.7;0.9;1.0;-0.20000000000000004;0.49999999999999994
4141;Charlie;0.5;0.7;0.9;1.0;-0.20000000000000004;0.49999999999999994
4142;Charlie;0.5;0.7;0.9;1.0;-0.20000000000000004;0.49999999999999994
4143;Charlie;0.5;0.7;0.9;1.0;-0.20000000000000004;0.49999999999999994
4144;Charlie;0.5;0.7;0.9;1.0;-0.20000000000000004;0.49999999999999994
4145;Charlie;0.5;0.7;0.9;1.0;-0.20000000000000004;0.49999999999999994
4146;Charlie;0.5;0.7;0.9;1.0;-0.20000000000000004;0.49999999999999994
4147;Charlie;0.5;0.7;0.9;1.0;-0.20000000000000004;0.49999999999999994
4148;Charlie;0.5;0.7;0.9;1.0;-0.20000000000000004;0.49999999999999994
4149;Charlie;0.5;0.7;0.9;1.0;-0.20000000000000004;0.49999999999999994
4150;Charlie;0.5;0.7;0.9;1.0;-0.20000000000000004;0.49999999999999994
4151;Charlie;0.5;0.7;0.9;1.0;-0.20000000000000004;0.49999999999999994
4152;Charlie;0.5;0.7;0.9;1.0;-0.20000000000000004;0.49999999999999994
4153;Charlie;0.5;0.7;0.9;1.0;-0.20000000000000004;0.49999999999999994
4154;Charlie;0.5;0.7;0.9;1.0;-0.20000000000000004;0.49999999999999994
4155;Charlie;0.5;0.7;0.9;1.0;-0.20000000000000004;0.49999999999999994
4156;Charlie;0.5;0.7;0.9;1.0;-0.20000000000000004;0.49999999999999994
4157;Charlie;0.5;0.7;0.9;1.0;-0.20000000000000004;0.49999999999999994
4158;Charlie;0.5;0.7;0.9;1.0;-0.20000000000000004;0.49999999999999994
4159;Charlie;0.5;0.7;0.9;1.0;-0.20000000000000004;0.49999999999999994
4160;Charlie;0.5;0.7;0.9;1.0;-0.20000000000000004;0.49999999999999994
4161;Charlie;0.5;0.7;0.9;1.0;-0.20000000000000004;0.49999999999999994
4162;Charlie;0.5;0.7;0.9;1.0;-0.20000000000000004;0.49999999999999994
4163;Charlie;0.5;0.7;0.9;1.0;-0.20000000000000004;0.49999999999999994
4164;Charlie;0.5;0.7;0.9;1.0;-0.20000000000000004;0.49999999999999994
4165;Charlie;0.5;0.7;0.9;1.0;-0.20000000000000004;0.49999999999999994
4166;Charlie;0.5;0.7;0.9;1.0;-0.20000000000000004;0.49999999999999994
4167;Charlie;0.5;0.7;0.9;1.0;-0.20000000000000004;0.49999999999999994
4168;Charlie;0.5;0.7;0.9;1.0;-0.20000000000000004;0.49999999999999994
4169;Charlie;0.5;0.7;0.9;1.0;-0.20000000000000004;0.49999999999999994
4170;Charlie;0.5;0.7;0.9;1.0;-0.20000000000000004;0.49999999999999994
4171;Charlie;0.5;0.7;0.9;1.0;-0.20000000000000004;0.49999999999999994
4172;Charlie;0.5;0.7;0.9;1.0;-0.20000000000000004;0.49999999999999994
4173;Charlie;0.5;0.7;0.9;1.0;-0.20000000000000004;0.49999999999999994
4174;Charlie;0.5;0.7;0.9;1.0;-0.20000000000000004;0.49999999999999994
4175;Charlie;0.5;0.7;0.9;1.0;-0.20000000000000004;0.49999999999999994
4176;Charlie;0.5;0.7;0.9;1.0;-0.20000000000000004;0.49999999999999994
4177;Charlie;0.5;0.7;0.9;1.0;-0.20000000000000004;0.49999999999999994
4178;Charlie;0.5;0.7;0.9;1.0;-0.20000000000000004;0.49999999999999994
4179;Charlie;0.5;0.7;0.9;1.0;-0.20000000000000004;0.49999999999999994
4180;Charlie;0.5;0.7;0.9;1.0;-0.20000000000000004;0.49999999999999994
4181;Charlie;0.5;0.7;0.9;1.0;-0.20000000000000004;0.49999999999999994
4182;Charlie;0.5;0.7;0.9;1.0;-0.20000000000000004;0.49999999999999994
4183;Charlie;0.5;0.7;0.9;1.0;-0.20000000000000004;0.49999999999999994
4184;Charlie;0.5;0.7;0.9;1.0;-0.20000000000000004;0.49999999999999994
4185;Charlie;0.5;0.7;0.9;1.0;-0.20000000000000004;0.49999999999999994
4186;Charlie;0.5;0.7;0.9;1.0;-0.20000000000000004;0.49999999999999994
4187;Charlie;0.5;0.7;0.9;1.0;-0.20000000000000004;0.49999999999999994
4188;Charlie;0.5;0.7;0.9;1.0;-0.20000000000000004;0.49999999999999994
4189;Charlie;0.5;0.7;0.9;1.0;-0.20000000000000004;0.49999999999999994
4190;Charlie;0.5;0.7;0.9;1.0;-0.20000000000000004;0.49999999999999994
4191;Charlie;0.5;0.7;0.9;1.0;-0.20000000000000004;0.49999999999999994
4192;Charlie;0.5;0.7;0.9;1.0;-0.20000000000000004;0.49999999999999994
4193;Charlie;0.5;0.7;0.9;1.0;-0.20000000000000004;0.49999999999999994
4194;Charlie;0.5;0.7;0.9;1.0;-0.20000000000000004;0.49999999999999994
4195;Charlie;0.5;0.7;0.9;1.0;-0.20000000000000004;0.49999999999999994
4196;Charlie;0.5;0.7;0.9;1.0;-0.20000000000000004;0.49999999999999994
4197;Charlie;0.5;0.7;0.9;1.0;-0.20000000000000004;0.49999999999999994
4198;Charlie;0.5;0.7;0.9;1.0;-0.20000000000000004;0.49999999999999994
4199;Charlie;0.5;0.7;0.9;1.0;-0.20000000000000004;0.49999999999999994
4200;Charlie;0.5;0.7;0.9;1.0;-0.20000000000000004;0.49999999999999994
4201;Charlie;0.5;0.7;0.9;1.0;-0.20000000000000004;0.49999999999999994
4202;Charlie;0.5;0.7;0.9;1.0;-0.20000000000000004;0.49999999999999994
4203;Charlie;0.5;0.7;0.9;1.0;-0.20000000000000004;0.49999999999999994
4204;Charlie;0.5;0.7;0.9;1.0;-0.20000000000000004;0.49999999999999994
4205;Charlie;0.5;0.7;0.9;1.0;-0.20000000000000004;0.49999999999999994
4206;Charlie;0.5;0.7;0.9;1.0;-0.20000000000000004;0.49999999999999994
4207;Charlie;0.5;0.7;0.9;1.0;-0.20000000000000004;0.49999999999999994
4208;Charlie;0.5;0.7;0.9;1.0;-0.20000000000000004;0.49999999999999994
4209;Charlie;0.5;0.7;0.9;1.0;-0.20000000000000004;0.49999999999999994
4210;Charlie;0.5;0.7;0.9;1.0;-0.20000000000000004;0.49999999999999994
4211;Charlie;0.5;0.7;0.9;1.0;-0.20000000000000004;0.49999999999999994
4212;Charlie;0.5;0.7;0.9;1.0;-0.20000000000000004;0.49999999999999994
4213;Charlie;0.5;0.7;0.9;1.0;-0.20000000000000004;0.49999999999999994
4214;Charlie;0.5;0.7;0.9;1.0;-0.20000000000000004;0.49999999999999994
4215;Charlie;0.5;0.7;0.9;1.0;-0.20000000000000004;0.49999999999999994
4216;Charlie;0.5;0.7;0.9;1.0;-0.20000000000000004;0.49999999999999994
4217;Charlie;0.5;0.7;0.9;1.0;-0.20000000000000004;0.49999999999999994
4218;Charlie;0.5;0.7;0.9;1.0;-0.20000000000000004;0.49999999999999994
4219;Charlie;0.5;0.7;0.9;1.0;-0.20000000000000004;0.49999999999999994
4220;Charlie;0.5;0.7;0.9;1.0;-0.20000000000000004;0.49999999999999994
4221;Charlie;0.5;0.7;0.9;1.0;-0.20000000000000004;0.49999999999999994
4222;Charlie;0.5;0.7;0.9;1.0;-0.20000000000000004;0.49999999999999994
4223;Charlie;0.5;0.7;0.9;1.0;-0.20000000000000004;0.49999999999999994
4224;Charlie;0.5;0.7;0.9;1.0;-0.20000000000000004;0.49999999999999994
4225;Charlie;0.5;0.7;0.9;1.0;-0.20000000000000004;0.49999999999999994
4226;Charlie;0.5;0.7;0.9;1.0;-0.20000000000000004;0.49999999999999994
4227;Charlie;0.5;0.7;0.9;1.0;-0.20000000000000004;0.49999999999999994
4228;Charlie;0.5;0.7;0.9;1.0;-0.20000000000000004;0.49999999999999994
4229;Charlie;0.5;0.7;0.9;1.0;-0.20000000000000004;0.49999999999999994
4230;Charlie;0.5;0.7;0.9;1.0;-0.20000000000000004;0.49999999999999994
4231;Charlie;0.5;0.7;0.9;1.0;-0.20000000000000004;0.49999999999999994
4232;Charlie;0.5;0.7;0.9;1.0;-0.20000000000000004;0.49999999999999994
4233;Charlie;0.5;0.7;0.9;1.0;-0.20000000000000004;0.49999999999999994
4234;Charlie;0.5;0.7;0.9;1.0;-0.20000000000000004;0.49999999999999994
4235;Charlie;0.5;0.7;0.9;1.0;-0.20000000000000004;0.49999999999999994
4236;Charlie;0.5;0.7;0.9;1.0;-0.20000000000000004;0.49999999999999994
4237;Charlie;0.5;0.7;0.9;1.0;-0.20000000000000004;0.49999999999999994
4238;Charlie;0.5;0.7;0.9;1.0;-0.20000000000000004;0.49999999999999994
4239;Charlie;0.5;0.7;0.9;1.0;-0.20000000000000004;0.49999999999999994
4240;Charlie;0.5;0.7;0.9;1.0;-0.20000000000000004;0.49999999999999994
4241;Charlie;0.5;0.7;0.9;1.0;-0.20000000000000004;0.49999999999999994
4242;Charlie;0.5;0.7;0.9;1.0;-0.20000000000000004;0.49999999999999994
4243;Charlie;0.5;0.7;0.9;1.0;-0.20000000000000004;0.49999999999999994
4244;Charlie;0.5;0.7;0.9;1.0;-0.20000000000000004;0.49999999999999994
4245;Charlie;0.5;0.7;0.9;1.0;-0.20000000000000004;0.49999999999999994
4246;Charlie;0.5;0.7;0.9;1.0;-0.20000000000000004;0.49999999999999994
4247;Charlie;0.5;0.7;0.9;1.0;-0.20000000000000004;0.49999999999999994
4248;Charlie;0.5;0.7;0.9;1.0;-0.20000000000000004;0.49999999999999994
4249;Charlie;0.5;0.7;0.9;1.0;-0.20000000000000004;0.49999999999999994
4250;Charlie;0.5;0.7;0.9;1.0;-0.20000000000000004;0.49999999999999994
4251;Charlie;0.5;0.7;0.9;1.0;-0.20000000000000004;0.49999999999999994
4252;Charlie;0.5;0.7;0.9;1.0;-0.20000000000000004;0.49999999999999994
4253;Charlie;0.5;0.7;0.9;1.0;-0.20000000000000004;0.49999999999999994
4254;Charlie;0.5;0.7;0.9;1.0;-0.20000000000000004;0.49999999999999994
4255;Charlie;0.5;0.7;0.9;1.0;-0.20000000000000004;0.49999999999999994
4256;Charlie;0.5;0.7;0.9;1.0;-0.20000000000000004;0.49999999999999994
4257;Charlie;0.5;0.7;0.9;1.0;-0.20000000000000004;0.49999999999999994
4258;Charlie;0.5;0.7;0.9;1.0;-0.20000000000000004;0.49999999999999994
4259;Charlie;0.5;0.7;0.9;1.0;-0.20000000000000004;0.49999999999999994
4260;Charlie;0.5;0.7;0.9;1.0;-0.20000000000000004;0.49999999999999994
4261;Charlie;0.5;0.7;0.9;1.0;-0.20000000000000004;0.49999999999999994
4262;Charlie;0.5;0.7;0.9;1.0;-0.20000000000000004;0.49999999999999994
4263;Charlie;0.5;0.7;0.9;1.0;-0.20000000000000004;0.49999999999999994
4264;Charlie;0.5;0.7;0.9;1.0;-0.20000000000000004;0.49999999999999994
4265;Charlie;0.5;0.7;0.9;1.0;-0.20000000000000004;0.49999999999999994
4266;Charlie;0.5;0.7;0.9;1.0;-0.20000000000000004;0.49999999999999994
4267;Charlie;0.5;0.7;0.9;1.0;-0.20000000000000004;0.49999999999999994
4268;Charlie;0.5;0.7;0.9;1.0;-0.20000000000000004;0.49999999999999994
4269;Charlie;0.5;0.7;0.9;1.0;-0.20000000000000004;0.49999999999999994
4270;Charlie;0.5;0.7;0.9;1.0;-0.20000000000000004;0.49999999999999994
4271;Charlie;0.5;0.7;0.9;1.0;-0.20000000000000004;0.49999999999999994
4272;Charlie;0.5;0.7;0.9;1.0;-0.20000000000000004;0.49999999999999994
4273;Charlie;0.5;0.7;0.9;1.0;-0.20000000000000004;0.49999999999999994
4274;Charlie;0.5;0.7;0.9;1.0;-0.20000000000000004;0.49999999999999994
4275;Charlie;0.5;0.7;0.9;1.0;-0.20000000000000004;0.49999999999999994
4276;Charlie;0.5;0.7;0.9;1.0;-0.20000000000000004;0.49999999999999994
4277;Charlie;0.5;0.7;0.9;1.0;-0.20000000000000004;0.49999999999999994
4278;Charlie;0.5;0.7;0.9;1.0;-0.20000000000000004;0.49999999999999994
4279;Charlie;0.5;0.7;0.9;1.0;-0.20000000000000004;0.49999999999999994
4280;Charlie;0.5;0.7;0.9;1.0;-0.20000000000000004;0.49999999999999994
4281;Charlie;0.5;0.7;0.9;1.0;-0.20000000000000004;0.49999999999999994
4282;Charlie;0.5;0.7;0.9;1.0;-0.20000000000000004;0.49999999999999994
4283;Charlie;0.5;0.7;0.9;1.0;-0.20000000000000004;0.49999999999999994
4284;Charlie;0.5;0.7;0.9;1.0;-0.20000000000000004;0.49999999999999994
4285;Charlie;0.5;0.7;0.9;1.0;-0.20000000000000004;0.49999999999999994
4286;Charlie;0.5;0.7;0.9;1.0;-0.20000000000000004;0.49999999999999994
4287;Charlie;0.5;0.7;0.9;1.0;-0.20000000000000004;0.49999999999999994
4288;Charlie;0.5;0.7;0.9;1.0;-0.20000000000000004;0.49999999999999994
4289;Charlie;0.5;0.7;0.9;1.0;-0.20000000000000004;0.49999999999999994
4290;Charlie;0.5;0.7;0.9;1.0;-0.20000000000000004;0.49999999999999994
4291;Charlie;0.5;0.7;0.9;1.0;-0.20000000000000004;0.49999999999999994
4292;Charlie;0.5;0.7;0.9;1.0;-0.20000000000000004;0.49999999999999994
4293;Charlie;0.5;0.7;0.9;1.0;-0.20000000000000004;0.49999999999999994
4294;Charlie;0.5;0.7;0.9;1.0;-0.20000000000000004;0.49999999999999994
4295;Charlie;0.5;0.7;0.9;1.0;-0.20000000000000004;0.49999999999999994
4296;Charlie;0.5;0.7;0.9;1.0;-0.20000000000000004;0.49999999999999994
4297;Charlie;0.5;0.7;0.9;1.0;-0.20000000000000004;0.49999999999999994
4298;Charlie;0.5;0.7;0.9;1.0;-0.20000000000000004;0.49999999999999994
4299;Charlie;0.5;0.7;0.9;1.0;-0.20000000000000004;0.49999999999999994
4300;Charlie;0.5;0.7;0.9;1.0;-0.20000000000000004;0.49999999999999994
4301;Charlie;0.5;0.7;0.9;1.0;-0.20000000000000004;0.49999999999999994
4302;Charlie;0.5;0.7;0.9;1.0;-0.20000000000000004;0.49999999999999994
4303;Charlie;0.5;0.7;0.9;1.0;-0.20000000000000004;0.49999999999999994
4304;Charlie;0.5;0.7;0.9;1.0;-0.20000000000000004;0.49999999999999994
4305;Charlie;0.5;0.7;0.9;1.0;-0.20000000000000004;0.49999999999999994
4306;Charlie;0.5;0.7;0.9;1.0;-0.20000000000000004;0.49999999999999994
4307;Charlie;0.5;0.7;0.9;1.0;-0.20000000000000004;0.49999999999999994
4308;Charlie;0.5;0.7;0.9;1.0;-0.20000000000000004;0.49999999999999994
4309;Charlie;0.5;0.7;0.9;1.0;-0.20000000000000004;0.49999999999999994
4310;Charlie;0.5;0.7;0.9;1.0;-0.20000000000000004;0.49999999999999994
4311;Charlie;0.5;0.7;0.9;1.0;-0.20000000000000004;0.49999999999999994
4312;Charlie;0.5;0.7;0.9;1.0;-0.20000000000000004;0.49999999999999994
4313;Charlie;0.5;0.7;0.9;1.0;-0.20000000000000004;0.49999999999999994
4314;Charlie;0.5;0.7;0.9;1.0;-0.20000000000000004;0.49999999999999994
4315;Charlie;0.5;0.7;0.9;1.0;-0.20000000000000004;0.49999999999999994
4316;Charlie;0.5;0.7;0.9;1.0;-0.20000000000000004;0.49999999999999994
4317;Charlie;0.5;0.7;0.9;1.0;-0.20000000000000004;0.49999999999999994
4318;Charlie;0.5;0.7;0.9;1.0;-0.20000000000000004;0.49999999999999994
4319;Charlie;0.5;0.7;0.9;1.0;-0.20000000000000004;0.49999999999999994
4320;Charlie;0.5;0.7;0.9;1.0;-0.20000000000000004;0.49999999999999994
4321;Charlie;0.5;0.7;0.9;1.0;-0.20000000000000004;0.49999999999999994
4322;Charlie;0.5;0.7;0.9;1.0;-0.20000000000000004;0.49999999999999994
4323;Charlie;0.5;0.7;0.9;1.0;-0.20000000000000004;0.49999999999999994
4324;Charlie;0.5;0.7;0.9;1.0;-0.20000000000000004;0.49999999999999994
4325;Charlie;0.5;0.7;0.9;1.0;-0.20000000000000004;0.49999999999999994
4326;Charlie;0.5;0.7;0.9;1.0;-0.20000000000000004;0.49999999999999994
4327;Charlie;0.5;0.7;0.9;1.0;-0.20000000000000004;0.49999999999999994
4328;Charlie;0.5;0.7;0.9;1.0;-0.20000000000000004;0.49999999999999994
4329;Charlie;0.5;0.7;0.9;1.0;-0.20000000000000004;0.49999999999999994
4330;Charlie;0.5;0.7;0.9;1.0;-0.20000000000000004;0.49999999999999994
4331;Charlie;0.5;0.7;0.9;1.0;-0.20000000000000004;0.49999999999999994
4332;Charlie;0.5;0.7;0.9;1.0;-0.20000000000000004;0.49999999999999994
4333;Charlie;0.5;0.7;0.9;1.0;-0.20000000000000004;0.49999999999999994
4334;Charlie;0.5;0.7;0.9;1.0;-0.20000000000000004;0.49999999999999994
4335;Charlie;0.5;0.7;0.9;1.0;-0.20000000000000004;0.49999999999999994
4336;Charlie;0.5;0.7;0.9;1.0;-0.20000000000000004;0.49999999999999994
4337;Charlie;0.5;0.7;0.9;1.0;-0.20000000000000004;0.49999999999999994
4338;Charlie;0.5;0.7;0.9;1.0;-0.20000000000000004;0.49999999999999994
4339;Charlie;0.5;0.7;0.9;1.0;-0.20000000000000004;0.49999999999999994
4340;Charlie;0.5;0.7;0.9;1.0;-0.20000000000000004;0.49999999999999994
4341;Charlie;0.5;0.7;0.9;1.0;-0.20000000000000004;0.49999999999999994
4342;Charlie;0.5;0.7;0.9;1.0;-0.20000000000000004;0.49999999999999994
4343;Charlie;0.5;0.7;0.9;1.0;-0.20000000000000004;0.49999999999999994
4344;Charlie;0.5;0.7;0.9;1.0;-0.20000000000000004;0.49999999999999994
4345;Charlie;0.5;0.7;0.9;1.0;-0.20000000000000004;0.49999999999999994
4346;Charlie;0.5;0.7;0.9;1.0;-0.20000000000000004;0.49999999999999994
4347;Charlie;0.5;0.7;0.9;1.0;-0.20000000000000004;0.49999999999999994
4348;Charlie;0.5;0.7;0.9;1.0;-0.20000000000000004;0.49999999999999994
4349;Charlie;0.5;0.7;0.9;1.0;-0.20000000000000004;0.49999999999999994
4350;Charlie;0.5;0.7;0.9;1.0;-0.20000000000000004;0.49999999999999994
4351;Charlie;0.5;0.7;0.9;1.0;-0.20000000000000004;0.49999999999999994
4352;Charlie;0.5;0.7;0.9;1.0;-0.20000000000000004;0.49999999999999994
4353;Charlie;0.5;0.7;0.9;1.0;-0.20000000000000004;0.49999999999999994
4354;Charlie;0.5;0.7;0.9;1.0;-0.20000000000000004;0.49999999999999994
4355;Charlie;0.5;0.7;0.9;1.0;-0.20000000000000004;0.49999999999999994
4356;Charlie;0.5;0.7;0.9;1.0;-0.20000000000000004;0.49999999999999994
4357;Charlie;0.5;0.7;0.9;1.0;-0.20000000000000004;0.49999999999999994
4358;Charlie;0.5;0.7;0.9;1.0;-0.20000000000000004;0.49999999999999994
4359;Charlie;0.5;0.7;0.9;1.0;-0.20000000000000004;0.49999999999999994
4360;Charlie;0.5;0.7;0.9;1.0;-0.20000000000000004;0.49999999999999994
4361;Charlie;0.5;0.7;0.9;1.0;-0.20000000000000004;0.49999999999999994
4362;Charlie;0.5;0.7;0.9;1.0;-0.20000000000000004;0.49999999999999994
4363;Charlie;0.5;0.7;0.9;1.0;-0.20000000000000004;0.49999999999999994
4364;Charlie;0.5;0.7;0.9;1.0;-0.20000000000000004;0.49999999999999994
4365;Charlie;0.5;0.7;0.9;1.0;-0.20000000000000004;0.49999999999999994
4366;Charlie;0.5;0.7;0.9;1.0;-0.20000000000000004;0.49999999999999994
4367;Charlie;0.5;0.7;0.9;1.0;-0.20000000000000004;0.49999999999999994
4368;Charlie;0.5;0.7;0.9;1.0;-0.20000000000000004;0.49999999999999994
4369;Charlie;0.5;0.7;0.9;1.0;-0.20000000000000004;0.49999999999999994
4370;Charlie;0.5;0.7;0.9;1.0;-0.20000000000000004;0.49999999999999994
4371;Charlie;0.5;0.7;0.9;1.0;-0.20000000000000004;0.49999999999999994
4372;Charlie;0.5;0.7;0.9;1.0;-0.20000000000000004;0.49999999999999994
4373;Charlie;0.5;0.7;0.9;1.0;-0.20000000000000004;0.49999999999999994
4374;Charlie;0.5;0.7;0.9;1.0;-0.20000000000000004;0.49999999999999994
4375;Charlie;0.5;0.7;0.9;1.0;-0.20000000000000004;0.49999999999999994
4376;Charlie;0.5;0.7;0.9;1.0;-0.20000000000000004;0.49999999999999994
4377;Charlie;0.5;0.7;0.9;1.0;-0.20000000000000004;0.49999999999999994
4378;Charlie;0.5;0.7;0.9;1.0;-0.20000000000000004;0.49999999999999994
4379;Charlie;0.5;0.7;0.9;1.0;-0.20000000000000004;0.49999999999999994
4380;Charlie;0.5;0.7;0.9;1.0;-0.20000000000000004;0.49999999999999994
4381;Charlie;0.5;0.7;0.9;1.0;-0.20000000000000004;0.49999999999999994
4382;Charlie;0.5;0.7;0.9;1.0;-0.20000000000000004;0.49999999999999994
4383;Charlie;0.5;0.7;0.9;1.0;-0.20000000000000004;0.49999999999999994
4384;Charlie;0.5;0.7;0.9;1.0;-0.20000000000000004;0.49999999999999994
4385;Charlie;0.5;0.7;0.9;1.0;-0.20000000000000004;0.49999999999999994
4386;Charlie;0.5;0.7;0.9;1.0;-0.20000000000000004;0.49999999999999994
4387;Charlie;0.5;0.7;0.9;1.0;-0.20000000000000004;0.49999999999999994
4388;Charlie;0.5;0.7;0.9;1.0;-0.20000000000000004;0.49999999999999994
4389;Charlie;0.5;0.7;0.9;1.0;-0.20000000000000004;0.49999999999999994
4390;Charlie;0.5;0.7;0.9;1.0;-0.20000000000000004;0.49999999999999994
4391;Charlie;0.5;0.7;0.9;1.0;-0.20000000000000004;0.49999999999999994
4392;Charlie;0.5;0.7;0.9;1.0;-0.20000000000000004;0.49999999999999994
4393;Charlie;0.5;0.7;0.9;1.0;-0.20000000000000004;0.49999999999999994
4394;Charlie;0.5;0.7;0.9;1.0;-0.20000000000000004;0.49999999999999994
4395;Charlie;0.5;0.7;0.9;1.0;-0.20000000000000004;0.49999999999999994
4396;Charlie;0.5;0.7;0.9;1.0;-0.20000000000000004;0.49999999999999994
4397;Charlie;0.5;0.7;0.9;1.0;-0.20000000000000004;0.49999999999999994
4398;Charlie;0.5;0.7;0.9;1.0;-0.20000000000000004;0.49999999999999994
4399;Charlie;0.5;0.7;0.9;1.0;-0.20000000000000004;0.49999999999999994
4400;Charlie;0.5;0.7;0.9;1.0;-0.20000000000000004;0.49999999999999994
4401;Charlie;0.5;0.7;0.9;1.0;-0.20000000000000004;0.49999999999999994
4402;Charlie;0.5;0.7;0.9;1.0;-0.20000000000000004;0.49999999999999994
4403;Charlie;0.5;0.7;0.9;1.0;-0.20000000000000004;0.49999999999999994
4404;Charlie;0.5;0.7;0.9;1.0;-0.20000000000000004;0.49999999999999994
4405;Charlie;0.5;0.7;0.9;1.0;-0.20000000000000004;0.49999999999999994
4406;Charlie;0.5;0.7;0.9;1.0;-0.20000000000000004;0.49999999999999994
4407;Charlie;0.5;0.7;0.9;1.0;-0.20000000000000004;0.49999999999999994
4408;Charlie;0.5;0.7;0.9;1.0;-0.20000000000000004;0.49999999999999994
4409;Charlie;0.5;0.7;0.9;1.0;-0.20000000000000004;0.49999999999999994
4410;Charlie;0.5;0.7;0.9;1.0;-0.20000000000000004;0.49999999999999994
4411;Charlie;0.5;0.7;0.9;1.0;-0.20000000000000004;0.49999999999999994
4412;Charlie;0.5;0.7;0.9;1.0;-0.20000000000000004;0.49999999999999994
4413;Charlie;0.5;0.7;0.9;1.0;-0.20000000000000004;0.49999999999999994
4414;Charlie;0.5;0.7;0.9;1.0;-0.20000000000000004;0.49999999999999994
4415;Charlie;0.5;0.7;0.9;1.0;-0.20000000000000004;0.49999999999999994
4416;Charlie;0.5;0.7;0.9;1.0;-0.20000000000000004;0.49999999999999994
4417;Charlie;0.5;0.7;0.9;1.0;-0.20000000000000004;0.49999999999999994
4418;Charlie;0.5;0.7;0.9;1.0;-0.20000000000000004;0.49999999999999994
4419;Charlie;0.5;0.7;0.9;1.0;-0.20000000000000004;0.49999999999999994
4420;Charlie;0.5;0.7;0.9;1.0;-0.20000000000000004;0.49999999999999994
4421;Charlie;0.5;0.7;0.9;1.0;-0.20000000000000004;0.49999999999999994
4422;Charlie;0.5;0.7;0.9;1.0;-0.20000000000000004;0.49999999999999994
4423;Charlie;0.5;0.7;0.9;1.0;-0.20000000000000004;0.49999999999999994
4424;Charlie;0.5;0.7;0.9;1.0;-0.20000000000000004;0.49999999999999994
4425;Charlie;0.5;0.7;0.9;1.0;-0.20000000000000004;0.49999999999999994
4426;Charlie;0.5;0.7;0.9;1.0;-0.20000000000000004;0.49999999999999994
4427;Charlie;0.5;0.7;0.9;1.0;-0.20000000000000004;0.49999999999999994
4428;Charlie;0.5;0.7;0.9;1.0;-0.20000000000000004;0.49999999999999994
4429;Charlie;0.5;0.7;0.9;1.0;-0.20000000000000004;0.49999999999999994
4430;Charlie;0.5;0.7;0.9;1.0;-0.20000000000000004;0.49999999999999994
4439;Charlie;0.5;0.7;1.0;1.0;-0.20000000000000004;0.49999999999999994
4448;Charlie;0.5;0.7;1.0;1.0;-0.20000000000000004;0.49999999999999994
4457;Charlie;0.5;0.7;1.0;1.0;-0.20000000000000004;0.49999999999999994
4466;Charlie;0.5;0.7;1.0;1.0;-0.20000000000000004;0.49999999999999994
4475;Charlie;0.5;0.7;1.0;1.0;-0.20000000000000004;0.49999999999999994
4489;Charlie;0.5;0.7;1.0;1.0;-0.20000000000000004;0.49999999999999994
4503;Charlie;0.5;0.7;1.0;1.0;-0.20000000000000004;0.49999999999999994
4517;Charlie;0.5;0.7;1.0;1.0;-0.20000000000000004;0.49999999999999994
4518;Charlie;0.5;0.7;1.0;1.0;-0.20000000000000004;0.49999999999999994
4519;Charlie;0.5;0.7;1.0;1.0;-0.20000000000000004;0.49999999999999994
4520;Charlie;0.5;0.7;1.0;1.0;-0.20000000000000004;0.49999999999999994
4521;Charlie;0.5;0.7;1.0;1.0;-0.20000000000000004;0.49999999999999994
4522;Charlie;0.5;0.7;1.0;1.0;-0.20000000000000004;0.49999999999999994
4523;Charlie;0.5;0.7;1.0;1.0;-0.20000000000000004;0.49999999999999994
4524;Charlie;0.5;0.7;1.0;1.0;-0.20000000000000004;0.49999999999999994
4525;Charlie;0.5;0.7;1.0;1.0;-0.20000000000000004;0.49999999999999994
4526;Charlie;0.5;0.7;1.0;1.0;-0.20000000000000004;0.49999999999999994
4527;Charlie;0.5;0.7;1.0;1.0;-0.20000000000000004;0.49999999999999994
4528;Charlie;0.5;0.7;1.0;1.0;-0.20000000000000004;0.49999999999999994
4529;Charlie;0.5;0.7;1.0;1.0;-0.20000000000000004;0.49999999999999994
4530;Charlie;0.5;0.7;1.0;1.0;-0.20000000000000004;0.49999999999999994
4531;Charlie;0.5;0.7;1.0;1.0;-0.20000000000000004;0.49999999999999994
4532;Charlie;0.5;0.7;1.0;1.0;-0.20000000000000004;0.49999999999999994
4533;Charlie;0.5;0.7;1.0;1.0;-0.20000000000000004;0.49999999999999994
4534;Charlie;0.5;0.7;1.0;1.0;-0.20000000000000004;0.49999999999999994
4535;Charlie;0.5;0.7;1.0;1.0;-0.20000000000000004;0.49999999999999994
4536;Charlie;0.5;0.7;1.0;1.0;-0.20000000000000004;0.49999999999999994
4537;Charlie;0.5;0.7;1.0;1.0;-0.20000000000000004;0.49999999999999994
4538;Charlie;0.5;0.7;1.0;1.0;-0.20000000000000004;0.49999999999999994
4539;Charlie;0.5;0.7;1.0;1.0;-0.20000000000000004;0.49999999999999994
4540;Charlie;0.5;0.7;1.0;1.0;-0.20000000000000004;0.49999999999999994
4541;Charlie;0.5;0.7;1.0;1.0;-0.20000000000000004;0.49999999999999994
4542;Charlie;0.5;0.7;1.0;1.0;-0.20000000000000004;0.49999999999999994
4543;Charlie;0.5;0.7;1.0;1.0;-0.20000000000000004;0.49999999999999994
4544;Charlie;0.5;0.7;1.0;1.0;-0.20000000000000004;0.49999999999999994
4545;Charlie;0.5;0.7;1.0;1.0;-0.20000000000000004;0.49999999999999994
4546;Charlie;0.5;0.7;1.0;1.0;-0.20000000000000004;0.49999999999999994
4547;Charlie;0.5;0.7;1.0;1.0;-0.20000000000000004;0.49999999999999994
4548;Charlie;0.5;0.7;1.0;1.0;-0.20000000000000004;0.49999999999999994
4549;Charlie;0.5;0.7;1.0;1.0;-0.20000000000000004;0.49999999999999994
4550;Charlie;0.5;0.7;1.0;1.0;-0.20000000000000004;0.49999999999999994
4551;Charlie;0.5;0.7;1.0;1.0;-0.20000000000000004;0.49999999999999994
4552;Charlie;0.5;0.7;1.0;1.0;-0.20000000000000004;0.49999999999999994
4553;Charlie;0.5;0.7;1.0;1.0;-0.20000000000000004;0.49999999999999994
4554;Charlie;0.5;0.7;1.0;1.0;-0.20000000000000004;0.49999999999999994
4555;Charlie;0.5;0.7;1.0;1.0;-0.20000000000000004;0.49999999999999994
4556;Charlie;0.5;0.7;1.0;1.0;-0.20000000000000004;0.49999999999999994
4557;Charlie;0.5;0.7;1.0;1.0;-0.20000000000000004;0.49999999999999994
4558;Charlie;0.5;0.7;1.0;1.0;-0.20000000000000004;0.49999999999999994
4559;Charlie;0.5;0.7;1.0;1.0;-0.20000000000000004;0.49999999999999994
4560;Charlie;0.5;0.7;1.0;1.0;-0.20000000000000004;0.49999999999999994
4561;Charlie;0.5;0.7;1.0;1.0;-0.20000000000000004;0.49999999999999994
4562;Charlie;0.5;0.7;1.0;1.0;-0.20000000000000004;0.49999999999999994
4563;Charlie;0.5;0.7;1.0;1.0;-0.20000000000000004;0.49999999999999994
4564;Charlie;0.5;0.7;1.0;1.0;-0.20000000000000004;0.49999999999999994
4565;Charlie;0.5;0.7;1.0;1.0;-0.20000000000000004;0.49999999999999994
4566;Charlie;0.5;0.7;1.0;1.0;-0.20000000000000004;0.49999999999999994
4567;Charlie;0.5;0.7;1.0;1.0;-0.20000000000000004;0.49999999999999994
4568;Charlie;0.5;0.7;1.0;1.0;-0.20000000000000004;0.49999999999999994
4569;Charlie;0.5;0.7;1.0;1.0;-0.20000000000000004;0.49999999999999994
4570;Charlie;0.5;0.7;1.0;1.0;-0.20000000000000004;0.49999999999999994
4571;Charlie;0.5;0.7;1.0;1.0;-0.20000000000000004;0.49999999999999994
4572;Charlie;0.5;0.7;1.0;1.0;-0.20000000000000004;0.49999999999999994
4573;Charlie;0.5;0.7;1.0;1.0;-0.20000000000000004;0.49999999999999994
4574;Charlie;0.5;0.7;1.0;1.0;-0.20000000000000004;0.49999999999999994
4575;Charlie;0.5;0.7;1.0;1.0;-0.20000000000000004;0.49999999999999994
4576;Charlie;0.5;0.7;1.0;1.0;-0.20000000000000004;0.49999999999999994
4577;Charlie;0.5;0.7;1.0;1.0;-0.20000000000000004;0.49999999999999994
4578;Charlie;0.5;0.7;1.0;1.0;-0.20000000000000004;0.49999999999999994
4579;Charlie;0.5;0.7;1.0;1.0;-0.20000000000000004;0.49999999999999994
4580;Charlie;0.5;0.7;1.0;1.0;-0.20000000000000004;0.49999999999999994
4581;Charlie;0.5;0.7;1.0;1.0;-0.20000000000000004;0.49999999999999994
4582;Charlie;0.5;0.7;1.0;1.0;-0.20000000000000004;0.49999999999999994
4583;Charlie;0.5;0.7;1.0;1.0;-0.20000000000000004;0.49999999999999994
4584;Charlie;0.5;0.7;1.0;1.0;-0.20000000000000004;0.49999999999999994
4585;Charlie;0.5;0.7;1.0;1.0;-0.20000000000000004;0.49999999999999994
4586;Charlie;0.5;0.7;1.0;1.0;-0.20000000000000004;0.49999999999999994
4587;Charlie;0.5;0.7;1.0;1.0;-0.20000000000000004;0.49999999999999994
4588;Charlie;0.5;0.7;1.0;1.0;-0.20000000000000004;0.49999999999999994
4589;Charlie;0.5;0.7;1.0;1.0;-0.20000000000000004;0.49999999999999994
4590;Charlie;0.5;0.7;1.0;1.0;-0.20000000000000004;0.49999999999999994
4591;Charlie;0.5;0.7;1.0;1.0;-0.20000000000000004;0.49999999999999994
4592;Charlie;0.5;0.7;1.0;1.0;-0.20000000000000004;0.49999999999999994
4593;Charlie;0.5;0.7;1.0;1.0;-0.20000000000000004;0.49999999999999994
4594;Charlie;0.5;0.7;1.0;1.0;-0.20000000000000004;0.49999999999999994
4595;Charlie;0.5;0.7;1.0;1.0;-0.20000000000000004;0.49999999999999994
4596;Charlie;0.5;0.7;1.0;1.0;-0.20000000000000004;0.49999999999999994
4597;Charlie;0.5;0.7;1.0;1.0;-0.20000000000000004;0.49999999999999994
4598;Charlie;0.5;0.7;1.0;1.0;-0.20000000000000004;0.49999999999999994
4599;Charlie;0.5;0.7;1.0;1.0;-0.20000000000000004;0.49999999999999994
4600;Charlie;0.5;0.7;1.0;1.0;-0.20000000000000004;0.49999999999999994
4601;Charlie;0.5;0.7;1.0;1.0;-0.20000000000000004;0.49999999999999994
4602;Charlie;0.5;0.7;1.0;1.0;-0.20000000000000004;0.49999999999999994
4603;Charlie;0.5;0.7;1.0;1.0;-0.20000000000000004;0.49999999999999994
4604;Charlie;0.5;0.7;1.0;1.0;-0.20000000000000004;0.49999999999999994
4605;Charlie;0.5;0.7;1.0;1.0;-0.20000000000000004;0.49999999999999994
4606;Charlie;0.5;0.7;1.0;1.0;-0.20000000000000004;0.49999999999999994
4607;Charlie;0.5;0.7;1.0;1.0;-0.20000000000000004;0.49999999999999994
4608;Charlie;0.5;0.7;1.0;1.0;-0.20000000000000004;0.49999999999999994
4609;Charlie;0.5;0.7;1.0;1.0;-0.20000000000000004;0.49999999999999994
4610;Charlie;0.5;0.7;1.0;1.0;-0.20000000000000004;0.49999999999999994
4611;Charlie;0.5;0.7;1.0;1.0;-0.20000000000000004;0.49999999999999994
4612;Charlie;0.5;0.7;1.0;1.0;-0.20000000000000004;0.49999999999999994
4613;Charlie;0.5;0.7;1.0;1.0;-0.20000000000000004;0.49999999999999994
4614;Charlie;0.5;0.7;1.0;1.0;-0.20000000000000004;0.49999999999999994
4615;Charlie;0.5;0.7;1.0;1.0;-0.20000000000000004;0.49999999999999994
4616;Charlie;0.5;0.7;1.0;1.0;-0.20000000000000004;0.49999999999999994
4617;Charlie;0.5;0.7;1.0;1.0;-0.20000000000000004;0.49999999999999994
4618;Charlie;0.5;0.7;1.0;1.0;-0.20000000000000004;0.49999999999999994
4619;Charlie;0.5;0.7;1.0;1.0;-0.20000000000000004;0.49999999999999994
4620;Charlie;0.5;0.7;1.0;1.0;-0.20000000000000004;0.49999999999999994
4621;Charlie;0.5;0.7;1.0;1.0;-0.20000000000000004;0.49999999999999994
4622;Charlie;0.5;0.7;1.0;1.0;-0.20000000000000004;0.49999999999999994
4623;Charlie;0.5;0.7;1.0;1.0;-0.20000000000000004;0.49999999999999994
4624;Charlie;0.5;0.7;1.0;1.0;-0.20000000000000004;0.49999999999999994
4625;Charlie;0.5;0.7;1.0;1.0;-0.20000000000000004;0.49999999999999994
4626;Charlie;0.5;0.7;1.0;1.0;-0.20000000000000004;0.49999999999999994
4627;Charlie;0.5;0.7;1.0;1.0;-0.20000000000000004;0.49999999999999994
4628;Charlie;0.5;0.7;1.0;1.0;-0.20000000000000004;0.49999999999999994
4629;Charlie;0.5;0.7;1.0;1.0;-0.20000000000000004;0.49999999999999994
4630;Charlie;0.5;0.7;1.0;1.0;-0.20000000000000004;0.49999999999999994
4631;Charlie;0.5;0.7;1.0;1.0;-0.20000000000000004;0.49999999999999994
4632;Charlie;0.5;0.7;1.0;1.0;-0.20000000000000004;0.49999999999999994
4633;Charlie;0.5;0.7;1.0;1.0;-0.20000000000000004;0.49999999999999994
4634;Charlie;0.5;0.7;1.0;1.0;-0.20000000000000004;0.49999999999999994
4635;Charlie;0.5;0.7;1.0;1.0;-0.20000000000000004;0.49999999999999994
4636;Charlie;0.5;0.7;1.0;1.0;-0.20000000000000004;0.49999999999999994
4637;Charlie;0.5;0.7;1.0;1.0;-0.20000000000000004;0.49999999999999994
4638;Charlie;0.5;0.7;1.0;1.0;-0.20000000000000004;0.49999999999999994
4639;Charlie;0.5;0.7;1.0;1.0;-0.20000000000000004;0.49999999999999994
4640;Charlie;0.5;0.7;1.0;1.0;-0.20000000000000004;0.49999999999999994
4641;Charlie;0.5;0.7;1.0;1.0;-0.20000000000000004;0.49999999999999994
4642;Charlie;0.5;0.7;1.0;1.0;-0.20000000000000004;0.49999999999999994
4643;Charlie;0.5;0.7;1.0;1.0;-0.20000000000000004;0.49999999999999994
4644;Charlie;0.5;0.7;1.0;1.0;-0.20000000000000004;0.49999999999999994
4645;Charlie;0.5;0.7;1.0;1.0;-0.20000000000000004;0.49999999999999994
4646;Charlie;0.5;0.7;1.0;1.0;-0.20000000000000004;0.49999999999999994
4647;Charlie;0.5;0.7;1.0;1.0;-0.20000000000000004;0.49999999999999994
4648;Charlie;0.5;0.7;1.0;1.0;-0.20000000000000004;0.49999999999999994
4649;Charlie;0.5;0.7;1.0;1.0;-0.20000000000000004;0.49999999999999994
4650;Charlie;0.5;0.7;1.0;1.0;-0.20000000000000004;0.49999999999999994
4651;Charlie;0.5;0.7;1.0;1.0;-0.20000000000000004;0.49999999999999994
4652;Charlie;0.5;0.7;1.0;1.0;-0.20000000000000004;0.49999999999999994
4653;Charlie;0.5;0.7;1.0;1.0;-0.20000000000000004;0.49999999999999994
4654;Charlie;0.5;0.7;1.0;1.0;-0.20000000000000004;0.49999999999999994
4655;Charlie;0.5;0.7;1.0;1.0;-0.20000000000000004;0.49999999999999994
4656;Charlie;0.5;0.7;1.0;1.0;-0.20000000000000004;0.49999999999999994
4657;Charlie;0.5;0.7;1.0;1.0;-0.20000000000000004;0.49999999999999994
4658;Charlie;0.5;0.7;1.0;1.0;-0.20000000000000004;0.49999999999999994
4659;Charlie;0.5;0.7;1.0;1.0;-0.20000000000000004;0.49999999999999994
4660;Charlie;0.5;0.7;1.0;1.0;-0.20000000000000004;0.49999999999999994
4661;Charlie;0.5;0.7;1.0;1.0;-0.20000000000000004;0.49999999999999994
4662;Charlie;0.5;0.7;1.0;1.0;-0.20000000000000004;0.49999999999999994
4663;Charlie;0.5;0.7;1.0;1.0;-0.20000000000000004;0.49999999999999994
4664;Charlie;0.5;0.7;1.0;1.0;-0.20000000000000004;0.49999999999999994
4665;Charlie;0.5;0.7;1.0;1.0;-0.20000000000000004;0.49999999999999994
4666;Charlie;0.5;0.7;1.0;1.0;-0.20000000000000004;0.49999999999999994
4667;Charlie;0.5;0.7;1.0;1.0;-0.20000000000000004;0.49999999999999994
4668;Charlie;0.5;0.7;1.0;1.0;-0.20000000000000004;0.49999999999999994
4669;Charlie;0.5;0.7;1.0;1.0;-0.20000000000000004;0.49999999999999994
4670;Charlie;0.5;0.7;1.0;1.0;-0.20000000000000004;0.49999999999999994
4771;Charlie;0.5;0.7999999999999999;1.0;1.0;-0.20000000000000004;0.49999999999999994
4780;Charlie;0.5;0.7999999999999999;1.0;1.0;-0.20000000000000004;0.49999999999999994
4789;Charlie;0.5;0.7999999999999999;1.0;1.0;-0.20000000000000004;0.49999999999999994
4798;Charlie;0.5;0.7999999999999999;1.0;1.0;-0.20000000000000004;0.49999999999999994
4807;Charlie;0.5;0.7999999999999999;1.0;1.0;-0.20000000000000004;0.49999999999999994
4808;Charlie;0.5;0.7999999999999999;1.0;1.0;-0.20000000000000004;0.49999999999999994
4809;Charlie;0.5;0.7999999999999999;1.0;1.0;-0.20000000000000004;0.49999999999999994
4810;Charlie;0.5;0.7999999999999999;1.0;1.0;-0.20000000000000004;0.49999999999999994
4811;Charlie;0.5;0.7999999999999999;1.0;1.0;-0.20000000000000004;0.49999999999999994
4812;Charlie;0.5;0.7999999999999999;1.0;1.0;-0.20000000000000004;0.49999999999999994
4813;Charlie;0.5;0.7999999999999999;1.0;1.0;-0.20000000000000004;0.49999999999999994
4814;Charlie;0.5;0.7999999999999999;1.0;1.0;-0.20000000000000004;0.49999999999999994
4815;Charlie;0.5;0.7999999999999999;1.0;1.0;-0.20000000000000004;0.49999999999999994
4816;Charlie;0.5;0.7999999999999999;1.0;1.0;-0.20000000000000004;0.49999999999999994
4817;Charlie;0.5;0.7999999999999999;1.0;1.0;-0.20000000000000004;0.49999999999999994
4818;Charlie;0.5;0.7999999999999999;1.0;1.0;-0.20000000000000004;0.49999999999999994
4819;Charlie;0.5;0.7999999999999999;1.0;1.0;-0.20000000000000004;0.49999999999999994
4820;Charlie;0.5;0.7999999999999999;1.0;1.0;-0.20000000000000004;0.49999999999999994
4821;Charlie;0.5;0.7999999999999999;1.0;1.0;-0.20000000000000004;0.49999999999999994
4822;Charlie;0.5;0.7999999999999999;1.0;1.0;-0.20000000000000004;0.49999999999999994
4823;Charlie;0.5;0.7999999999999999;1.0;1.0;-0.20000000000000004;0.49999999999999994
4824;Charlie;0.5;0.7999999999999999;1.0;1.0;-0.20000000000000004;0.49999999999999994
4825;Charlie;0.5;0.7999999999999999;1.0;1.0;-0.20000000000000004;0.49999999999999994
4826;Charlie;0.5;0.7999999999999999;1.0;1.0;-0.20000000000000004;0.49999999999999994
4827;Charlie;0.5;0.7999999999999999;1.0;1.0;-0.20000000000000004;0.49999999999999994
4828;Charlie;0.5;0.7999999999999999;1.0;1.0;-0.20000000000000004;0.49999999999999994
4854;Charlie;0.5;0.7999999999999999;1.0;1.0;-0.20000000000000004;0.29999999999999993
4863;Charlie;0.5;0.7999999999999999;1.0;1.0;-0.20000000000000004;0.29999999999999993
4872;Charlie;0.5;0.7999999999999999;1.0;1.0;-0.20000000000000004;0.29999999999999993
4873;Charlie;0.5;0.7999999999999999;1.0;1.0;-0.20000000000000004;0.29999999999999993
4874;Charlie;0.5;0.7999999999999999;1.0;1.0;-0.20000000000000004;0.29999999999999993
4875;Charlie;0.5;0.7999999999999999;1.0;1.0;-0.20000000000000004;0.29999999999999993
4876;Charlie;0.5;0.7999999999999999;1.0;1.0;-0.20000000000000004;0.29999999999999993
4877;Charlie;0.5;0.7999999999999999;1.0;1.0;-0.20000000000000004;0.29999999999999993
4878;Charlie;0.5;0.7999999999999999;1.0;1.0;-0.20000000000000004;0.29999999999999993
4879;Charlie;0.5;0.7999999999999999;1.0;1.0;-0.20000000000000004;0.29999999999999993
4880;Charlie;0.5;0.7999999999999999;1.0;1.0;-0.20000000000000004;0.29999999999999993
4881;Charlie;0.5;0.7999999999999999;1.0;1.0;-0.20000000000000004;0.29999999999999993
4882;Charlie;0.5;0.7999999999999999;1.0;1.0;-0.20000000000000004;0.29999999999999993
4883;Charlie;0.5;0.7999999999999999;1.0;1.0;-0.20000000000000004;0.29999999999999993
4884;Charlie;0.5;0.7999999999999999;1.0;1.0;-0.20000000000000004;0.29999999999999993
4885;Charlie;0.5;0.7999999999999999;1.0;1.0;-0.20000000000000004;0.29999999999999993
4886;Charlie;0.5;0.7999999999999999;1.0;1.0;-0.20000000000000004;0.29999999999999993
4887;Charlie;0.5;0.7999999999999999;1.0;1.0;-0.20000000000000004;0.29999999999999993
4888;Charlie;0.5;0.7999999999999999;1.0;1.0;-0.20000000000000004;0.29999999999999993
4889;Charlie;0.5;0.7999999999999999;1.0;1.0;-0.20000000000000004;0.29999999999999993
4890;Charlie;0.5;0.7999999999999999;1.0;1.0;-0.20000000000000004;0.29999999999999993
4891;Charlie;0.5;0.7999999999999999;1.0;1.0;-0.20000000000000004;0.29999999999999993
4892;Charlie;0.5;0.7999999999999999;1.0;1.0;-0.20000000000000004;0.29999999999999993
4893;Charlie;0.5;0.7999999999999999;1.0;1.0;-0.20000000000000004;0.29999999999999993
4894;Charlie;0.5;0.7999999999999999;1.0;1.0;-0.20000000000000004;0.29999999999999993
4895;Charlie;0.5;0.7999999999999999;1.0;1.0;-0.20000000000000004;0.29999999999999993
4896;Charlie;0.5;0.7999999999999999;1.0;1.0;-0.20000000000000004;0.29999999999999993
4897;Charlie;0.5;0.7999999999999999;1.0;1.0;-0.20000000000000004;0.29999999999999993
4898;Charlie;0.5;0.7999999999999999;1.0;1.0;-0.20000000000000004;0.29999999999999993
4899;Charlie;0.5;0.7999999999999999;1.0;1.0;-0.20000000000000004;0.29999999999999993
4900;Charlie;0.5;0.7999999999999999;1.0;1.0;-0.20000000000000004;0.29999999999999993
4901;Charlie;0.5;0.7999999999999999;1.0;1.0;-0.20000000000000004;0.29999999999999993
4902;Charlie;0.5;0.7999999999999999;1.0;1.0;-0.20000000000000004;0.29999999999999993
4903;Charlie;0.5;0.7999999999999999;1.0;1.0;-0.20000000000000004;0.29999999999999993
4904;Charlie;0.5;0.7999999999999999;1.0;1.0;-0.20000000000000004;0.29999999999999993
4905;Charlie;0.5;0.7999999999999999;1.0;1.0;-0.20000000000000004;0.29999999999999993
4906;Charlie;0.5;0.7999999999999999;1.0;1.0;-0.20000000000000004;0.29999999999999993
4907;Charlie;0.5;0.7999999999999999;1.0;1.0;-0.20000000000000004;0.29999999999999993
4908;Charlie;0.5;0.7999999999999999;1.0;1.0;-0.20000000000000004;0.29999999999999993
4909;Charlie;0.5;0.7999999999999999;1.0;1.0;-0.20000000000000004;0.29999999999999993
4910;Charlie;0.5;0.7999999999999999;1.0;1.0;-0.20000000000000004;0.29999999999999993
4911;Charlie;0.5;0.7999999999999999;1.0;1.0;-0.20000000000000004;0.29999999999999993
4912;Charlie;0.5;0.7999999999999999;1.0;1.0;-0.20000000000000004;0.29999999999999993
4913;Charlie;0.5;0.7999999999999999;1.0;1.0;-0.20000000000000004;0.29999999999999993
4914;Charlie;0.5;0.7999999999999999;1.0;1.0;-0.20000000000000004;0.29999999999999993
4915;Charlie;0.5;0.7999999999999999;1.0;1.0;-0.20000000000000004;0.29999999999999993
4916;Charlie;0.5;0.7999999999999999;1.0;1.0;-0.20000000000000004;0.29999999999999993
4917;Charlie;0.5;0.7999999999999999;1.0;1.0;-0.20000000000000004;0.29999999999999993
4918;Charlie;0.5;0.7999999999999999;1.0;1.0;-0.20000000000000004;0.29999999999999993
4919;Charlie;0.5;0.7999999999999999;1.0;1.0;-0.20000000000000004;0.29999999999999993
4920;Charlie;0.5;0.7999999999999999;1.0;1.0;-0.20000000000000004;0.29999999999999993
4921;Charlie;0.5;0.7999999999999999;1.0;1.0;-0.20000000000000004;0.29999999999999993
4922;Charlie;0.5;0.7999999999999999;1.0;1.0;-0.20000000000000004;0.29999999999999993
4923;Charlie;0.5;0.7999999999999999;1.0;1.0;-0.20000000000000004;0.29999999999999993
4924;Charlie;0.5;0.7999999999999999;1.0;1.0;-0.20000000000000004;0.29999999999999993
4925;Charlie;0.5;0.7999999999999999;1.0;1.0;-0.20000000000000004;0.29999999999999993
4926;Charlie;0.5;0.7999999999999999;1.0;1.0;-0.20000000000000004;0.29999999999999993
4927;Charlie;0.5;0.7999999999999999;1.0;1.0;-0.20000000000000004;0.29999999999999993
4928;Charlie;0.5;0.7999999999999999;1.0;1.0;-0.20000000000000004;0.29999999999999993
4929;Charlie;0.5;0.7999999999999999;1.0;1.0;-0.20000000000000004;0.29999999999999993
4930;Charlie;0.5;0.7999999999999999;1.0;1.0;-0.20000000000000004;0.29999999999999993
4931;Charlie;0.5;0.7999999999999999;1.0;1.0;-0.20000000000000004;0.29999999999999993
4932;Charlie;0.5;0.7999999999999999;1.0;1.0;-0.20000000000000004;0.29999999999999993
4933;Charlie;0.5;0.7999999999999999;1.0;1.0;-0.20000000000000004;0.29999999999999993
4934;Charlie;0.5;0.7999999999999999;1.0;1.0;-0.20000000000000004;0.29999999999999993
4935;Charlie;0.5;0.7999999999999999;1.0;1.0;-0.20000000000000004;0.29999999999999993
4936;Charlie;0.5;0.7999999999999999;1.0;1.0;-0.20000000000000004;0.29999999999999993
4937;Charlie;0.5;0.7999999999999999;1.0;1.0;-0.20000000000000004;0.29999999999999993
4938;Charlie;0.5;0.7999999999999999;1.0;1.0;-0.20000000000000004;0.29999999999999993
4939;Charlie;0.5;0.7999999999999999;1.0;1.0;-0.20000000000000004;0.29999999999999993
4940;Charlie;0.5;0.7999999999999999;1.0;1.0;-0.20000000000000004;0.29999999999999993
4941;Charlie;0.5;0.7999999999999999;1.0;1.0;-0.20000000000000004;0.29999999999999993
4942;Charlie;0.5;0.7999999999999999;1.0;1.0;-0.20000000000000004;0.29999999999999993
4943;Charlie;0.5;0.7999999999999999;1.0;1.0;-0.20000000000000004;0.29999999999999993
4944;Charlie;0.5;0.7999999999999999;1.0;1.0;-0.20000000000000004;0.29999999999999993
4945;Charlie;0.5;0.7999999999999999;1.0;1.0;-0.20000000000000004;0.29999999999999993
4946;Charlie;0.5;0.7999999999999999;1.0;1.0;-0.20000000000000004;0.29999999999999993
4947;Charlie;0.5;0.7999999999999999;1.0;1.0;-0.20000000000000004;0.29999999999999993
4948;Charlie;0.5;0.7999999999999999;1.0;1.0;-0.20000000000000004;0.29999999999999993
4949;Charlie;0.5;0.7999999999999999;1.0;1.0;-0.20000000000000004;0.29999999999999993
4950;Charlie;0.5;0.7999999999999999;1.0;1.0;-0.20000000000000004;0.29999999999999993
4951;Charlie;0.5;0.7999999999999999;1.0;1.0;-0.20000000000000004;0.29999999999999993
4952;Charlie;0.5;0.7999999999999999;1.0;1.0;-0.20000000000000004;0.29999999999999993
4953;Charlie;0.5;0.7999999999999999;1.0;1.0;-0.20000000000000004;0.29999999999999993
4954;Charlie;0.5;0.7999999999999999;1.0;1.0;-0.20000000000000004;0.29999999999999993
4955;Charlie;0.5;0.7999999999999999;1.0;1.0;-0.20000000000000004;0.29999999999999993
4956;Charlie;0.5;0.7999999999999999;1.0;1.0;-0.20000000000000004;0.29999999999999993
4957;Charlie;0.5;0.7999999999999999;1.0;1.0;-0.20000000000000004;0.29999999999999993
4958;Charlie;0.5;0.7999999999999999;1.0;1.0;-0.20000000000000004;0.29999999999999993
4959;Charlie;0.5;0.7999999999999999;1.0;1.0;-0.20000000000000004;0.29999999999999993
4960;Charlie;0.5;0.7999999999999999;1.0;1.0;-0.20000000000000004;0.29999999999999993
4961;Charlie;0.5;0.7999999999999999;1.0;1.0;-0.20000000000000004;0.29999999999999993
4962;Charlie;0.5;0.7999999999999999;1.0;1.0;-0.20000000000000004;0.29999999999999993
4963;Charlie;0.5;0.7999999999999999;1.0;1.0;-0.20000000000000004;0.29999999999999993
4964;Charlie;0.5;0.7999999999999999;1.0;1.0;-0.20000000000000004;0.29999999999999993
4965;Charlie;0.5;0.7999999999999999;1.0;1.0;-0.20000000000000004;0.29999999999999993
4966;Charlie;0.5;0.7999999999999999;1.0;1.0;-0.20000000000000004;0.29999999999999993
4967;Charlie;0.5;0.7999999999999999;1.0;1.0;-0.20000000000000004;0.29999999999999993
4968;Charlie;0.5;0.7999999999999999;1.0;1.0;-0.20000000000000004;0.29999999999999993
4969;Charlie;0.5;0.7999999999999999;1.0;1.0;-0.20000000000000004;0.29999999999999993
4970;Charlie;0.5;0.7999999999999999;1.0;1.0;-0.20000000000000004;0.29999999999999993
4971;Charlie;0.5;0.7999999999999999;1.0;1.0;-0.20000000000000004;0.29999999999999993
4972;Charlie;0.5;0.7999999999999999;1.0;1.0;-0.20000000000000004;0.29999999999999993
4973;Charlie;0.5;0.7999999999999999;1.0;1.0;-0.20000000000000004;0.29999999999999993
4974;Charlie;0.5;0.7999999999999999;1.0;1.0;-0.20000000000000004;0.29999999999999993
4975;Charlie;0.5;0.7999999999999999;1.0;1.0;-0.20000000000000004;0.29999999999999993
4976;Charlie;0.5;0.7999999999999999;1.0;1.0;-0.20000000000000004;0.29999999999999993
4977;Charlie;0.5;0.7999999999999999;1.0;1.0;-0.20000000000000004;0.29999999999999993
4978;Charlie;0.5;0.7999999999999999;1.0;1.0;-0.20000000000000004;0.29999999999999993
4979;Charlie;0.5;0.7999999999999999;1.0;1.0;-0.20000000000000004;0.29999999999999993
4980;Charlie;0.5;0.7999999999999999;1.0;1.0;-0.20000000000000004;0.29999999999999993
4981;Charlie;0.5;0.7999999999999999;1.0;1.0;-0.20000000000000004;0.29999999999999993
4982;Charlie;0.5;0.7999999999999999;1.0;1.0;-0.20000000000000004;0.29999999999999993
4983;Charlie;0.5;0.7999999999999999;1.0;1.0;-0.20000000000000004;0.29999999999999993
4984;Charlie;0.5;0.7999999999999999;1.0;1.0;-0.20000000000000004;0.29999999999999993
4985;Charlie;0.5;0.7999999999999999;1.0;1.0;-0.20000000000000004;0.29999999999999993
4986;Charlie;0.5;0.7999999999999999;1.0;1.0;-0.20000000000000004;0.29999999999999993
4987;Charlie;0.5;0.7999999999999999;1.0;1.0;-0.20000000000000004;0.29999999999999993
4988;Charlie;0.5;0.7999999999999999;1.0;1.0;-0.20000000000000004;0.29999999999999993
4989;Charlie;0.5;0.7999999999999999;1.0;1.0;-0.20000000000000004;0.29999999999999993
4990;Charlie;0.5;0.7999999999999999;1.0;1.0;-0.20000000000000004;0.29999999999999993
4991;Charlie;0.5;0.7999999999999999;1.0;1.0;-0.20000000000000004;0.29999999999999993
4992;Charlie;0.5;0.7999999999999999;1.0;1.0;-0.20000000000000004;0.29999999999999993
4993;Charlie;0.5;0.7999999999999999;1.0;1.0;-0.20000000000000004;0.29999999999999993
4994;Charlie;0.5;0.7999999999999999;1.0;1.0;-0.20000000000000004;0.29999999999999993
4995;Charlie;0.5;0.7999999999999999;1.0;1.0;-0.20000000000000004;0.29999999999999993
4996;Charlie;0.5;0.7999999999999999;1.0;1.0;-0.20000000000000004;0.29999999999999993
4997;Charlie;0.5;0.7999999999999999;1.0;1.0;-0.20000000000000004;0.29999999999999993
4998;Charlie;0.5;0.7999999999999999;1.0;1.0;-0.20000000000000004;0.29999999999999993
4999;Charlie;0.5;0.7999999999999999;1.0;1.0;-0.20000000000000004;0.29999999999999993
5000;Charlie;0.5;0.7999999999999999;1.0;1.0;-0.20000000000000004;0.29999999999999993
5001;Charlie;0.5;0.7999999999999999;1.0;1.0;-0.20000000000000004;0.29999999999999993
5002;Charlie;0.5;0.7999999999999999;1.0;1.0;-0.20000000000000004;0.29999999999999993
5003;Charlie;0.5;0.7999999999999999;1.0;1.0;-0.20000000000000004;0.29999999999999993
5004;Charlie;0.5;0.7999999999999999;1.0;1.0;-0.20000000000000004;0.29999999999999993
5005;Charlie;0.5;0.7999999999999999;1.0;1.0;-0.20000000000000004;0.29999999999999993
5006;Charlie;0.5;0.7999999999999999;1.0;1.0;-0.20000000000000004;0.29999999999999993
5007;Charlie;0.5;0.7999999999999999;1.0;1.0;-0.20000000000000004;0.29999999999999993
5008;Charlie;0.5;0.7999999999999999;1.0;1.0;-0.20000000000000004;0.29999999999999993
5009;Charlie;0.5;0.7999999999999999;1.0;1.0;-0.20000000000000004;0.29999999999999993
5010;Charlie;0.5;0.7999999999999999;1.0;1.0;-0.20000000000000004;0.29999999999999993
5011;Charlie;0.5;0.7999999999999999;1.0;1.0;-0.20000000000000004;0.29999999999999993
5012;Charlie;0.5;0.7999999999999999;1.0;1.0;-0.20000000000000004;0.29999999999999993
5013;Charlie;0.5;0.7999999999999999;1.0;1.0;-0.20000000000000004;0.29999999999999993
5014;Charlie;0.5;0.7999999999999999;1.0;1.0;-0.20000000000000004;0.29999999999999993
5015;Charlie;0.5;0.7999999999999999;1.0;1.0;-0.20000000000000004;0.29999999999999993
5016;Charlie;0.5;0.7999999999999999;1.0;1.0;-0.20000000000000004;0.29999999999999993
5017;Charlie;0.5;0.7999999999999999;1.0;1.0;-0.20000000000000004;0.29999999999999993
5018;Charlie;0.5;0.7999999999999999;1.0;1.0;-0.20000000000000004;0.29999999999999993
5019;Charlie;0.5;0.7999999999999999;1.0;1.0;-0.20000000000000004;0.29999999999999993
5020;Charlie;0.5;0.7999999999999999;1.0;1.0;-0.20000000000000004;0.29999999999999993
5021;Charlie;0.5;0.7999999999999999;1.0;1.0;-0.20000000000000004;0.29999999999999993
5022;Charlie;0.5;0.7999999999999999;1.0;1.0;-0.20000000000000004;0.29999999999999993
5023;Charlie;0.5;0.7999999999999999;1.0;1.0;-0.20000000000000004;0.29999999999999993
5024;Charlie;0.5;0.7999999999999999;1.0;1.0;-0.20000000000000004;0.29999999999999993
5025;Charlie;0.5;0.7999999999999999;1.0;1.0;-0.20000000000000004;0.29999999999999993
5026;Charlie;0.5;0.7999999999999999;1.0;1.0;-0.20000000000000004;0.29999999999999993
5027;Charlie;0.5;0.7999999999999999;1.0;1.0;-0.20000000000000004;0.29999999999999993
5028;Charlie;0.5;0.7999999999999999;1.0;1.0;-0.20000000000000004;0.29999999999999993
5029;Charlie;0.5;0.7999999999999999;1.0;1.0;-0.20000000000000004;0.29999999999999993
5030;Charlie;0.5;0.7999999999999999;1.0;1.0;-0.20000000000000004;0.29999999999999993
5031;Charlie;0.5;0.7999999999999999;1.0;1.0;-0.20000000000000004;0.29999999999999993
5032;Charlie;0.5;0.7999999999999999;1.0;1.0;-0.20000000000000004;0.29999999999999993
5033;Charlie;0.5;0.7999999999999999;1.0;1.0;-0.20000000000000004;0.29999999999999993
5034;Charlie;0.5;0.7999999999999999;1.0;1.0;-0.20000000000000004;0.29999999999999993
5035;Charlie;0.5;0.7999999999999999;1.0;1.0;-0.20000000000000004;0.29999999999999993
5036;Charlie;0.5;0.7999999999999999;1.0;1.0;-0.20000000000000004;0.29999999999999993
5037;Charlie;0.5;0.7999999999999999;1.0;1.0;-0.20000000000000004;0.29999999999999993
5038;Charlie;0.5;0.7999999999999999;1.0;1.0;-0.20000000000000004;0.29999999999999993
5039;Charlie;0.5;0.7999999999999999;1.0;1.0;-0.20000000000000004;0.29999999999999993
5040;Charlie;0.5;0.7999999999999999;1.0;1.0;-0.20000000000000004;0.29999999999999993
5041;Charlie;0.5;0.7999999999999999;1.0;1.0;-0.20000000000000004;0.29999999999999993
5042;Charlie;0.5;0.7999999999999999;1.0;1.0;-0.20000000000000004;0.29999999999999993
5043;Charlie;0.5;0.7999999999999999;1.0;1.0;-0.20000000000000004;0.29999999999999993
5044;Charlie;0.5;0.7999999999999999;1.0;1.0;-0.20000000000000004;0.29999999999999993
5045;Charlie;0.5;0.7999999999999999;1.0;1.0;-0.20000000000000004;0.29999999999999993
5046;Charlie;0.5;0.7999999999999999;1.0;1.0;-0.20000000000000004;0.29999999999999993
5047;Charlie;0.5;0.7999999999999999;1.0;1.0;-0.20000000000000004;0.29999999999999993
5048;Charlie;0.5;0.7999999999999999;1.0;1.0;-0.20000000000000004;0.29999999999999993
5049;Charlie;0.5;0.7999999999999999;1.0;1.0;-0.20000000000000004;0.29999999999999993
5050;Charlie;0.5;0.7999999999999999;1.0;1.0;-0.20000000000000004;0.29999999999999993
5051;Charlie;0.5;0.7999999999999999;1.0;1.0;-0.20000000000000004;0.29999999999999993
5052;Charlie;0.5;0.7999999999999999;1.0;1.0;-0.20000000000000004;0.29999999999999993
5053;Charlie;0.5;0.7999999999999999;1.0;1.0;-0.20000000000000004;0.29999999999999993
5054;Charlie;0.5;0.7999999999999999;1.0;1.0;-0.20000000000000004;0.29999999999999993
5055;Charlie;0.5;0.7999999999999999;1.0;1.0;-0.20000000000000004;0.29999999999999993
5056;Charlie;0.5;0.7999999999999999;1.0;1.0;-0.20000000000000004;0.29999999999999993
5057;Charlie;0.5;0.7999999999999999;1.0;1.0;-0.20000000000000004;0.29999999999999993
5058;Charlie;0.5;0.7999999999999999;1.0;1.0;-0.20000000000000004;0.29999999999999993
5059;Charlie;0.5;0.7999999999999999;1.0;1.0;-0.20000000000000004;0.29999999999999993
5060;Charlie;0.5;0.7999999999999999;1.0;1.0;-0.20000000000000004;0.29999999999999993
5061;Charlie;0.5;0.7999999999999999;1.0;1.0;-0.20000000000000004;0.29999999999999993
5062;Charlie;0.5;0.7999999999999999;1.0;1.0;-0.20000000000000004;0.29999999999999993
5063;Charlie;0.5;0.7999999999999999;1.0;1.0;-0.20000000000000004;0.29999999999999993
5064;Charlie;0.5;0.7999999999999999;1.0;1.0;-0.20000000000000004;0.29999999999999993
5065;Charlie;0.5;0.7999999999999999;1.0;1.0;-0.20000000000000004;0.29999999999999993
5066;Charlie;0.5;0.7999999999999999;1.0;1.0;-0.20000000000000004;0.29999999999999993
5067;Charlie;0.5;0.7999999999999999;1.0;1.0;-0.20000000000000004;0.29999999999999993
5068;Charlie;0.5;0.7999999999999999;1.0;1.0;-0.20000000000000004;0.29999999999999993
5069;Charlie;0.5;0.7999999999999999;1.0;1.0;-0.20000000000000004;0.29999999999999993
5070;Charlie;0.5;0.7999999999999999;1.0;1.0;-0.20000000000000004;0.29999999999999993
5071;Charlie;0.5;0.7999999999999999;1.0;1.0;-0.20000000000000004;0.29999999999999993
5072;Charlie;0.5;0.7999999999999999;1.0;1.0;-0.20000000000000004;0.29999999999999993
5073;Charlie;0.5;0.7999999999999999;1.0;1.0;-0.20000000000000004;0.29999999999999993
5074;Charlie;0.5;0.7999999999999999;1.0;1.0;-0.20000000000000004;0.29999999999999993
5075;Charlie;0.5;0.7999999999999999;1.0;1.0;-0.20000000000000004;0.29999999999999993
5084;Charlie;0.5;0.7999999999999999;1.0;1.0;-0.20000000000000004;0.29999999999999993
5093;Charlie;0.5;0.7999999999999999;1.0;1.0;-0.20000000000000004;0.29999999999999993
5102;Charlie;0.5;0.7999999999999999;1.0;1.0;-0.20000000000000004;0.29999999999999993
5111;Charlie;0.5;0.7999999999999999;1.0;1.0;-0.20000000000000004;0.29999999999999993
5120;Charlie;0.5;0.7999999999999999;1.0;1.0;-0.20000000000000004;0.29999999999999993
5134;Charlie;0.5;0.7999999999999999;1.0;1.0;-0.20000000000000004;0.29999999999999993
5148;Charlie;0.5;0.7999999999999999;1.0;1.0;-0.20000000000000004;0.29999999999999993
5162;Charlie;0.5;0.7999999999999999;1.0;1.0;-0.20000000000000004;0.29999999999999993
5171;Charlie;0.5;0.7999999999999999;1.0;1.0;-0.20000000000000004;0.29999999999999993
5180;Charlie;0.5;0.7999999999999999;1.0;1.0;-0.20000000000000004;0.29999999999999993
5189;Charlie;0.5;0.7999999999999999;1.0;1.0;-0.20000000000000004;0.29999999999999993
5198;Charlie;0.5;0.7999999999999999;1.0;1.0;-0.20000000000000004;0.29999999999999993
5207;Charlie;0.5;0.7999999999999999;1.0;1.0;-0.20000000000000004;0.29999999999999993
5233;Charlie;0.5;0.7999999999999999;1.0;1.0;-0.20000000000000004;0.29999999999999993
5242;Charlie;0.5;0.7999999999999999;1.0;1.0;-0.20000000000000004;0.29999999999999993
5251;Charlie;0.5;0.7999999999999999;1.0;1.0;-0.20000000000000004;0.29999999999999993
5260;Charlie;0.5;0.7999999999999999;1.0;1.0;-0.20000000000000004;0.29999999999999993
5274;Charlie;0.5;0.7999999999999999;1.0;1.0;-0.20000000000000004;0.29999999999999993
5288;Charlie;0.5;0.7999999999999999;1.0;1.0;-0.20000000000000004;0.29999999999999993
5302;Charlie;0.5;0.7999999999999999;1.0;1.0;-0.20000000000000004;0.29999999999999993
5316;Charlie;0.5;0.7999999999999999;1.0;1.0;-0.20000000000000004;0.29999999999999993
5330;Charlie;0.5;0.7999999999999999;1.0;1.0;-0.20000000000000004;0.29999999999999993
5331;Charlie;0.5;0.7999999999999999;1.0;1.0;-0.20000000000000004;0.29999999999999993
5332;Charlie;0.5;0.7999999999999999;1.0;1.0;-0.20000000000000004;0.29999999999999993
5333;Charlie;0.5;0.7999999999999999;1.0;1.0;-0.20000000000000004;0.29999999999999993
5334;Charlie;0.5;0.7999999999999999;1.0;1.0;-0.20000000000000004;0.29999999999999993
5335;Charlie;0.5;0.7999999999999999;1.0;1.0;-0.20000000000000004;0.29999999999999993
5336;Charlie;0.5;0.7999999999999999;1.0;1.0;-0.20000000000000004;0.29999999999999993
5337;Charlie;0.5;0.7999999999999999;1.0;1.0;-0.20000000000000004;0.29999999999999993
5338;Charlie;0.5;0.7999999999999999;1.0;1.0;-0.20000000000000004;0.29999999999999993
5339;Charlie;0.5;0.7999999999999999;1.0;1.0;-0.20000000000000004;0.29999999999999993
5340;Charlie;0.5;0.7999999999999999;1.0;1.0;-0.20000000000000004;0.29999999999999993
5341;Charlie;0.5;0.7999999999999999;1.0;1.0;-0.20000000000000004;0.29999999999999993
5342;Charlie;0.5;0.7999999999999999;1.0;1.0;-0.20000000000000004;0.29999999999999993
5343;Charlie;0.5;0.7999999999999999;1.0;1.0;-0.20000000000000004;0.29999999999999993
5344;Charlie;0.5;0.7999999999999999;1.0;1.0;-0.20000000000000004;0.29999999999999993
5345;Charlie;0.5;0.7999999999999999;1.0;1.0;-0.20000000000000004;0.29999999999999993
5346;Charlie;0.5;0.7999999999999999;1.0;1.0;-0.20000000000000004;0.29999999999999993
5347;Charlie;0.5;0.7999999999999999;1.0;1.0;-0.20000000000000004;0.29999999999999993
5348;Charlie;0.5;0.7999999999999999;1.0;1.0;-0.20000000000000004;0.29999999999999993
5349;Charlie;0.5;0.7999999999999999;1.0;1.0;-0.20000000000000004;0.29999999999999993
5350;Charlie;0.5;0.7999999999999999;1.0;1.0;-0.20000000000000004;0.29999999999999993
5351;Charlie;0.5;0.7999999999999999;1.0;1.0;-0.20000000000000004;0.29999999999999993
5352;Charlie;0.5;0.7999999999999999;1.0;1.0;-0.20000000000000004;0.29999999999999993
5353;Charlie;0.5;0.7999999999999999;1.0;1.0;-0.20000000000000004;0.29999999999999993
5354;Charlie;0.5;0.7999999999999999;1.0;1.0;-0.20000000000000004;0.29999999999999993
5355;Charlie;0.5;0.7999999999999999;1.0;1.0;-0.20000000000000004;0.29999999999999993
5356;Charlie;0.5;0.7999999999999999;1.0;1.0;-0.20000000000000004;0.29999999999999993
5357;Charlie;0.5;0.7999999999999999;1.0;1.0;-0.20000000000000004;0.29999999999999993
5358;Charlie;0.5;0.7999999999999999;1.0;1.0;-0.20000000000000004;0.29999999999999993
5359;Charlie;0.5;0.7999999999999999;1.0;1.0;-0.20000000000000004;0.29999999999999993
5360;Charlie;0.5;0.7999999999999999;1.0;1.0;-0.20000000000000004;0.29999999999999993
5361;Charlie;0.5;0.7999999999999999;1.0;1.0;-0.20000000000000004;0.29999999999999993
5362;Charlie;0.5;0.7999999999999999;1.0;1.0;-0.20000000000000004;0.29999999999999993
5363;Charlie;0.5;0.7999999999999999;1.0;1.0;-0.20000000000000004;0.29999999999999993
5364;Charlie;0.5;0.7999999999999999;1.0;1.0;-0.20000000000000004;0.29999999999999993
5365;Charlie;0.5;0.7999999999999999;1.0;1.0;-0.20000000000000004;0.29999999999999993
5366;Charlie;0.5;0.7999999999999999;1.0;1.0;-0.20000000000000004;0.29999999999999993
5367;Charlie;0.5;0.7999999999999999;1.0;1.0;-0.20000000000000004;0.29999999999999993
5368;Charlie;0.5;0.7999999999999999;1.0;1.0;-0.20000000000000004;0.29999999999999993
5369;Charlie;0.5;0.7999999999999999;1.0;1.0;-0.20000000000000004;0.29999999999999993
5370;Charlie;0.5;0.7999999999999999;1.0;1.0;-0.20000000000000004;0.29999999999999993
5371;Charlie;0.5;0.7999999999999999;1.0;1.0;-0.20000000000000004;0.29999999999999993
5372;Charlie;0.5;0.7999999999999999;1.0;1.0;-0.20000000000000004;0.29999999999999993
5373;Charlie;0.5;0.7999999999999999;1.0;1.0;-0.20000000000000004;0.29999999999999993
5374;Charlie;0.5;0.7999999999999999;1.0;1.0;-0.20000000000000004;0.29999999999999993
5375;Charlie;0.5;0.7999999999999999;1.0;1.0;-0.20000000000000004;0.29999999999999993
5376;Charlie;0.5;0.7999999999999999;1.0;1.0;-0.20000000000000004;0.29999999999999993
5377;Charlie;0.5;0.7999999999999999;1.0;1.0;-0.20000000000000004;0.29999999999999993
5378;Charlie;0.5;0.7999999999999999;1.0;1.0;-0.20000000000000004;0.29999999999999993
5379;Charlie;0.5;0.7999999999999999;1.0;1.0;-0.20000000000000004;0.29999999999999993
5380;Charlie;0.5;0.7999999999999999;1.0;1.0;-0.20000000000000004;0.29999999999999993
5381;Charlie;0.5;0.7999999999999999;1.0;1.0;-0.20000000000000004;0.29999999999999993
5382;Charlie;0.5;0.7999999999999999;1.0;1.0;-0.20000000000000004;0.29999999999999993
5383;Charlie;0.5;0.7999999999999999;1.0;1.0;-0.20000000000000004;0.29999999999999993
5384;Charlie;0.5;0.7999999999999999;1.0;1.0;-0.20000000000000004;0.29999999999999993
5385;Charlie;0.5;0.7999999999999999;1.0;1.0;-0.20000000000000004;0.29999999999999993
5386;Charlie;0.5;0.7999999999999999;1.0;1.0;-0.20000000000000004;0.29999999999999993
5387;Charlie;0.5;0.7999999999999999;1.0;1.0;-0.20000000000000004;0.29999999999999993
5388;Charlie;0.5;0.7999999999999999;1.0;1.0;-0.20000000000000004;0.29999999999999993
5389;Charlie;0.5;0.7999999999999999;1.0;1.0;-0.20000000000000004;0.29999999999999993
5390;Charlie;0.5;0.7999999999999999;1.0;1.0;-0.20000000000000004;0.29999999999999993
5391;Charlie;0.5;0.7999999999999999;1.0;1.0;-0.20000000000000004;0.29999999999999993
5392;Charlie;0.5;0.7999999999999999;1.0;1.0;-0.20000000000000004;0.29999999999999993
5393;Charlie;0.5;0.7999999999999999;1.0;1.0;-0.20000000000000004;0.29999999999999993
5394;Charlie;0.5;0.7999999999999999;1.0;1.0;-0.20000000000000004;0.29999999999999993
5395;Charlie;0.5;0.7999999999999999;1.0;1.0;-0.20000000000000004;0.29999999999999993
5396;Charlie;0.5;0.7999999999999999;1.0;1.0;-0.20000000000000004;0.29999999999999993
5397;Charlie;0.5;0.7999999999999999;1.0;1.0;-0.20000000000000004;0.29999999999999993
5398;Charlie;0.5;0.7999999999999999;1.0;1.0;-0.20000000000000004;0.29999999999999993
5399;Charlie;0.5;0.7999999999999999;1.0;1.0;-0.20000000000000004;0.29999999999999993
5400;Charlie;0.5;0.7999999999999999;1.0;1.0;-0.20000000000000004;0.29999999999999993
5401;Charlie;0.5;0.7999999999999999;1.0;1.0;-0.20000000000000004;0.29999999999999993
5402;Charlie;0.5;0.7999999999999999;1.0;1.0;-0.20000000000000004;0.29999999999999993
5403;Charlie;0.5;0.7999999999999999;1.0;1.0;-0.20000000000000004;0.29999999999999993
5404;Charlie;0.5;0.7999999999999999;1.0;1.0;-0.20000000000000004;0.29999999999999993
5405;Charlie;0.5;0.7999999999999999;1.0;1.0;-0.20000000000000004;0.29999999999999993
5406;Charlie;0.5;0.7999999999999999;1.0;1.0;-0.20000000000000004;0.29999999999999993
5407;Charlie;0.5;0.7999999999999999;1.0;1.0;-0.20000000000000004;0.29999999999999993
5408;Charlie;0.5;0.7999999999999999;1.0;1.0;-0.20000000000000004;0.29999999999999993
5409;Charlie;0.5;0.7999999999999999;1.0;1.0;-0.20000000000000004;0.29999999999999993
5410;Charlie;0.5;0.7999999999999999;1.0;1.0;-0.20000000000000004;0.29999999999999993
5411;Charlie;0.5;0.7999999999999999;1.0;1.0;-0.20000000000000004;0.29999999999999993
5412;Charlie;0.5;0.7999999999999999;1.0;1.0;-0.20000000000000004;0.29999999999999993
5413;Charlie;0.5;0.7999999999999999;1.0;1.0;-0.20000000000000004;0.29999999999999993
5414;Charlie;0.5;0.7999999999999999;1.0;1.0;-0.20000000000000004;0.29999999999999993
5415;Charlie;0.5;0.7999999999999999;1.0;1.0;-0.20000000000000004;0.29999999999999993
5416;Charlie;0.5;0.7999999999999999;1.0;1.0;-0.20000000000000004;0.29999999999999993
5417;Charlie;0.5;0.7999999999999999;1.0;1.0;-0.20000000000000004;0.29999999999999993
5418;Charlie;0.5;0.7999999999999999;1.0;1.0;-0.20000000000000004;0.29999999999999993
5419;Charlie;0.5;0.7999999999999999;1.0;1.0;-0.20000000000000004;0.29999999999999993
5420;Charlie;0.5;0.7999999999999999;1.0;1.0;-0.20000000000000004;0.29999999999999993
5421;Charlie;0.5;0.7999999999999999;1.0;1.0;-0.20000000000000004;0.29999999999999993
5422;Charlie;0.5;0.7999999999999999;1.0;1.0;-0.20000000000000004;0.29999999999999993
5423;Charlie;0.5;0.7999999999999999;1.0;1.0;-0.20000000000000004;0.29999999999999993
5424;Charlie;0.5;0.7999999999999999;1.0;1.0;-0.20000000000000004;0.29999999999999993
5425;Charlie;0.5;0.7999999999999999;1.0;1.0;-0.20000000000000004;0.29999999999999993
5426;Charlie;0.5;0.7999999999999999;1.0;1.0;-0.20000000000000004;0.29999999999999993
5427;Charlie;0.5;0.7999999999999999;1.0;1.0;-0.20000000000000004;0.29999999999999993
5428;Charlie;0.5;0.7999999999999999;1.0;1.0;-0.20000000000000004;0.29999999999999993
5429;Charlie;0.5;0.7999999999999999;1.0;1.0;-0.20000000000000004;0.29999999999999993
5430;Charlie;0.5;0.7999999999999999;1.0;1.0;-0.20000000000000004;0.29999999999999993
5431;Charlie;0.5;0.7999999999999999;1.0;1.0;-0.20000000000000004;0.29999999999999993
5432;Charlie;0.5;0.7999999999999999;1.0;1.0;-0.20000000000000004;0.29999999999999993
5433;Charlie;0.5;0.7999999999999999;1.0;1.0;-0.20000000000000004;0.29999999999999993
5434;Charlie;0.5;0.7999999999999999;1.0;1.0;-0.20000000000000004;0.29999999999999993
5435;Charlie;0.5;0.7999999999999999;1.0;1.0;-0.20000000000000004;0.29999999999999993
5436;Charlie;0.5;0.7999999999999999;1.0;1.0;-0.20000000000000004;0.29999999999999993
5437;Charlie;0.5;0.7999999999999999;1.0;1.0;-0.20000000000000004;0.29999999999999993
5438;Charlie;0.5;0.7999999999999999;1.0;1.0;-0.20000000000000004;0.29999999999999993
5439;Charlie;0.5;0.7999999999999999;1.0;1.0;-0.20000000000000004;0.29999999999999993
5440;Charlie;0.5;0.7999999999999999;1.0;1.0;-0.20000000000000004;0.29999999999999993
5441;Charlie;0.5;0.7999999999999999;1.0;1.0;-0.20000000000000004;0.29999999999999993
5442;Charlie;0.5;0.7999999999999999;1.0;1.0;-0.20000000000000004;0.29999999999999993
5443;Charlie;0.5;0.7999999999999999;1.0;1.0;-0.20000000000000004;0.29999999999999993
5444;Charlie;0.5;0.7999999999999999;1.0;1.0;-0.20000000000000004;0.29999999999999993
5445;Charlie;0.5;0.7999999999999999;1.0;1.0;-0.20000000000000004;0.29999999999999993
5446;Charlie;0.5;0.7999999999999999;1.0;1.0;-0.20000000000000004;0.29999999999999993
5447;Charlie;0.5;0.7999999999999999;1.0;1.0;-0.20000000000000004;0.29999999999999993
5448;Charlie;0.5;0.7999999999999999;1.0;1.0;-0.20000000000000004;0.29999999999999993
5449;Charlie;0.5;0.7999999999999999;1.0;1.0;-0.20000000000000004;0.29999999999999993
5450;Charlie;0.5;0.7999999999999999;1.0;1.0;-0.20000000000000004;0.29999999999999993
5451;Charlie;0.5;0.7999999999999999;1.0;1.0;-0.20000000000000004;0.29999999999999993
5452;Charlie;0.5;0.7999999999999999;1.0;1.0;-0.20000000000000004;0.29999999999999993
5453;Charlie;0.5;0.7999999999999999;1.0;1.0;-0.20000000000000004;0.29999999999999993
5454;Charlie;0.5;0.7999999999999999;1.0;1.0;-0.20000000000000004;0.29999999999999993
5455;Charlie;0.5;0.7999999999999999;1.0;1.0;-0.20000000000000004;0.29999999999999993
5456;Charlie;0.5;0.7999999999999999;1.0;1.0;-0.20000000000000004;0.29999999999999993
5457;Charlie;0.5;0.7999999999999999;1.0;1.0;-0.20000000000000004;0.29999999999999993
5458;Charlie;0.5;0.7999999999999999;1.0;1.0;-0.20000000000000004;0.29999999999999993
5459;Charlie;0.5;0.7999999999999999;1.0;1.0;-0.20000000000000004;0.29999999999999993
5460;Charlie;0.5;0.7999999999999999;1.0;1.0;-0.20000000000000004;0.29999999999999993
5461;Charlie;0.5;0.7999999999999999;1.0;1.0;-0.20000000000000004;0.29999999999999993
5462;Charlie;0.5;0.7999999999999999;1.0;1.0;-0.20000000000000004;0.29999999999999993
0;Charlie;0.5;0.7999999999999999;1.0;1.0;-0.20000000000000004;0.29999999999999993
1;Charlie;0.5;0.7999999999999999;1.0;1.0;-0.20000000000000004;0.29999999999999993
2;Charlie;0.5;0.7999999999999999;1.0;1.0;-0.20000000000000004;0.29999999999999993
3;Charlie;0.5;0.7999999999999999;1.0;1.0;-0.20000000000000004;0.29999999999999993
4;Charlie;0.5;0.7999999999999999;1.0;1.0;-0.20000000000000004;0.29999999999999993
5;Charlie;0.5;0.7999999999999999;1.0;1.0;-0.20000000000000004;0.29999999999999993
6;Charlie;0.5;0.7999999999999999;1.0;1.0;-0.20000000000000004;0.29999999999999993
7;Charlie;0.5;0.7999999999999999;1.0;1.0;-0.20000000000000004;0.29999999999999993
8;Charlie;0.5;0.7999999999999999;1.0;1.0;-0.20000000000000004;0.29999999999999993
9;Charlie;0.5;0.7999999999999999;1.0;1.0;-0.20000000000000004;0.29999999999999993
10;Charlie;0.5;0.7999999999999999;1.0;1.0;-0.20000000000000004;0.29999999999999993
11;Charlie;0.5;0.7999999999999999;1.0;1.0;-0.20000000000000004;0.29999999999999993
12;Charlie;0.5;0.7999999999999999;1.0;1.0;-0.20000000000000004;0.29999999999999993
13;Charlie;0.5;0.7999999999999999;1.0;1.0;-0.20000000000000004;0.29999999999999993
14;Charlie;0.5;0.7999999999999999;1.0;1.0;-0.20000000000000004;0.29999999999999993
15;Charlie;0.5;0.7999999999999999;1.0;1.0;-0.20000000000000004;0.29999999999999993
16;Charlie;0.5;0.7999999999999999;1.0;1.0;-0.20000000000000004;0.29999999999999993
17;Charlie;0.5;0.7999999999999999;1.0;1.0;-0.20000000000000004;0.29999999999999993
18;Charlie;0.5;0.7999999999999999;1.0;1.0;-0.20000000000000004;0.29999999999999993
19;Charlie;0.5;0.7999999999999999;1.0;1.0;-0.20000000000000004;0.29999999999999993
20;Charlie;0.5;0.7999999999999999;1.0;1.0;-0.20000000000000004;0.29999999999999993
21;Charlie;0.5;0.7999999999999999;1.0;1.0;-0.20000000000000004;0.29999999999999993
22;Charlie;0.5;0.7999999999999999;1.0;1.0;-0.20000000000000004;0.29999999999999993
23;Charlie;0.5;0.7999999999999999;1.0;1.0;-0.20000000000000004;0.29999999999999993
24;Charlie;0.5;0.7999999999999999;1.0;1.0;-0.20000000000000004;0.29999999999999993
25;Charlie;0.5;0.7999999999999999;1.0;1.0;-0.20000000000000004;0.29999999999999993
26;Charlie;0.5;0.7999999999999999;1.0;1.0;-0.20000000000000004;0.29999999999999993
27;Charlie;0.5;0.7999999999999999;1.0;1.0;-0.20000000000000004;0.29999999999999993
28;Charlie;0.5;0.7999999999999999;1.0;1.0;-0.20000000000000004;0.29999999999999993
29;Charlie;0.5;0.7999999999999999;1.0;1.0;-0.20000000000000004;0.29999999999999993
30;Charlie;0.5;0.7999999999999999;1.0;1.0;-0.20000000000000004;0.29999999999999993
31;Charlie;0.5;0.7999999999999999;1.0;1.0;-0.20000000000000004;0.29999999999999993
32;Charlie;0.5;0.7999999999999999;1.0;1.0;-0.20000000000000004;0.29999999999999993
33;Charlie;0.5;0.7999999999999999;1.0;1.0;-0.20000000000000004;0.29999999999999993
34;Charlie;0.5;0.7999999999999999;1.0;1.0;-0.20000000000000004;0.29999999999999993
35;Charlie;0.5;0.7999999999999999;1.0;1.0;-0.20000000000000004;0.29999999999999993
36;Charlie;0.5;0.7999999999999999;1.0;1.0;-0.20000000000000004;0.29999999999999993
37;Charlie;0.5;0.7999999999999999;1.0;1.0;-0.20000000000000004;0.29999999999999993
38;Charlie;0.5;0.7999999999999999;1.0;1.0;-0.20000000000000004;0.29999999999999993
39;Charlie;0.5;0.7999999999999999;1.0;1.0;-0.20000000000000004;0.29999999999999993
40;Charlie;0.5;0.7999999999999999;1.0;1.0;-0.20000000000000004;0.29999999999999993
41;Charlie;0.5;0.7999999999999999;1.0;1.0;-0.20000000000000004;0.29999999999999993
42;Charlie;0.5;0.7999999999999999;1.0;1.0;-0.20000000000000004;0.29999999999999993
43;Charlie;0.5;0.7999999999999999;1.0;1.0;-0.20000000000000004;0.29999999999999993
44;Charlie;0.5;0.7999999999999999;1.0;1.0;-0.20000000000000004;0.29999999999999993
45;Charlie;0.5;0.7999999999999999;1.0;1.0;-0.20000000000000004;0.29999999999999993
46;Charlie;0.5;0.7999999999999999;1.0;1.0;-0.20000000000000004;0.29999999999999993
47;Charlie;0.5;0.7999999999999999;1.0;1.0;-0.20000000000000004;0.29999999999999993
48;Charlie;0.5;0.7999999999999999;1.0;1.0;-0.20000000000000004;0.29999999999999993
49;Charlie;0.5;0.7999999999999999;1.0;1.0;-0.20000000000000004;0.29999999999999993
50;Charlie;0.5;0.7999999999999999;1.0;1.0;-0.20000000000000004;0.29999999999999993
51;Charlie;0.5;0.7999999999999999;1.0;1.0;-0.20000000000000004;0.29999999999999993
52;Charlie;0.5;0.7999999999999999;1.0;1.0;-0.20000000000000004;0.29999999999999993
53;Charlie;0.5;0.7999999999999999;1.0;1.0;-0.20000000000000004;0.29999999999999993
54;Charlie;0.5;0.7999999999999999;1.0;1.0;-0.20000000000000004;0.29999999999999993
55;Charlie;0.5;0.7999999999999999;1.0;1.0;-0.20000000000000004;0.29999999999999993
56;Charlie;0.5;0.7999999999999999;1.0;1.0;-0.20000000000000004;0.29999999999999993
57;Charlie;0.5;0.7999999999999999;1.0;1.0;-0.20000000000000004;0.29999999999999993
58;Charlie;0.5;0.7999999999999999;1.0;1.0;-0.20000000000000004;0.29999999999999993
59;Charlie;0.5;0.7999999999999999;1.0;1.0;-0.20000000000000004;0.29999999999999993
60;Charlie;0.5;0.7999999999999999;1.0;1.0;-0.20000000000000004;0.29999999999999993
61;Charlie;0.5;0.7999999999999999;1.0;1.0;-0.20000000000000004;0.29999999999999993
62;Charlie;0.5;0.7999999999999999;1.0;1.0;-0.20000000000000004;0.29999999999999993
63;Charlie;0.5;0.7999999999999999;1.0;1.0;-0.20000000000000004;0.29999999999999993
64;Charlie;0.5;0.7999999999999999;1.0;1.0;-0.20000000000000004;0.29999999999999993
65;Charlie;0.5;0.7999999999999999;1.0;1.0;-0.20000000000000004;0.29999999999999993
66;Charlie;0.5;0.7999999999999999;1.0;1.0;-0.20000000000000004;0.29999999999999993
67;Charlie;0.5;0.7999999999999999;1.0;1.0;-0.20000000000000004;0.29999999999999993
68;Charlie;0.5;0.7999999999999999;1.0;1.0;-0.20000000000000004;0.29999999999999993
69;Charlie;0.5;0.7999999999999999;1.0;1.0;-0.20000000000000004;0.29999999999999993
70;Charlie;0.5;0.7999999999999999;1.0;1.0;-0.20000000000000004;0.29999999999999993
71;Charlie;0.5;0.7999999999999999;1.0;1.0;-0.20000000000000004;0.29999999999999993
72;Charlie;0.5;0.7999999999999999;1.0;1.0;-0.20000000000000004;0.29999999999999993
73;Charlie;0.5;0.7999999999999999;1.0;1.0;-0.20000000000000004;0.29999999999999993
74;Charlie;0.5;0.7999999999999999;1.0;1.0;-0.20000000000000004;0.29999999999999993
75;Charlie;0.5;0.7999999999999999;1.0;1.0;-0.20000000000000004;0.29999999999999993
76;Charlie;0.5;0.7999999999999999;1.0;1.0;-0.20000000000000004;0.29999999999999993
77;Charlie;0.5;0.7999999999999999;1.0;1.0;-0.20000000000000004;0.29999999999999993
78;Charlie;0.5;0.7999999999999999;1.0;1.0;-0.20000000000000004;0.29999999999999993
79;Charlie;0.5;0.7999999999999999;1.0;1.0;-0.20000000000000004;0.29999999999999993
80;Charlie;0.5;0.7999999999999999;1.0;1.0;-0.20000000000000004;0.29999999999999993
81;Charlie;0.5;0.7999999999999999;1.0;1.0;-0.20000000000000004;0.29999999999999993
82;Charlie;0.5;0.7999999999999999;1.0;1.0;-0.20000000000000004;0.29999999999999993
83;Charlie;0.5;0.7999999999999999;1.0;1.0;-0.20000000000000004;0.29999999999999993
84;Charlie;0.5;0.7999999999999999;1.0;1.0;-0.20000000000000004;0.29999999999999993
85;Charlie;0.5;0.7999999999999999;1.0;1.0;-0.20000000000000004;0.29999999999999993
86;Charlie;0.5;0.7999999999999999;1.0;1.0;-0.20000000000000004;0.29999999999999993
87;Charlie;0.5;0.7999999999999999;1.0;1.0;-0.20000000000000004;0.29999999999999993
88;Charlie;0.5;0.7999999999999999;1.0;1.0;-0.20000000000000004;0.29999999999999993
89;Charlie;0.5;0.7999999999999999;1.0;1.0;-0.20000000000000004;0.29999999999999993
90;Charlie;0.5;0.7999999999999999;1.0;1.0;-0.20000000000000004;0.29999999999999993
91;Charlie;0.5;0.7999999999999999;1.0;1.0;-0.20000000000000004;0.29999999999999993
92;Charlie;0.5;0.7999999999999999;1.0;1.0;-0.20000000000000004;0.29999999999999993
93;Charlie;0.5;0.7999999999999999;1.0;1.0;-0.20000000000000004;0.29999999999999993
94;Charlie;0.5;0.7999999999999999;1.0;1.0;-0.20000000000000004;0.29999999999999993
95;Charlie;0.5;0.7999999999999999;1.0;1.0;-0.20000000000000004;0.29999999999999993
96;Charlie;0.5;0.7999999999999999;1.0;1.0;-0.20000000000000004;0.29999999999999993
97;Charlie;0.5;0.7999999999999999;1.0;1.0;-0.20000000000000004;0.29999999999999993
98;Charlie;0.5;0.7999999999999999;1.0;1.0;-0.20000000000000004;0.29999999999999993
99;Charlie;0.5;0.7999999999999999;1.0;1.0;-0.20000000000000004;0.29999999999999993
100;Charlie;0.5;0.7999999999999999;1.0;1.0;-0.20000000000000004;0.29999999999999993
101;Charlie;0.5;0.7999999999999999;1.0;1.0;-0.20000000000000004;0.29999999999999993
102;Charlie;0.5;0.7999999999999999;1.0;1.0;-0.20000000000000004;0.29999999999999993
103;Charlie;0.5;0.7999999999999999;1.0;1.0;-0.20000000000000004;0.29999999999999993
104;Charlie;0.5;0.7999999999999999;1.0;1.0;-0.20000000000000004;0.29999999999999993
105;Charlie;0.5;0.7999999999999999;1.0;1.0;-0.20000000000000004;0.29999999999999993
106;Charlie;0.5;0.7999999999999999;1.0;1.0;-0.20000000000000004;0.29999999999999993
107;Charlie;0.5;0.7999999999999999;1.0;1.0;-0.20000000000000004;0.29999999999999993
108;Charlie;0.5;0.7999999999999999;1.0;1.0;-0.20000000000000004;0.29999999999999993
109;Charlie;0.5;0.7999999999999999;1.0;1.0;-0.20000000000000004;0.29999999999999993
110;Charlie;0.5;0.7999999999999999;1.0;1.0;-0.20000000000000004;0.29999999999999993
111;Charlie;0.5;0.7999999999999999;1.0;1.0;-0.20000000000000004;0.29999999999999993
112;Charlie;0.5;0.7999999999999999;1.0;1.0;-0.20000000000000004;0.29999999999999993
113;Charlie;0.5;0.7999999999999999;1.0;1.0;-0.20000000000000004;0.29999999999999993
114;Charlie;0.5;0.7999999999999999;1.0;1.0;-0.20000000000000004;0.29999999999999993
115;Charlie;0.5;0.7999999999999999;1.0;1.0;-0.20000000000000004;0.29999999999999993
116;Charlie;0.5;0.7999999999999999;1.0;1.0;-0.20000000000000004;0.29999999999999993
117;Charlie;0.5;0.7999999999999999;1.0;1.0;-0.20000000000000004;0.29999999999999993
118;Charlie;0.5;0.7999999999999999;1.0;1.0;-0.20000000000000004;0.29999999999999993
119;Charlie;0.5;0.7999999999999999;1.0;1.0;-0.20000000000000004;0.29999999999999993
120;Charlie;0.5;0.7999999999999999;1.0;1.0;-0.20000000000000004;0.29999999999999993
121;Charlie;0.5;0.7999999999999999;1.0;1.0;-0.20000000000000004;0.29999999999999993
122;Charlie;0.5;0.7999999999999999;1.0;1.0;-0.20000000000000004;0.29999999999999993
123;Charlie;0.5;0.7999999999999999;1.0;1.0;-0.20000000000000004;0.29999999999999993
124;Charlie;0.5;0.7999999999999999;1.0;1.0;-0.20000000000000004;0.29999999999999993
125;Charlie;0.5;0.7999999999999999;1.0;1.0;-0.20000000000000004;0.29999999999999993
126;Charlie;0.5;0.7999999999999999;1.0;1.0;-0.20000000000000004;0.29999999999999993
127;Charlie;0.5;0.7999999999999999;1.0;1.0;-0.20000000000000004;0.29999999999999993
128;Charlie;0.5;0.7999999999999999;1.0;1.0;-0.20000000000000004;0.29999999999999993
129;Charlie;0.5;0.7999999999999999;1.0;1.0;-0.20000000000000004;0.29999999999999993
130;Charlie;0.5;0.7999999999999999;1.0;1.0;-0.20000000000000004;0.29999999999999993
131;Charlie;0.5;0.7999999999999999;1.0;1.0;-0.20000000000000004;0.29999999999999993
132;Charlie;0.5;0.7999999999999999;1.0;1.0;-0.20000000000000004;0.29999999999999993
133;Charlie;0.5;0.7999999999999999;1.0;1.0;-0.20000000000000004;0.29999999999999993
134;Charlie;0.5;0.7999999999999999;1.0;1.0;-0.20000000000000004;0.29999999999999993
143;Charlie;0.5;0.7999999999999999;1.0;1.0;-0.20000000000000004;0.29999999999999993
152;Charlie;0.5;0.7999999999999999;1.0;1.0;-0.20000000000000004;0.29999999999999993
161;Charlie;0.5;0.7999999999999999;1.0;1.0;-0.20000000000000004;0.29999999999999993
170;Charlie;0.5;0.7999999999999999;1.0;1.0;-0.20000000000000004;0.29999999999999993
179;Charlie;0.5;0.7999999999999999;1.0;1.0;-0.20000000000000004;0.29999999999999993
188;Charlie;0.5;0.7999999999999999;1.0;1.0;-0.20000000000000004;0.29999999999999993
197;Charlie;0.5;0.7999999999999999;1.0;1.0;-0.20000000000000004;0.29999999999999993
206;Charlie;0.5;0.7999999999999999;1.0;1.0;-0.20000000000000004;0.29999999999999993
215;Charlie;0.5;0.7999999999999999;1.0;1.0;-0.20000000000000004;0.29999999999999993
224;Charlie;0.5;0.7999999999999999;1.0;1.0;-0.20000000000000004;0.29999999999999993
233;Charlie;0.5;0.7999999999999999;1.0;1.0;-0.20000000000000004;0.29999999999999993
259;Charlie;0.5;0.7999999999999999;1.0;1.0;-0.20000000000000004;0.29999999999999993
268;Charlie;0.5;0.7999999999999999;1.0;1.0;-0.20000000000000004;0.29999999999999993
277;Charlie;0.5;0.7999999999999999;1.0;1.0;-0.20000000000000004;0.29999999999999993
286;Charlie;0.5;0.7999999999999999;1.0;1.0;-0.20000000000000004;0.29999999999999993
300;Charlie;0.5;0.7999999999999999;1.0;1.0;-0.20000000000000004;0.29999999999999993
314;Charlie;0.5;0.7999999999999999;1.0;1.0;-0.20000000000000004;0.29999999999999993
323;Charlie;0.5;0.7999999999999999;1.0;1.0;-0.20000000000000004;0.29999999999999993
332;Charlie;0.5;0.7999999999999999;1.0;1.0;-0.20000000000000004;0.29999999999999993
341;Charlie;0.5;0.7999999999999999;1.0;1.0;-0.20000000000000004;0.29999999999999993
350;Charlie;0.5;0.7999999999999999;1.0;1.0;-0.20000000000000004;0.29999999999999993
359;Charlie;0.5;0.7999999999999999;1.0;1.0;-0.20000000000000004;0.29999999999999993
368;Charlie;0.5;0.7999999999999999;1.0;1.0;-0.20000000000000004;0.29999999999999993
377;Charlie;0.5;0.7999999999999999;1.0;1.0;-0.20000000000000004;0.29999999999999993
386;Charlie;0.5;0.7999999999999999;1.0;1.0;-0.20000000000000004;0.29999999999999993
395;Charlie;0.5;0.7999999999999999;1.0;1.0;-0.20000000000000004;0.29999999999999993
421;Charlie;0.5;0.7999999999999999;1.0;1.0;-0.20000000000000004;0.29999999999999993
430;Charlie;0.5;0.7999999999999999;1.0;1.0;-0.20000000000000004;0.29999999999999993
439;Charlie;0.5;0.7999999999999999;1.0;1.0;-0.20000000000000004;0.29999999999999993
448;Charlie;0.5;0.7999999999999999;1.0;1.0;-0.20000000000000004;0.29999999999999993
457;Charlie;0.5;0.7999999999999999;1.0;1.0;-0.20000000000000004;0.29999999999999993
558;Charlie;0.5;0.7999999999999999;1.0;1.0;-0.20000000000000004;0.29999999999999993
567;Charlie;0.5;0.7999999999999999;1.0;1.0;-0.10000000000000003;0.29999999999999993
576;Charlie;0.5;0.7999999999999999;1.0;1.0;-0.10000000000000003;0.29999999999999993
585;Charlie;0.5;0.7999999999999999;1.0;1.0;-0.10000000000000003;0.29999999999999993
594;Charlie;0.5;0.7999999999999999;1.0;1.0;-0.10000000000000003;0.29999999999999993
595;Charlie;0.5;0.7999999999999999;1.0;1.0;-0.10000000000000003;0.29999999999999993
596;Charlie;0.5;0.7999999999999999;1.0;1.0;-0.10000000000000003;0.29999999999999993
597;Charlie;0.5;0.7999999999999999;1.0;1.0;-0.10000000000000003;0.29999999999999993
598;Charlie;0.5;0.7999999999999999;1.0;1.0;-0.10000000000000003;0.29999999999999993
599;Charlie;0.5;0.7999999999999999;1.0;1.0;-0.10000000000000003;0.29999999999999993
600;Charlie;0.5;0.7999999999999999;1.0;1.0;-0.10000000000000003;0.29999999999999993
601;Charlie;0.5;0.7999999999999999;1.0;1.0;-0.10000000000000003;0.29999999999999993
602;Charlie;0.5;0.7999999999999999;1.0;1.0;-0.10000000000000003;0.29999999999999993
603;Charlie;0.5;0.7999999999999999;1.0;1.0;-0.10000000000000003;0.29999999999999993
604;Charlie;0.5;0.7999999999999999;1.0;1.0;-0.10000000000000003;0.29999999999999993
605;Charlie;0.5;0.7999999999999999;1.0;1.0;-0.10000000000000003;0.29999999999999993
606;Charlie;0.5;0.7999999999999999;1.0;1.0;-0.10000000000000003;0.29999999999999993
607;Charlie;0.5;0.7999999999999999;1.0;1.0;-0.10000000000000003;0.29999999999999993
608;Charlie;0.5;0.7999999999999999;1.0;1.0;-0.10000000000000003;0.29999999999999993
609;Charlie;0.5;0.7999999999999999;1.0;1.0;-0.10000000000000003;0.29999999999999993
610;Charlie;0.5;0.7999999999999999;1.0;1.0;-0.10000000000000003;0.29999999999999993
611;Charlie;0.5;0.7999999999999999;1.0;1.0;-0.10000000000000003;0.29999999999999993
612;Charlie;0.5;0.7999999999999999;1.0;1.0;-0.10000000000000003;0.29999999999999993
613;Charlie;0.5;0.7999999999999999;1.0;1.0;-0.10000000000000003;0.29999999999999993
614;Charlie;0.5;0.7999999999999999;1.0;1.0;-0.10000000000000003;0.29999999999999993
615;Charlie;0.5;0.7999999999999999;1.0;1.0;-0.10000000000000003;0.29999999999999993
616;Charlie;0.5;0.7999999999999999;1.0;1.0;-0.10000000000000003;0.29999999999999993
617;Charlie;0.5;0.7999999999999999;1.0;1.0;-0.10000000000000003;0.29999999999999993
618;Charlie;0.5;0.7999999999999999;1.0;1.0;-0.10000000000000003;0.29999999999999993
619;Charlie;0.5;0.7999999999999999;1.0;1.0;-0.10000000000000003;0.29999999999999993
620;Charlie;0.5;0.7999999999999999;1.0;1.0;-0.10000000000000003;0.29999999999999993
621;Charlie;0.5;0.7999999999999999;1.0;1.0;-0.10000000000000003;0.29999999999999993
622;Charlie;0.5;0.7999999999999999;1.0;1.0;-0.10000000000000003;0.29999999999999993
623;Charlie;0.5;0.7999999999999999;1.0;1.0;-0.10000000000000003;0.29999999999999993
624;Charlie;0.5;0.7999999999999999;1.0;1.0;-0.10000000000000003;0.29999999999999993
625;Charlie;0.5;0.7999999999999999;1.0;1.0;-0.10000000000000003;0.29999999999999993
626;Charlie;0.5;0.7999999999999999;1.0;1.0;-0.10000000000000003;0.29999999999999993
627;Charlie;0.5;0.7999999999999999;1.0;1.0;-0.10000000000000003;0.29999999999999993
628;Charlie;0.5;0.7999999999999999;1.0;1.0;-0.10000000000000003;0.29999999999999993
629;Charlie;0.5;0.7999999999999999;1.0;1.0;-0.10000000000000003;0.29999999999999993
630;Charlie;0.5;0.7999999999999999;1.0;1.0;-0.10000000000000003;0.29999999999999993
631;Charlie;0.5;0.7999999999999999;1.0;1.0;-0.10000000000000003;0.29999999999999993
632;Charlie;0.5;0.7999999999999999;1.0;1.0;-0.10000000000000003;0.29999999999999993
633;Charlie;0.5;0.7999999999999999;1.0;1.0;-0.10000000000000003;0.29999999999999993
634;Charlie;0.5;0.7999999999999999;1.0;1.0;-0.10000000000000003;0.29999999999999993
660;Charlie;0.5;0.7999999999999999;1.0;1.0;-0.10000000000000003;0.49999999999999994
669;Charlie;0.5;0.7999999999999999;1.0;1.0;-0.10000000000000003;0.49999999999999994
678;Charlie;0.5;0.7999999999999999;1.0;1.0;-0.10000000000000003;0.49999999999999994
679;Charlie;0.5;0.7999999999999999;1.0;1.0;-0.10000000000000003;0.49999999999999994
680;Charlie;0.5;0.7999999999999999;1.0;1.0;-0.10000000000000003;0.49999999999999994
681;Charlie;0.5;0.7999999999999999;1.0;1.0;-0.10000000000000003;0.49999999999999994
682;Charlie;0.5;0.7999999999999999;1.0;1.0;-0.10000000000000003;0.49999999999999994
683;Charlie;0.5;0.7999999999999999;1.0;1.0;-0.10000000000000003;0.49999999999999994
684;Charlie;0.5;0.7999999999999999;1.0;1.0;-0.10000000000000003;0.49999999999999994
685;Charlie;0.5;0.7999999999999999;1.0;1.0;-0.10000000000000003;0.49999999999999994
686;Charlie;0.5;0.7999999999999999;1.0;1.0;-0.10000000000000003;0.49999999999999994
687;Charlie;0.5;0.7999999999999999;1.0;1.0;-0.10000000000000003;0.49999999999999994
688;Charlie;0.5;0.7999999999999999;1.0;1.0;-0.10000000000000003;0.49999999999999994
689;Charlie;0.5;0.7999999999999999;1.0;1.0;-0.10000000000000003;0.49999999999999994
690;Charlie;0.5;0.7999999999999999;1.0;1.0;-0.10000000000000003;0.49999999999999994
691;Charlie;0.5;0.7999999999999999;1.0;1.0;-0.10000000000000003;0.49999999999999994
692;Charlie;0.5;0.7999999999999999;1.0;1.0;-0.10000000000000003;0.49999999999999994
693;Charlie;0.5;0.7999999999999999;1.0;1.0;-0.10000000000000003;0.49999999999999994
694;Charlie;0.5;0.7999999999999999;1.0;1.0;-0.10000000000000003;0.49999999999999994
695;Charlie;0.5;0.7999999999999999;1.0;1.0;-0.10000000000000003;0.49999999999999994
696;Charlie;0.5;0.7999999999999999;1.0;1.0;-0.10000000000000003;0.49999999999999994
697;Charlie;0.5;0.7999999999999999;1.0;1.0;-0.10000000000000003;0.49999999999999994
698;Charlie;0.5;0.7999999999999999;1.0;1.0;-0.10000000000000003;0.49999999999999994
699;Charlie;0.5;0.7999999999999999;1.0;1.0;-0.10000000000000003;0.49999999999999994
700;Charlie;0.5;0.7999999999999999;1.0;1.0;-0.10000000000000003;0.49999999999999994
701;Charlie;0.5;0.7999999999999999;1.0;1.0;-0.10000000000000003;0.49999999999999994
702;Charlie;0.5;0.7999999999999999;1.0;1.0;-0.10000000000000003;0.49999999999999994
703;Charlie;0.5;0.7999999999999999;1.0;1.0;-0.10000000000000003;0.49999999999999994
704;Charlie;0.5;0.7999999999999999;1.0;1.0;-0.10000000000000003;0.49999999999999994
705;Charlie;0.5;0.7999999999999999;1.0;1.0;-0.10000000000000003;0.49999999999999994
706;Charlie;0.5;0.7999999999999999;1.0;1.0;-0.10000000000000003;0.49999999999999994
707;Charlie;0.5;0.7999999999999999;1.0;1.0;-0.10000000000000003;0.49999999999999994
708;Charlie;0.5;0.7999999999999999;1.0;1.0;-0.10000000000000003;0.49999999999999994
709;Charlie;0.5;0.7999999999999999;1.0;1.0;-0.10000000000000003;0.49999999999999994
710;Charlie;0.5;0.7999999999999999;1.0;1.0;-0.10000000000000003;0.49999999999999994
711;Charlie;0.5;0.7999999999999999;1.0;1.0;-0.10000000000000003;0.49999999999999994
712;Charlie;0.5;0.7999999999999999;1.0;1.0;-0.10000000000000003;0.49999999999999994
713;Charlie;0.5;0.7999999999999999;1.0;1.0;-0.10000000000000003;0.49999999999999994
714;Charlie;0.5;0.7999999999999999;1.0;1.0;-0.10000000000000003;0.49999999999999994
715;Charlie;0.5;0.7999999999999999;1.0;1.0;-0.10000000000000003;0.49999999999999994
716;Charlie;0.5;0.7999999999999999;1.0;1.0;-0.10000000000000003;0.49999999999999994
717;Charlie;0.5;0.7999999999999999;1.0;1.0;-0.10000000000000003;0.49999999999999994
718;Charlie;0.5;0.7999999999999999;1.0;1.0;-0.10000000000000003;0.49999999999999994
719;Charlie;0.5;0.7999999999999999;1.0;1.0;-0.10000000000000003;0.49999999999999994
720;Charlie;0.5;0.7999999999999999;1.0;1.0;-0.10000000000000003;0.49999999999999994
721;Charlie;0.5;0.7999999999999999;1.0;1.0;-0.10000000000000003;0.49999999999999994
722;Charlie;0.5;0.7999999999999999;1.0;1.0;-0.10000000000000003;0.49999999999999994
723;Charlie;0.5;0.7999999999999999;1.0;1.0;-0.10000000000000003;0.49999999999999994
724;Charlie;0.5;0.7999999999999999;1.0;1.0;-0.10000000000000003;0.49999999999999994
725;Charlie;0.5;0.7999999999999999;1.0;1.0;-0.10000000000000003;0.49999999999999994
726;Charlie;0.5;0.7999999999999999;1.0;1.0;-0.10000000000000003;0.49999999999999994
727;Charlie;0.5;0.7999999999999999;1.0;1.0;-0.10000000000000003;0.49999999999999994
728;Charlie;0.5;0.7999999999999999;1.0;1.0;-0.10000000000000003;0.49999999999999994
729;Charlie;0.5;0.7999999999999999;1.0;1.0;-0.10000000000000003;0.49999999999999994
730;Charlie;0.5;0.7999999999999999;1.0;1.0;-0.10000000000000003;0.49999999999999994
731;Charlie;0.5;0.7999999999999999;1.0;1.0;-0.10000000000000003;0.49999999999999994
732;Charlie;0.5;0.7999999999999999;1.0;1.0;-0.10000000000000003;0.49999999999999994
733;Charlie;0.5;0.7999999999999999;1.0;1.0;-0.10000000000000003;0.49999999999999994
734;Charlie;0.5;0.7999999999999999;1.0;1.0;-0.10000000000000003;0.49999999999999994
735;Charlie;0.5;0.7999999999999999;1.0;1.0;-0.10000000000000003;0.49999999999999994
736;Charlie;0.5;0.7999999999999999;1.0;1.0;-0.10000000000000003;0.49999999999999994
737;Charlie;0.5;0.7999999999999999;1.0;1.0;-0.10000000000000003;0.49999999999999994
738;Charlie;0.5;0.7999999999999999;1.0;1.0;-0.10000000000000003;0.49999999999999994
739;Charlie;0.5;0.7999999999999999;1.0;1.0;-0.10000000000000003;0.49999999999999994
740;Charlie;0.5;0.7999999999999999;1.0;1.0;-0.10000000000000003;0.49999999999999994
741;Charlie;0.5;0.7999999999999999;1.0;1.0;-0.10000000000000003;0.49999999999999994
742;Charlie;0.5;0.7999999999999999;1.0;1.0;-0.10000000000000003;0.49999999999999994
743;Charlie;0.5;0.7999999999999999;1.0;1.0;-0.10000000000000003;0.49999999999999994
744;Charlie;0.5;0.7999999999999999;1.0;1.0;-0.10000000000000003;0.49999999999999994
745;Charlie;0.5;0.7999999999999999;1.0;1.0;-0.10000000000000003;0.49999999999999994
746;Charlie;0.5;0.7999999999999999;1.0;1.0;-0.10000000000000003;0.49999999999999994
747;Charlie;0.5;0.7999999999999999;1.0;1.0;-0.10000000000000003;0.49999999999999994
748;Charlie;0.5;0.7999999999999999;1.0;1.0;-0.10000000000000003;0.49999999999999994
749;Charlie;0.5;0.7999999999999999;1.0;1.0;-0.10000000000000003;0.49999999999999994
750;Charlie;0.5;0.7999999999999999;1.0;1.0;-0.10000000000000003;0.49999999999999994
751;Charlie;0.5;0.7999999999999999;1.0;1.0;-0.10000000000000003;0.49999999999999994
752;Charlie;0.5;0.7999999999999999;1.0;1.0;-0.10000000000000003;0.49999999999999994
753;Charlie;0.5;0.7999999999999999;1.0;1.0;-0.10000000000000003;0.49999999999999994
754;Charlie;0.5;0.7999999999999999;1.0;1.0;-0.10000000000000003;0.49999999999999994
755;Charlie;0.5;0.7999999999999999;1.0;1.0;-0.10000000000000003;0.49999999999999994
756;Charlie;0.5;0.7999999999999999;1.0;1.0;-0.10000000000000003;0.49999999999999994
757;Charlie;0.5;0.7999999999999999;1.0;1.0;-0.10000000000000003;0.49999999999999994
758;Charlie;0.5;0.7999999999999999;1.0;1.0;-0.10000000000000003;0.49999999999999994
759;Charlie;0.5;0.7999999999999999;1.0;1.0;-0.10000000000000003;0.49999999999999994
760;Charlie;0.5;0.7999999999999999;1.0;1.0;-0.10000000000000003;0.49999999999999994
761;Charlie;0.5;0.7999999999999999;1.0;1.0;-0.10000000000000003;0.49999999999999994
762;Charlie;0.5;0.7999999999999999;1.0;1.0;-0.10000000000000003;0.49999999999999994
763;Charlie;0.5;0.7999999999999999;1.0;1.0;-0.10000000000000003;0.49999999999999994
764;Charlie;0.5;0.7999999999999999;1.0;1.0;-0.10000000000000003;0.49999999999999994
765;Charlie;0.5;0.7999999999999999;1.0;1.0;-0.10000000000000003;0.49999999999999994
766;Charlie;0.5;0.7999999999999999;1.0;1.0;-0.10000000000000003;0.49999999999999994
767;Charlie;0.5;0.7999999999999999;1.0;1.0;-0.10000000000000003;0.49999999999999994
768;Charlie;0.5;0.7999999999999999;1.0;1.0;-0.10000000000000003;0.49999999999999994
769;Charlie;0.5;0.7999999999999999;1.0;1.0;-0.10000000000000003;0.49999999999999994
770;Charlie;0.5;0.7999999999999999;1.0;1.0;-0.10000000000000003;0.49999999999999994
771;Charlie;0.5;0.7999999999999999;1.0;1.0;-0.10000000000000003;0.49999999999999994
772;Charlie;0.5;0.7999999999999999;1.0;1.0;-0.10000000000000003;0.49999999999999994
773;Charlie;0.5;0.7999999999999999;1.0;1.0;-0.10000000000000003;0.49999999999999994
774;Charlie;0.5;0.7999999999999999;1.0;1.0;-0.10000000000000003;0.49999999999999994
775;Charlie;0.5;0.7999999999999999;1.0;1.0;-0.10000000000000003;0.49999999999999994
776;Charlie;0.5;0.7999999999999999;1.0;1.0;-0.10000000000000003;0.49999999999999994
777;Charlie;0.5;0.7999999999999999;1.0;1.0;-0.10000000000000003;0.49999999999999994
778;Charlie;0.5;0.7999999999999999;1.0;1.0;-0.10000000000000003;0.49999999999999994
779;Charlie;0.5;0.7999999999999999;1.0;1.0;-0.10000000000000003;0.49999999999999994
780;Charlie;0.5;0.7999999999999999;1.0;1.0;-0.10000000000000003;0.49999999999999994
781;Charlie;0.5;0.7999999999999999;1.0;1.0;-0.10000000000000003;0.49999999999999994
782;Charlie;0.5;0.7999999999999999;1.0;1.0;-0.10000000000000003;0.49999999999999994
783;Charlie;0.5;0.7999999999999999;1.0;1.0;-0.10000000000000003;0.49999999999999994
784;Charlie;0.5;0.7999999999999999;1.0;1.0;-0.10000000000000003;0.49999999999999994
785;Charlie;0.5;0.7999999999999999;1.0;1.0;-0.10000000000000003;0.49999999999999994
786;Charlie;0.5;0.7999999999999999;1.0;1.0;-0.10000000000000003;0.49999999999999994
787;Charlie;0.5;0.7999999999999999;1.0;1.0;-0.10000000000000003;0.49999999999999994
788;Charlie;0.5;0.7999999999999999;1.0;1.0;-0.10000000000000003;0.49999999999999994
789;Charlie;0.5;0.7999999999999999;1.0;1.0;-0.10000000000000003;0.49999999999999994
790;Charlie;0.5;0.7999999999999999;1.0;1.0;-0.10000000000000003;0.49999999999999994
791;Charlie;0.5;0.7999999999999999;1.0;1.0;-0.10000000000000003;0.49999999999999994
792;Charlie;0.5;0.7999999999999999;1.0;1.0;-0.10000000000000003;0.49999999999999994
793;Charlie;0.5;0.7999999999999999;1.0;1.0;-0.10000000000000003;0.49999999999999994
794;Charlie;0.5;0.7999999999999999;1.0;1.0;-0.10000000000000003;0.49999999999999994
795;Charlie;0.5;0.7999999999999999;1.0;1.0;-0.10000000000000003;0.49999999999999994
796;Charlie;0.5;0.7999999999999999;1.0;1.0;-0.10000000000000003;0.49999999999999994
797;Charlie;0.5;0.7999999999999999;1.0;1.0;-0.10000000000000003;0.49999999999999994
798;Charlie;0.5;0.7999999999999999;1.0;1.0;-0.10000000000000003;0.49999999999999994
799;Charlie;0.5;0.7999999999999999;1.0;1.0;-0.10000000000000003;0.49999999999999994
800;Charlie;0.5;0.7999999999999999;1.0;1.0;-0.10000000000000003;0.49999999999999994
801;Charlie;0.5;0.7999999999999999;1.0;1.0;-0.10000000000000003;0.49999999999999994
802;Charlie;0.5;0.7999999999999999;1.0;1.0;-0.10000000000000003;0.49999999999999994
803;Charlie;0.5;0.7999999999999999;1.0;1.0;-0.10000000000000003;0.49999999999999994
804;Charlie;0.5;0.7999999999999999;1.0;1.0;-0.10000000000000003;0.49999999999999994
805;Charlie;0.5;0.7999999999999999;1.0;1.0;-0.10000000000000003;0.49999999999999994
806;Charlie;0.5;0.7999999999999999;1.0;1.0;-0.10000000000000003;0.49999999999999994
807;Charlie;0.5;0.7999999999999999;1.0;1.0;-0.10000000000000003;0.49999999999999994
808;Charlie;0.5;0.7999999999999999;1.0;1.0;-0.10000000000000003;0.49999999999999994
809;Charlie;0.5;0.7999999999999999;1.0;1.0;-0.10000000000000003;0.49999999999999994
810;Charlie;0.5;0.7999999999999999;1.0;1.0;-0.10000000000000003;0.49999999999999994
811;Charlie;0.5;0.7999999999999999;1.0;1.0;-0.10000000000000003;0.49999999999999994
812;Charlie;0.5;0.7999999999999999;1.0;1.0;-0.10000000000000003;0.49999999999999994
813;Charlie;0.5;0.7999999999999999;1.0;1.0;-0.10000000000000003;0.49999999999999994
814;Charlie;0.5;0.7999999999999999;1.0;1.0;-0.10000000000000003;0.49999999999999994
815;Charlie;0.5;0.7999999999999999;1.0;1.0;-0.10000000000000003;0.49999999999999994
816;Charlie;0.5;0.7999999999999999;1.0;1.0;-0.10000000000000003;0.49999999999999994
817;Charlie;0.5;0.7999999999999999;1.0;1.0;-0.10000000000000003;0.49999999999999994
818;Charlie;0.5;0.7999999999999999;1.0;1.0;-0.10000000000000003;0.49999999999999994
819;Charlie;0.5;0.7999999999999999;1.0;1.0;-0.10000000000000003;0.49999999999999994
820;Charlie;0.5;0.7999999999999999;1.0;1.0;-0.10000000000000003;0.49999999999999994
821;Charlie;0.5;0.7999999999999999;1.0;1.0;-0.10000000000000003;0.49999999999999994
822;Charlie;0.5;0.7999999999999999;1.0;1.0;-0.10000000000000003;0.49999999999999994
823;Charlie;0.5;0.7999999999999999;1.0;1.0;-0.10000000000000003;0.49999999999999994
824;Charlie;0.5;0.7999999999999999;1.0;1.0;-0.10000000000000003;0.49999999999999994
825;Charlie;0.5;0.7999999999999999;1.0;1.0;-0.10000000000000003;0.49999999999999994
826;Charlie;0.5;0.7999999999999999;1.0;1.0;-0.10000000000000003;0.49999999999999994
827;Charlie;0.5;0.7999999999999999;1.0;1.0;-0.10000000000000003;0.49999999999999994
828;Charlie;0.5;0.7999999999999999;1.0;1.0;-0.10000000000000003;0.49999999999999994
829;Charlie;0.5;0.7999999999999999;1.0;1.0;-0.10000000000000003;0.49999999999999994
830;Charlie;0.5;0.7999999999999999;1.0;1.0;-0.10000000000000003;0.49999999999999994
831;Charlie;0.5;0.7999999999999999;1.0;1.0;-0.10000000000000003;0.49999999999999994
832;Charlie;0.5;0.7999999999999999;1.0;1.0;-0.10000000000000003;0.49999999999999994
833;Charlie;0.5;0.7999999999999999;1.0;1.0;-0.10000000000000003;0.49999999999999994
834;Charlie;0.5;0.7999999999999999;1.0;1.0;-0.10000000000000003;0.49999999999999994
835;Charlie;0.5;0.7999999999999999;1.0;1.0;-0.10000000000000003;0.49999999999999994
836;Charlie;0.5;0.7999999999999999;1.0;1.0;-0.10000000000000003;0.49999999999999994
837;Charlie;0.5;0.7999999999999999;1.0;1.0;-0.10000000000000003;0.49999999999999994
838;Charlie;0.5;0.7999999999999999;1.0;1.0;-0.10000000000000003;0.49999999999999994
839;Charlie;0.5;0.7999999999999999;1.0;1.0;-0.10000000000000003;0.49999999999999994
840;Charlie;0.5;0.7999999999999999;1.0;1.0;-0.10000000000000003;0.49999999999999994
841;Charlie;0.5;0.7999999999999999;1.0;1.0;-0.10000000000000003;0.49999999999999994
842;Charlie;0.5;0.7999999999999999;1.0;1.0;-0.10000000000000003;0.49999999999999994
843;Charlie;0.5;0.7999999999999999;1.0;1.0;-0.10000000000000003;0.49999999999999994
844;Charlie;0.5;0.7999999999999999;1.0;1.0;-0.10000000000000003;0.49999999999999994
845;Charlie;0.5;0.7999999999999999;1.0;1.0;-0.10000000000000003;0.49999999999999994
846;Charlie;0.5;0.7999999999999999;1.0;1.0;-0.10000000000000003;0.49999999999999994
847;Charlie;0.5;0.7999999999999999;1.0;1.0;-0.10000000000000003;0.49999999999999994
848;Charlie;0.5;0.7999999999999999;1.0;1.0;-0.10000000000000003;0.49999999999999994
849;Charlie;0.5;0.7999999999999999;1.0;1.0;-0.10000000000000003;0.49999999999999994
850;Charlie;0.5;0.7999999999999999;1.0;1.0;-0.10000000000000003;0.49999999999999994
851;Charlie;0.5;0.7999999999999999;1.0;1.0;-0.10000000000000003;0.49999999999999994
852;Charlie;0.5;0.7999999999999999;1.0;1.0;-0.10000000000000003;0.49999999999999994
853;Charlie;0.5;0.7999999999999999;1.0;1.0;-0.10000000000000003;0.49999999999999994
854;Charlie;0.5;0.7999999999999999;1.0;1.0;-0.10000000000000003;0.49999999999999994
855;Charlie;0.5;0.7999999999999999;1.0;1.0;-0.10000000000000003;0.49999999999999994
856;Charlie;0.5;0.7999999999999999;1.0;1.0;-0.10000000000000003;0.49999999999999994
857;Charlie;0.5;0.7999999999999999;1.0;1.0;-0.10000000000000003;0.49999999999999994
858;Charlie;0.5;0.7999999999999999;1.0;1.0;-0.10000000000000003;0.49999999999999994
859;Charlie;0.5;0.7999999999999999;1.0;1.0;-0.10000000000000003;0.49999999999999994
860;Charlie;0.5;0.3999999999999999;1.0;1.0;-0.10000000000000003;0.49999999999999994
861;Charlie;0.5;0.3999999999999999;1.0;1.0;-0.10000000000000003;0.49999999999999994
862;Charlie;0.5;0.3999999999999999;1.0;1.0;-0.10000000000000003;0.49999999999999994
863;Charlie;0.5;0.3999999999999999;1.0;1.0;-0.10000000000000003;0.49999999999999994
864;Charlie;0.5;0.3999999999999999;1.0;1.0;-0.10000000000000003;0.49999999999999994
865;Charlie;0.5;0.3999999999999999;1.0;1.0;-0.10000000000000003;0.49999999999999994
866;Charlie;0.5;0.3999999999999999;1.0;1.0;-0.10000000000000003;0.49999999999999994
867;Charlie;0.5;0.3999999999999999;1.0;1.0;-0.10000000000000003;0.49999999999999994
868;Charlie;0.5;0.3999999999999999;1.0;1.0;-0.10000000000000003;0.49999999999999994
869;Charlie;0.5;0.3999999999999999;1.0;1.0;-0.10000000000000003;0.49999999999999994
870;Charlie;0.5;0.3999999999999999;1.0;1.0;-0.10000000000000003;0.49999999999999994
871;Charlie;0.5;0.3999999999999999;1.0;1.0;-0.10000000000000003;0.49999999999999994
872;Charlie;0.5;0.3999999999999999;1.0;1.0;-0.10000000000000003;0.49999999999999994
873;Charlie;0.5;0.3999999999999999;1.0;1.0;-0.10000000000000003;0.49999999999999994
874;Charlie;0.5;0.3999999999999999;1.0;1.0;-0.10000000000000003;0.49999999999999994
875;Charlie;0.5;0.3999999999999999;1.0;1.0;-0.10000000000000003;0.49999999999999994
876;Charlie;0.5;0.3999999999999999;1.0;1.0;-0.10000000000000003;0.49999999999999994
877;Charlie;0.5;0.3999999999999999;1.0;1.0;-0.10000000000000003;0.49999999999999994
878;Charlie;0.5;0.3999999999999999;1.0;1.0;-0.10000000000000003;0.49999999999999994
879;Charlie;0.5;0.3999999999999999;1.0;1.0;-0.10000000000000003;0.49999999999999994
880;Charlie;0.5;0.3999999999999999;1.0;1.0;-0.10000000000000003;0.49999999999999994
889;Charlie;0.5;0.3999999999999999;1.0;1.0;-0.10000000000000003;0.49999999999999994
898;Charlie;0.5;0.3999999999999999;1.0;1.0;-0.10000000000000003;0.49999999999999994
907;Charlie;0.5;0.3999999999999999;1.0;1.0;-0.10000000000000003;0.49999999999999994
916;Charlie;0.5;0.3999999999999999;1.0;1.0;-0.10000000000000003;0.49999999999999994
925;Charlie;0.5;0.3999999999999999;1.0;1.0;-0.10000000000000003;0.49999999999999994
939;Charlie;0.5;0.3999999999999999;1.0;1.0;-0.10000000000000003;0.49999999999999994
948;Charlie;0.5;0.3999999999999999;1.0;1.0;-0.10000000000000003;0.49999999999999994
957;Charlie;0.5;0.3999999999999999;1.0;1.0;-0.10000000000000003;0.49999999999999994
966;Charlie;0.5;0.3999999999999999;1.0;1.0;-0.10000000000000003;0.49999999999999994
975;Charlie;0.5;0.3999999999999999;1.0;1.0;-0.10000000000000003;0.49999999999999994
984;Charlie;0.5;0.3999999999999999;1.0;1.0;-0.10000000000000003;0.49999999999999994
993;Charlie;0.5;0.3999999999999999;1.0;1.0;-0.10000000000000003;0.49999999999999994
1002;Charlie;0.5;0.3999999999999999;1.0;1.0;-0.10000000000000003;0.49999999999999994
1016;Charlie;0.5;0.3999999999999999;1.0;1.0;-0.10000000000000003;0.49999999999999994
1030;Charlie;0.5;0.3999999999999999;1.0;1.0;-0.10000000000000003;0.49999999999999994
1044;Charlie;0.5;0.3999999999999999;1.0;1.0;-0.10000000000000003;0.49999999999999994
1245;Charlie;0.5;0.3999999999999999;1.0;1.0;-0.10000000000000003;0.49999999999999994
1254;Charlie;0.5;0.3999999999999999;1.0;1.0;-0.10000000000000003;0.49999999999999994
1263;Charlie;0.5;0.3999999999999999;1.0;1.0;-0.10000000000000003;0.49999999999999994
1272;Charlie;0.5;0.3999999999999999;1.0;1.0;-0.10000000000000003;0.49999999999999994
1281;Charlie;0.5;0.3999999999999999;1.0;1.0;-0.10000000000000003;0.49999999999999994
1290;Charlie;0.5;0.3999999999999999;1.0;1.0;-0.10000000000000003;0.49999999999999994
1291;Charlie;0.5;0.3999999999999999;1.0;1.0;-0.10000000000000003;0.49999999999999994
1292;Charlie;0.5;0.3999999999999999;1.0;1.0;-0.10000000000000003;0.49999999999999994
1293;Charlie;0.5;0.3999999999999999;1.0;1.0;-0.10000000000000003;0.49999999999999994
1294;Charlie;0.5;0.3999999999999999;1.0;1.0;-0.10000000000000003;0.49999999999999994
1295;Charlie;0.5;0.3999999999999999;1.0;1.0;-0.10000000000000003;0.49999999999999994
1296;Charlie;0.5;0.3999999999999999;1.0;1.0;-0.10000000000000003;0.49999999999999994
1297;Charlie;0.5;0.3999999999999999;1.0;1.0;-0.10000000000000003;0.49999999999999994
1298;Charlie;0.5;0.3999999999999999;1.0;1.0;-0.10000000000000003;0.49999999999999994
1299;Charlie;0.5;0.3999999999999999;1.0;1.0;-0.10000000000000003;0.49999999999999994
1300;Charlie;0.5;0.3999999999999999;1.0;1.0;-0.10000000000000003;0.49999999999999994
1301;Charlie;0.5;0.3999999999999999;1.0;1.0;-0.10000000000000003;0.49999999999999994
1302;Charlie;0.5;0.3999999999999999;1.0;1.0;-0.10000000000000003;0.49999999999999994
1303;Charlie;0.5;0.3999999999999999;1.0;1.0;-0.10000000000000003;0.49999999999999994
1304;Charlie;0.5;0.3999999999999999;1.0;1.0;-0.10000000000000003;0.49999999999999994
1305;Charlie;0.5;0.3999999999999999;1.0;1.0;-0.10000000000000003;0.49999999999999994
1306;Charlie;0.5;0.3999999999999999;1.0;1.0;-0.10000000000000003;0.49999999999999994
1307;Charlie;0.5;0.3999999999999999;1.0;1.0;-0.10000000000000003;0.49999999999999994
1308;Charlie;0.5;0.3999999999999999;1.0;1.0;-0.10000000000000003;0.49999999999999994
1309;Charlie;0.5;0.3999999999999999;1.0;1.0;-0.10000000000000003;0.49999999999999994
1310;Charlie;0.5;0.3999999999999999;1.0;1.0;-0.10000000000000003;0.49999999999999994
1311;Charlie;0.5;0.3999999999999999;1.0;1.0;-0.10000000000000003;0.49999999999999994
1312;Charlie;0.5;0.3999999999999999;1.0;1.0;-0.10000000000000003;0.49999999999999994
1313;Charlie;0.5;0.3999999999999999;1.0;1.0;-0.10000000000000003;0.49999999999999994
1314;Charlie;0.5;0.3999999999999999;1.0;1.0;-0.10000000000000003;0.49999999999999994
1315;Charlie;0.5;0.3999999999999999;1.0;1.0;-0.10000000000000003;0.49999999999999994
1316;Charlie;0.5;0.3999999999999999;1.0;1.0;-0.10000000000000003;0.49999999999999994
1317;Charlie;0.5;0.3999999999999999;1.0;1.0;-0.10000000000000003;0.49999999999999994
1318;Charlie;0.5;0.3999999999999999;1.0;1.0;-0.10000000000000003;0.49999999999999994
1319;Charlie;0.5;0.3999999999999999;1.0;1.0;-0.10000000000000003;0.49999999999999994
1320;Charlie;0.5;0.3999999999999999;1.0;1.0;-0.10000000000000003;0.49999999999999994
1321;Charlie;0.5;0.3999999999999999;1.0;1.0;-0.10000000000000003;0.49999999999999994
1322;Charlie;0.5;0.3999999999999999;1.0;1.0;-0.10000000000000003;0.49999999999999994
1323;Charlie;0.5;0.3999999999999999;1.0;1.0;-0.10000000000000003;0.49999999999999994
1324;Charlie;0.5;0.3999999999999999;1.0;1.0;-0.10000000000000003;0.49999999999999994
1325;Charlie;0.5;0.3999999999999999;1.0;1.0;-0.10000000000000003;0.49999999999999994
1326;Charlie;0.5;0.3999999999999999;1.0;1.0;-0.10000000000000003;0.49999999999999994
1327;Charlie;0.5;0.3999999999999999;1.0;1.0;-0.10000000000000003;0.49999999999999994
1328;Charlie;0.5;0.3999999999999999;1.0;1.0;-0.10000000000000003;0.49999999999999994
1329;Charlie;0.5;0.3999999999999999;1.0;1.0;-0.10000000000000003;0.49999999999999994
1330;Charlie;0.5;0.3999999999999999;1.0;1.0;-0.10000000000000003;0.49999999999999994
1331;Charlie;0.5;0.3999999999999999;1.0;1.0;-0.10000000000000003;0.49999999999999994
1332;Charlie;0.5;0.3999999999999999;1.0;1.0;-0.10000000000000003;0.49999999999999994
1333;Charlie;0.5;0.3999999999999999;1.0;1.0;-0.10000000000000003;0.49999999999999994
1334;Charlie;0.5;0.3999999999999999;1.0;1.0;-0.10000000000000003;0.49999999999999994
1335;Charlie;0.5;0.3999999999999999;1.0;1.0;-0.10000000000000003;0.49999999999999994
1336;Charlie;0.5;0.3999999999999999;1.0;1.0;-0.10000000000000003;0.49999999999999994
1337;Charlie;0.5;0.3999999999999999;1.0;1.0;-0.10000000000000003;0.49999999999999994
1338;Charlie;0.5;0.3999999999999999;1.0;1.0;-0.10000000000000003;0.49999999999999994
1339;Charlie;0.5;0.3999999999999999;1.0;1.0;-0.10000000000000003;0.49999999999999994
1340;Charlie;0.5;0.3999999999999999;1.0;1.0;-0.10000000000000003;0.49999999999999994
1341;Charlie;0.5;0.3999999999999999;1.0;1.0;-0.10000000000000003;0.49999999999999994
1342;Charlie;0.5;0.3999999999999999;1.0;1.0;-0.10000000000000003;0.49999999999999994
1343;Charlie;0.5;0.3999999999999999;1.0;1.0;-0.10000000000000003;0.49999999999999994
1344;Charlie;0.5;0.3999999999999999;1.0;1.0;-0.10000000000000003;0.49999999999999994
1345;Charlie;0.5;0.3999999999999999;1.0;1.0;-0.10000000000000003;0.49999999999999994
1346;Charlie;0.5;0.3999999999999999;1.0;1.0;-0.10000000000000003;0.49999999999999994
1347;Charlie;0.5;0.3999999999999999;1.0;1.0;-0.10000000000000003;0.49999999999999994
1348;Charlie;0.5;0.3999999999999999;1.0;1.0;-0.10000000000000003;0.49999999999999994
1349;Charlie;0.5;0.3999999999999999;1.0;1.0;-0.10000000000000003;0.49999999999999994
1350;Charlie;0.5;0.3999999999999999;1.0;1.0;-0.10000000000000003;0.49999999999999994
1351;Charlie;0.5;0.3999999999999999;1.0;1.0;-0.10000000000000003;0.49999999999999994
1352;Charlie;0.5;0.3999999999999999;1.0;1.0;-0.10000000000000003;0.49999999999999994
1353;Charlie;0.5;0.3999999999999999;1.0;1.0;-0.10000000000000003;0.49999999999999994
1354;Charlie;0.5;0.3999999999999999;1.0;1.0;-0.10000000000000003;0.49999999999999994
1355;Charlie;0.5;0.3999999999999999;1.0;1.0;-0.10000000000000003;0.49999999999999994
1356;Charlie;0.5;0.3999999999999999;1.0;1.0;-0.10000000000000003;0.49999999999999994
1357;Charlie;0.5;0.3999999999999999;1.0;1.0;-0.10000000000000003;0.49999999999999994
1358;Charlie;0.5;0.3999999999999999;1.0;1.0;-0.10000000000000003;0.49999999999999994
1359;Charlie;0.5;0.3999999999999999;1.0;1.0;-0.10000000000000003;0.49999999999999994
1360;Charlie;0.5;0.3999999999999999;1.0;1.0;-0.10000000000000003;0.49999999999999994
1361;Charlie;0.5;0.3999999999999999;1.0;1.0;-0.10000000000000003;0.49999999999999994
1362;Charlie;0.5;0.3999999999999999;1.0;1.0;-0.10000000000000003;0.49999999999999994
1363;Charlie;0.5;0.3999999999999999;1.0;1.0;-0.10000000000000003;0.49999999999999994
1364;Charlie;0.5;0.3999999999999999;1.0;1.0;-0.10000000000000003;0.49999999999999994
1365;Charlie;0.5;0.3999999999999999;1.0;1.0;-0.10000000000000003;0.49999999999999994
1366;Charlie;0.5;0.3999999999999999;1.0;1.0;-0.10000000000000003;0.49999999999999994
1367;Charlie;0.5;0.3999999999999999;1.0;1.0;-0.10000000000000003;0.49999999999999994
1368;Charlie;0.5;0.3999999999999999;1.0;1.0;-0.10000000000000003;0.49999999999999994
1369;Charlie;0.5;0.3999999999999999;1.0;1.0;-0.10000000000000003;0.49999999999999994
1370;Charlie;0.5;0.3999999999999999;1.0;1.0;-0.10000000000000003;0.49999999999999994
1371;Charlie;0.5;0.3999999999999999;1.0;1.0;-0.10000000000000003;0.49999999999999994
1372;Charlie;0.5;0.3999999999999999;1.0;1.0;-0.10000000000000003;0.49999999999999994
1373;Charlie;0.5;0.3999999999999999;1.0;1.0;-0.10000000000000003;0.49999999999999994
1374;Charlie;0.5;0.3999999999999999;1.0;1.0;-0.10000000000000003;0.49999999999999994
1375;Charlie;0.5;0.3999999999999999;1.0;1.0;-0.10000000000000003;0.49999999999999994
1376;Charlie;0.5;0.3999999999999999;1.0;1.0;-0.10000000000000003;0.49999999999999994
1377;Charlie;0.5;0.3999999999999999;1.0;1.0;-0.10000000000000003;0.49999999999999994
1378;Charlie;0.5;0.3999999999999999;1.0;1.0;-0.10000000000000003;0.49999999999999994
1379;Charlie;0.5;0.3999999999999999;1.0;1.0;-0.10000000000000003;0.49999999999999994
1380;Charlie;0.5;0.3999999999999999;1.0;1.0;-0.10000000000000003;0.49999999999999994
1381;Charlie;0.5;0.3999999999999999;1.0;1.0;-0.10000000000000003;0.49999999999999994
1382;Charlie;0.5;0.3999999999999999;1.0;1.0;-0.10000000000000003;0.49999999999999994
1383;Charlie;0.5;0.3999999999999999;1.0;1.0;-0.10000000000000003;0.49999999999999994
1384;Charlie;0.5;0.3999999999999999;1.0;1.0;-0.10000000000000003;0.49999999999999994
1385;Charlie;0.5;0.3999999999999999;1.0;1.0;-0.10000000000000003;0.49999999999999994
1386;Charlie;0.5;0.3999999999999999;1.0;1.0;-0.10000000000000003;0.49999999999999994
1387;Charlie;0.5;0.3999999999999999;1.0;1.0;-0.10000000000000003;0.49999999999999994
1388;Charlie;0.5;0.3999999999999999;1.0;1.0;-0.10000000000000003;0.49999999999999994
1389;Charlie;0.5;0.3999999999999999;1.0;1.0;-0.10000000000000003;0.49999999999999994
1390;Charlie;0.5;0.3999999999999999;1.0;1.0;-0.10000000000000003;0.49999999999999994
1391;Charlie;0.5;0.3999999999999999;1.0;1.0;-0.10000000000000003;0.49999999999999994
1392;Charlie;0.5;0.3999999999999999;1.0;1.0;-0.10000000000000003;0.49999999999999994
1393;Charlie;0.5;0.3999999999999999;1.0;1.0;-0.10000000000000003;0.49999999999999994
1394;Charlie;0.5;0.3999999999999999;1.0;1.0;-0.10000000000000003;0.49999999999999994
1395;Charlie;0.5;0.3999999999999999;1.0;1.0;-0.10000000000000003;0.49999999999999994
1421;Charlie;0.5;0.3999999999999999;0.9;1.0;-0.10000000000000003;0.09999999999999992
1430;Charlie;0.5;0.3999999999999999;0.9;1.0;-0.10000000000000003;0.09999999999999992
1439;Charlie;0.5;0.3999999999999999;0.9;1.0;-0.10000000000000003;0.09999999999999992
1448;Charlie;0.5;0.3999999999999999;0.9;1.0;-0.10000000000000003;0.09999999999999992
1462;Charlie;0.5;0.3999999999999999;0.9;1.0;-0.10000000000000003;0.09999999999999992
1476;Charlie;0.5;0.3999999999999999;0.9;1.0;-0.10000000000000003;0.09999999999999992
1490;Charlie;0.5;0.3999999999999999;0.9;1.0;-0.10000000000000003;0.09999999999999992
1499;Charlie;0.5;0.3999999999999999;0.9;1.0;-0.10000000000000003;0.09999999999999992
1508;Charlie;0.5;0.3999999999999999;0.9;1.0;-0.10000000000000003;0.09999999999999992
1517;Charlie;0.5;0.3999999999999999;0.9;1.0;-0.10000000000000003;0.09999999999999992
1526;Charlie;0.5;0.3999999999999999;0.9;1.0;-0.10000000000000003;0.09999999999999992
1535;Charlie;0.5;0.3999999999999999;0.9;1.0;-0.10000000000000003;0.09999999999999992
1544;Charlie;0.5;0.3999999999999999;0.9;1.0;-0.10000000000000003;0.09999999999999992
1553;Charlie;0.5;0.3999999999999999;0.9;1.0;-0.10000000000000003;0.09999999999999992
1562;Charlie;0.5;0.3999999999999999;0.9;1.0;-0.10000000000000003;0.09999999999999992
1563;Charlie;0.5;0.3999999999999999;0.9;1.0;-0.10000000000000003;0.09999999999999992
1564;Charlie;0.5;0.3999999999999999;0.9;1.0;-0.10000000000000003;0.09999999999999992
1565;Charlie;0.5;0.3999999999999999;0.9;1.0;-0.10000000000000003;0.09999999999999992
1566;Charlie;0.5;0.3999999999999999;0.9;1.0;-0.10000000000000003;0.09999999999999992
1567;Charlie;0.5;0.3999999999999999;0.9;1.0;-0.10000000000000003;0.09999999999999992
1568;Charlie;0.5;0.3999999999999999;0.9;1.0;-0.10000000000000003;0.09999999999999992
1569;Charlie;0.5;0.3999999999999999;0.9;1.0;-0.10000000000000003;0.09999999999999992
1570;Charlie;0.5;0.3999999999999999;0.9;1.0;-0.10000000000000003;0.09999999999999992
1571;Charlie;0.5;0.3999999999999999;0.9;1.0;-0.10000000000000003;0.09999999999999992
1572;Charlie;0.5;0.3999999999999999;0.9;1.0;-0.10000000000000003;0.09999999999999992
1573;Charlie;0.5;0.3999999999999999;0.9;1.0;-0.10000000000000003;0.09999999999999992
1574;Charlie;0.5;0.3999999999999999;0.9;1.0;-0.10000000000000003;0.09999999999999992
1575;Charlie;0.5;0.3999999999999999;0.9;1.0;-0.10000000000000003;0.09999999999999992
1576;Charlie;0.5;0.3999999999999999;0.9;1.0;-0.10000000000000003;0.09999999999999992
1577;Charlie;0.5;0.3999999999999999;0.9;1.0;-0.10000000000000003;0.09999999999999992
1578;Charlie;0.5;0.3999999999999999;0.9;1.0;-0.10000000000000003;0.09999999999999992
1579;Charlie;0.5;0.3999999999999999;0.9;1.0;-0.10000000000000003;0.09999999999999992
1605;Charlie;0.5;0.3999999999999999;1.0;1.0;-0.10000000000000003;-0.10000000000000009
1614;Charlie;0.5;0.3999999999999999;1.0;1.0;-0.10000000000000003;-0.10000000000000009
1623;Charlie;0.5;0.3999999999999999;1.0;1.0;-0.10000000000000003;-0.10000000000000009
1624;Charlie;0.5;0.3999999999999999;1.0;1.0;-0.10000000000000003;-0.10000000000000009
1625;Charlie;0.5;0.3999999999999999;1.0;1.0;-0.10000000000000003;-0.10000000000000009
1626;Charlie;0.5;0.3999999999999999;1.0;1.0;-0.10000000000000003;-0.10000000000000009
1627;Charlie;0.5;0.3999999999999999;1.0;1.0;-0.10000000000000003;-0.10000000000000009
1628;Charlie;0.5;0.3999999999999999;1.0;1.0;-0.10000000000000003;-0.10000000000000009
1629;Charlie;0.5;0.3999999999999999;1.0;1.0;-0.10000000000000003;-0.10000000000000009
1630;Charlie;0.5;0.3999999999999999;1.0;1.0;-0.10000000000000003;-0.10000000000000009
1631;Charlie;0.5;0.3999999999999999;1.0;1.0;-0.10000000000000003;-0.10000000000000009
1632;Charlie;0.5;0.3999999999999999;1.0;1.0;-0.10000000000000003;-0.10000000000000009
1633;Charlie;0.5;0.3999999999999999;1.0;1.0;-0.10000000000000003;-0.10000000000000009
1634;Charlie;0.5;0.3999999999999999;1.0;1.0;-0.10000000000000003;-0.10000000000000009
1635;Charlie;0.5;0.3999999999999999;1.0;1.0;-0.10000000000000003;-0.10000000000000009
1636;Charlie;0.5;0.3999999999999999;1.0;1.0;-0.10000000000000003;-0.10000000000000009
1637;Charlie;0.5;0.3999999999999999;1.0;1.0;-0.10000000000000003;-0.10000000000000009
1638;Charlie;0.5;0.3999999999999999;1.0;1.0;-0.10000000000000003;-0.10000000000000009
1639;Charlie;0.5;0.3999999999999999;1.0;1.0;-0.10000000000000003;-0.10000000000000009
1640;Charlie;0.5;0.3999999999999999;1.0;1.0;-0.10000000000000003;-0.10000000000000009
1641;Charlie;0.5;0.3999999999999999;1.0;1.0;-0.10000000000000003;-0.10000000000000009
1642;Charlie;0.5;0.3999999999999999;1.0;1.0;-0.10000000000000003;-0.10000000000000009
1643;Charlie;0.5;0.3999999999999999;1.0;1.0;-0.10000000000000003;-0.10000000000000009
1644;Charlie;0.5;0.3999999999999999;1.0;1.0;-0.10000000000000003;-0.10000000000000009
1645;Charlie;0.5;0.3999999999999999;1.0;1.0;-0.10000000000000003;-0.10000000000000009
1646;Charlie;0.5;0.3999999999999999;1.0;1.0;-0.10000000000000003;-0.10000000000000009
1647;Charlie;0.5;0.3999999999999999;1.0;1.0;-0.10000000000000003;-0.10000000000000009
1648;Charlie;0.5;0.3999999999999999;1.0;1.0;-0.10000000000000003;-0.10000000000000009
1649;Charlie;0.5;0.3999999999999999;1.0;1.0;-0.10000000000000003;-0.10000000000000009
1650;Charlie;0.5;0.3999999999999999;1.0;1.0;-0.10000000000000003;-0.10000000000000009
1651;Charlie;0.5;0.3999999999999999;1.0;1.0;-0.10000000000000003;-0.10000000000000009
1652;Charlie;0.5;0.3999999999999999;1.0;1.0;-0.10000000000000003;-0.10000000000000009
1653;Charlie;0.5;0.3999999999999999;1.0;1.0;-0.10000000000000003;-0.10000000000000009
1654;Charlie;0.5;0.3999999999999999;1.0;1.0;-0.10000000000000003;-0.10000000000000009
1655;Charlie;0.5;0.3999999999999999;1.0;1.0;-0.10000000000000003;-0.10000000000000009
1656;Charlie;0.5;0.3999999999999999;1.0;1.0;-0.10000000000000003;-0.10000000000000009
1657;Charlie;0.5;0.3999999999999999;1.0;1.0;-0.10000000000000003;-0.10000000000000009
1658;Charlie;0.5;0.3999999999999999;1.0;1.0;-0.10000000000000003;-0.10000000000000009
1659;Charlie;0.5;0.3999999999999999;1.0;1.0;-0.10000000000000003;-0.10000000000000009
1660;Charlie;0.5;0.3999999999999999;1.0;1.0;-0.10000000000000003;-0.10000000000000009
1661;Charlie;0.5;0.3999999999999999;1.0;1.0;-0.10000000000000003;-0.10000000000000009
1662;Charlie;0.5;0.3999999999999999;1.0;1.0;-0.10000000000000003;-0.10000000000000009
1663;Charlie;0.5;0.3999999999999999;1.0;1.0;-0.10000000000000003;-0.10000000000000009
1664;Charlie;0.5;0.3999999999999999;1.0;1.0;-0.10000000000000003;-0.10000000000000009
1665;Charlie;0.5;0.3999999999999999;1.0;1.0;-0.10000000000000003;-0.10000000000000009
1666;Charlie;0.5;0.3999999999999999;1.0;1.0;-0.10000000000000003;-0.10000000000000009
1667;Charlie;0.5;0.3999999999999999;1.0;1.0;-0.10000000000000003;-0.10000000000000009
1668;Charlie;0.5;0.3999999999999999;1.0;1.0;-0.10000000000000003;-0.10000000000000009
1669;Charlie;0.5;0.3999999999999999;1.0;1.0;-0.10000000000000003;-0.10000000000000009
1670;Charlie;0.5;0.3999999999999999;1.0;1.0;-0.10000000000000003;-0.10000000000000009
1671;Charlie;0.5;0.3999999999999999;1.0;1.0;-0.10000000000000003;-0.10000000000000009
1672;Charlie;0.5;0.3999999999999999;1.0;1.0;-0.10000000000000003;-0.10000000000000009
1673;Charlie;0.5;0.3999999999999999;1.0;1.0;-0.10000000000000003;-0.10000000000000009
1674;Charlie;0.5;0.3999999999999999;1.0;1.0;-0.10000000000000003;-0.10000000000000009
1675;Charlie;0.5;0.3999999999999999;1.0;1.0;-0.10000000000000003;-0.10000000000000009
1676;Charlie;0.5;0.3999999999999999;1.0;1.0;-0.10000000000000003;-0.10000000000000009
1677;Charlie;0.5;0.3999999999999999;1.0;1.0;-0.10000000000000003;-0.10000000000000009
1678;Charlie;0.5;0.3999999999999999;1.0;1.0;-0.10000000000000003;-0.10000000000000009
1679;Charlie;0.5;0.3999999999999999;1.0;1.0;-0.10000000000000003;-0.10000000000000009
1680;Charlie;0.5;0.3999999999999999;1.0;1.0;-0.10000000000000003;-0.10000000000000009
1681;Charlie;0.5;0.3999999999999999;1.0;1.0;-0.10000000000000003;-0.10000000000000009
1682;Charlie;0.5;0.3999999999999999;1.0;1.0;-0.10000000000000003;-0.10000000000000009
1683;Charlie;0.5;0.3999999999999999;1.0;1.0;-0.10000000000000003;-0.10000000000000009
1684;Charlie;0.5;0.3999999999999999;1.0;1.0;-0.10000000000000003;-0.10000000000000009
1685;Charlie;0.5;0.3999999999999999;1.0;1.0;-0.10000000000000003;-0.10000000000000009
1686;Charlie;0.5;0.3999999999999999;1.0;1.0;-0.10000000000000003;-0.10000000000000009
1687;Charlie;0.5;0.3999999999999999;1.0;1.0;-0.10000000000000003;-0.10000000000000009
1688;Charlie;0.5;0.3999999999999999;1.0;1.0;-0.10000000000000003;-0.10000000000000009
1689;Charlie;0.5;0.3999999999999999;1.0;1.0;-0.10000000000000003;-0.10000000000000009
1690;Charlie;0.5;0.3999999999999999;1.0;1.0;-0.10000000000000003;-0.10000000000000009
1691;Charlie;0.5;0.3999999999999999;1.0;1.0;-0.10000000000000003;-0.10000000000000009
1692;Charlie;0.5;0.3999999999999999;1.0;1.0;-0.10000000000000003;-0.10000000000000009
1693;Charlie;0.5;0.3999999999999999;1.0;1.0;-0.10000000000000003;-0.10000000000000009
1694;Charlie;0.5;0.3999999999999999;1.0;1.0;-0.10000000000000003;-0.10000000000000009
1695;Charlie;0.5;0.3999999999999999;1.0;1.0;-0.10000000000000003;-0.10000000000000009
1696;Charlie;0.5;0.3999999999999999;1.0;1.0;-0.10000000000000003;-0.10000000000000009
1697;Charlie;0.5;0.3999999999999999;1.0;1.0;-0.10000000000000003;-0.10000000000000009
1698;Charlie;0.5;0.3999999999999999;1.0;1.0;-0.10000000000000003;-0.10000000000000009
1699;Charlie;0.5;0.3999999999999999;1.0;1.0;-0.10000000000000003;-0.10000000000000009
1700;Charlie;0.5;0.3999999999999999;1.0;1.0;-0.10000000000000003;-0.10000000000000009
1701;Charlie;0.5;0.3999999999999999;1.0;1.0;-0.10000000000000003;-0.10000000000000009
1702;Charlie;0.5;0.3999999999999999;1.0;1.0;-0.10000000000000003;-0.10000000000000009
1703;Charlie;0.5;0.3999999999999999;1.0;1.0;-0.10000000000000003;-0.10000000000000009
1704;Charlie;0.5;0.3999999999999999;1.0;1.0;-0.10000000000000003;-0.10000000000000009
1705;Charlie;0.5;0.3999999999999999;1.0;1.0;-0.10000000000000003;-0.10000000000000009
1706;Charlie;0.5;0.3999999999999999;1.0;1.0;-0.10000000000000003;-0.10000000000000009
1707;Charlie;0.5;0.3999999999999999;1.0;1.0;-0.10000000000000003;-0.10000000000000009
1708;Charlie;0.5;0.3999999999999999;1.0;1.0;-0.10000000000000003;-0.10000000000000009
1709;Charlie;0.5;0.3999999999999999;1.0;1.0;-0.10000000000000003;-0.10000000000000009
1710;Charlie;0.5;0.3999999999999999;1.0;1.0;-0.10000000000000003;-0.10000000000000009
1711;Charlie;0.5;0.3999999999999999;1.0;1.0;-0.10000000000000003;-0.10000000000000009
1712;Charlie;0.5;0.3999999999999999;1.0;1.0;-0.10000000000000003;-0.10000000000000009
1713;Charlie;0.5;0.3999999999999999;1.0;1.0;-0.10000000000000003;-0.10000000000000009
1714;Charlie;0.5;0.3999999999999999;1.0;1.0;-0.10000000000000003;-0.10000000000000009
1715;Charlie;0.5;0.3999999999999999;1.0;1.0;-0.10000000000000003;-0.10000000000000009
1716;Charlie;0.5;0.3999999999999999;1.0;1.0;-0.10000000000000003;-0.10000000000000009
1717;Charlie;0.5;0.3999999999999999;1.0;1.0;-0.10000000000000003;-0.10000000000000009
1718;Charlie;0.5;0.3999999999999999;1.0;1.0;-0.10000000000000003;-0.10000000000000009
1719;Charlie;0.5;0.3999999999999999;1.0;1.0;-0.10000000000000003;-0.10000000000000009
1720;Charlie;0.5;0.3999999999999999;1.0;1.0;-0.10000000000000003;-0.10000000000000009
1721;Charlie;0.5;0.3999999999999999;1.0;1.0;-0.10000000000000003;-0.10000000000000009
1722;Charlie;0.5;0.3999999999999999;1.0;1.0;-0.10000000000000003;-0.10000000000000009
1723;Charlie;0.5;0.3999999999999999;1.0;1.0;-0.10000000000000003;-0.10000000000000009
1724;Charlie;0.5;0.3999999999999999;1.0;1.0;-0.10000000000000003;-0.10000000000000009
1725;Charlie;0.5;0.3999999999999999;1.0;1.0;-0.10000000000000003;-0.10000000000000009
1726;Charlie;0.5;0.3999999999999999;1.0;1.0;-0.10000000000000003;-0.10000000000000009
1727;Charlie;0.5;0.3999999999999999;1.0;1.0;-0.10000000000000003;-0.10000000000000009
1728;Charlie;0.5;0.3999999999999999;1.0;1.0;-0.10000000000000003;-0.10000000000000009
1729;Charlie;0.5;0.3999999999999999;1.0;1.0;-0.10000000000000003;-0.10000000000000009
1730;Charlie;0.5;0.3999999999999999;1.0;1.0;-0.10000000000000003;-0.10000000000000009
1731;Charlie;0.5;0.3999999999999999;1.0;1.0;-0.10000000000000003;-0.10000000000000009
1732;Charlie;0.5;0.3999999999999999;1.0;1.0;-0.10000000000000003;-0.10000000000000009
1733;Charlie;0.5;0.3999999999999999;1.0;1.0;-0.10000000000000003;-0.10000000000000009
1734;Charlie;0.5;0.3999999999999999;1.0;1.0;-0.10000000000000003;-0.10000000000000009
1735;Charlie;0.5;0.3999999999999999;1.0;1.0;-0.10000000000000003;-0.10000000000000009
1736;Charlie;0.5;0.3999999999999999;1.0;1.0;-0.10000000000000003;-0.10000000000000009
1737;Charlie;0.5;0.3999999999999999;1.0;1.0;-0.10000000000000003;-0.10000000000000009
1738;Charlie;0.5;0.3999999999999999;1.0;1.0;-0.10000000000000003;-0.10000000000000009
1739;Charlie;0.5;0.3999999999999999;1.0;1.0;-0.10000000000000003;-0.10000000000000009
1740;Charlie;0.5;0.3999999999999999;1.0;1.0;-0.10000000000000003;-0.10000000000000009
1741;Charlie;0.5;0.3999999999999999;1.0;1.0;-0.10000000000000003;-0.10000000000000009
1742;Charlie;0.5;0.3999999999999999;1.0;1.0;-0.10000000000000003;-0.10000000000000009
1743;Charlie;0.5;0.3999999999999999;1.0;1.0;-0.10000000000000003;-0.10000000000000009
1744;Charlie;0.5;0.3999999999999999;1.0;1.0;-0.10000000000000003;-0.10000000000000009
1745;Charlie;0.5;0.3999999999999999;1.0;1.0;-0.10000000000000003;-0.10000000000000009
1746;Charlie;0.5;0.3999999999999999;1.0;1.0;-0.10000000000000003;-0.10000000000000009
1747;Charlie;0.5;0.3999999999999999;1.0;1.0;-0.10000000000000003;-0.10000000000000009
1748;Charlie;0.5;0.3999999999999999;1.0;1.0;-0.10000000000000003;-0.10000000000000009
1749;Charlie;0.5;0.3999999999999999;1.0;1.0;-0.10000000000000003;-0.10000000000000009
1750;Charlie;0.5;0.3999999999999999;1.0;1.0;-0.10000000000000003;-0.10000000000000009
1751;Charlie;0.5;0.3999999999999999;1.0;1.0;-0.10000000000000003;-0.10000000000000009
1752;Charlie;0.5;0.3999999999999999;1.0;1.0;-0.10000000000000003;-0.10000000000000009
1753;Charlie;0.5;0.3999999999999999;1.0;1.0;-0.10000000000000003;-0.10000000000000009
1754;Charlie;0.5;0.3999999999999999;1.0;1.0;-0.10000000000000003;-0.10000000000000009
1755;Charlie;0.5;0.3999999999999999;1.0;1.0;-0.10000000000000003;-0.10000000000000009
1756;Charlie;0.5;0.3999999999999999;1.0;1.0;-0.10000000000000003;-0.10000000000000009
1757;Charlie;0.5;0.3999999999999999;1.0;1.0;-0.10000000000000003;-0.10000000000000009
1758;Charlie;0.5;0.3999999999999999;1.0;1.0;-0.10000000000000003;-0.10000000000000009
1759;Charlie;0.5;0.3999999999999999;1.0;1.0;-0.10000000000000003;-0.10000000000000009
1760;Charlie;0.5;0.3999999999999999;1.0;1.0;-0.10000000000000003;-0.10000000000000009
1761;Charlie;0.5;0.3999999999999999;1.0;1.0;-0.10000000000000003;-0.10000000000000009
1762;Charlie;0.5;0.3999999999999999;1.0;1.0;-0.10000000000000003;-0.10000000000000009
1763;Charlie;0.5;0.3999999999999999;1.0;1.0;-0.10000000000000003;-0.10000000000000009
1764;Charlie;0.5;0.3999999999999999;1.0;1.0;-0.10000000000000003;-0.10000000000000009
1765;Charlie;0.5;0.3999999999999999;1.0;1.0;-0.10000000000000003;-0.10000000000000009
1766;Charlie;0.5;0.3999999999999999;1.0;1.0;-0.10000000000000003;-0.10000000000000009
1767;Charlie;0.5;0.3999999999999999;1.0;1.0;-0.10000000000000003;-0.10000000000000009
1768;Charlie;0.5;0.3999999999999999;1.0;1.0;-0.10000000000000003;-0.10000000000000009
1769;Charlie;0.5;0.3999999999999999;1.0;1.0;-0.10000000000000003;-0.10000000000000009
1770;Charlie;0.5;0.3999999999999999;1.0;1.0;-0.10000000000000003;-0.10000000000000009
1771;Charlie;0.5;0.3999999999999999;1.0;1.0;-0.10000000000000003;-0.10000000000000009
1772;Charlie;0.5;0.3999999999999999;1.0;1.0;-0.10000000000000003;-0.10000000000000009
1773;Charlie;0.5;0.3999999999999999;1.0;1.0;-0.10000000000000003;-0.10000000000000009
1774;Charlie;0.5;0.3999999999999999;1.0;1.0;-0.10000000000000003;-0.10000000000000009
1775;Charlie;0.5;0.3999999999999999;1.0;1.0;-0.10000000000000003;-0.10000000000000009
1776;Charlie;0.5;0.3999999999999999;1.0;1.0;-0.10000000000000003;-0.10000000000000009
1777;Charlie;0.5;0.3999999999999999;1.0;1.0;-0.10000000000000003;-0.10000000000000009
1778;Charlie;0.5;0.3999999999999999;1.0;1.0;-0.10000000000000003;-0.10000000000000009
1779;Charlie;0.5;0.3999999999999999;1.0;1.0;-0.10000000000000003;-0.10000000000000009
1780;Charlie;0.5;0.3999999999999999;1.0;1.0;-0.10000000000000003;-0.10000000000000009
1781;Charlie;0.5;0.3999999999999999;1.0;1.0;-0.10000000000000003;-0.10000000000000009
1782;Charlie;0.5;0.3999999999999999;1.0;1.0;-0.10000000000000003;-0.10000000000000009
1783;Charlie;0.5;0.3999999999999999;1.0;1.0;-0.10000000000000003;-0.10000000000000009
1784;Charlie;0.5;0.3999999999999999;1.0;1.0;-0.10000000000000003;-0.10000000000000009
1785;Charlie;0.5;0.3999999999999999;1.0;1.0;-0.10000000000000003;-0.10000000000000009
1786;Charlie;0.5;0.3999999999999999;1.0;1.0;-0.10000000000000003;-0.10000000000000009
1787;Charlie;0.5;0.3999999999999999;1.0;1.0;-0.10000000000000003;-0.10000000000000009
1788;Charlie;0.5;0.3999999999999999;1.0;1.0;-0.10000000000000003;-0.10000000000000009
1789;Charlie;0.5;0.3999999999999999;1.0;1.0;-0.10000000000000003;-0.10000000000000009
1790;Charlie;0.5;0.3999999999999999;1.0;1.0;-0.10000000000000003;-0.10000000000000009
1791;Charlie;0.5;0.3999999999999999;1.0;1.0;-0.10000000000000003;-0.10000000000000009
1792;Charlie;0.5;0.3999999999999999;1.0;1.0;-0.10000000000000003;-0.10000000000000009
1793;Charlie;0.5;0.3999999999999999;1.0;1.0;-0.10000000000000003;-0.10000000000000009
1794;Charlie;0.5;0.3999999999999999;1.0;1.0;-0.10000000000000003;-0.10000000000000009
1795;Charlie;0.5;0.3999999999999999;1.0;1.0;-0.10000000000000003;-0.10000000000000009
1796;Charlie;0.5;0.3999999999999999;1.0;1.0;-0.10000000000000003;-0.10000000000000009
1797;Charlie;0.5;0.3999999999999999;1.0;1.0;-0.10000000000000003;-0.10000000000000009
1798;Charlie;0.5;0.3999999999999999;1.0;1.0;-0.10000000000000003;-0.10000000000000009
1799;Charlie;0.5;0.3999999999999999;1.0;1.0;-0.10000000000000003;-0.10000000000000009
1800;Charlie;0.5;0.3999999999999999;1.0;1.0;-0.10000000000000003;-0.10000000000000009
1801;Charlie;0.5;0.3999999999999999;1.0;1.0;-0.10000000000000003;-0.10000000000000009
1802;Charlie;0.5;0.3999999999999999;1.0;1.0;-0.10000000000000003;-0.10000000000000009
1803;Charlie;0.5;0.3999999999999999;1.0;1.0;-0.10000000000000003;-0.10000000000000009
1804;Charlie;0.5;0.3999999999999999;1.0;1.0;-0.10000000000000003;-0.10000000000000009
1805;Charlie;0.5;0.3999999999999999;1.0;1.0;-0.10000000000000003;-0.10000000000000009
1806;Charlie;0.5;0.3999999999999999;1.0;1.0;-0.10000000000000003;-0.10000000000000009
1807;Charlie;0.5;0.3999999999999999;1.0;1.0;-0.10000000000000003;-0.10000000000000009
1808;Charlie;0.5;0.3999999999999999;1.0;1.0;-0.10000000000000003;-0.10000000000000009
1809;Charlie;0.5;0.3999999999999999;1.0;1.0;-0.10000000000000003;-0.10000000000000009
1810;Charlie;0.5;0.3999999999999999;1.0;1.0;-0.10000000000000003;-0.10000000000000009
1811;Charlie;0.5;0.3999999999999999;1.0;1.0;-0.10000000000000003;-0.10000000000000009
1812;Charlie;0.5;0.3999999999999999;1.0;1.0;-0.10000000000000003;-0.10000000000000009
1813;Charlie;0.5;0.3999999999999999;1.0;1.0;-0.10000000000000003;-0.10000000000000009
1814;Charlie;0.5;0.3999999999999999;1.0;1.0;-0.10000000000000003;-0.10000000000000009
1815;Charlie;0.5;0.3999999999999999;1.0;1.0;-0.10000000000000003;-0.10000000000000009
1816;Charlie;0.5;0.3999999999999999;1.0;1.0;-0.10000000000000003;-0.10000000000000009
1817;Charlie;0.5;0.3999999999999999;1.0;1.0;-0.10000000000000003;-0.10000000000000009
1818;Charlie;0.5;0.3999999999999999;1.0;1.0;-0.10000000000000003;-0.10000000000000009
1819;Charlie;0.5;0.3999999999999999;1.0;1.0;-0.10000000000000003;-0.10000000000000009
1820;Charlie;0.5;0.3999999999999999;1.0;1.0;-0.10000000000000003;-0.10000000000000009
1821;Charlie;0.5;0.3999999999999999;1.0;1.0;-0.10000000000000003;-0.10000000000000009
1822;Charlie;0.5;0.3999999999999999;1.0;1.0;-0.10000000000000003;-0.10000000000000009
1823;Charlie;0.5;0.3999999999999999;1.0;1.0;-0.10000000000000003;-0.10000000000000009
1824;Charlie;0.5;0.3999999999999999;1.0;1.0;-0.10000000000000003;-0.10000000000000009
1825;Charlie;0.5;0.3999999999999999;1.0;1.0;-0.10000000000000003;-0.10000000000000009
1826;Charlie;0.5;0.3999999999999999;1.0;1.0;-0.10000000000000003;-0.10000000000000009
1827;Charlie;0.5;0.3999999999999999;1.0;1.0;-0.10000000000000003;-0.10000000000000009
1828;Charlie;0.5;0.3999999999999999;1.0;1.0;-0.10000000000000003;-0.10000000000000009
1829;Charlie;0.5;0.3999999999999999;1.0;1.0;-0.10000000000000003;-0.10000000000000009
1830;Charlie;0.5;0.3999999999999999;1.0;1.0;-0.10000000000000003;-0.10000000000000009
1831;Charlie;0.5;0.3999999999999999;1.0;1.0;-0.10000000000000003;-0.10000000000000009
1832;Charlie;0.5;0.3999999999999999;1.0;1.0;-0.10000000000000003;-0.10000000000000009
1833;Charlie;0.5;0.3999999999999999;1.0;1.0;-0.10000000000000003;-0.10000000000000009
1834;Charlie;0.5;0.3999999999999999;1.0;1.0;-0.10000000000000003;-0.10000000000000009
1835;Charlie;0.5;0.3999999999999999;1.0;1.0;-0.10000000000000003;-0.10000000000000009
1836;Charlie;0.5;0.3999999999999999;1.0;1.0;-0.10000000000000003;-0.10000000000000009
1837;Charlie;0.5;0.3999999999999999;1.0;1.0;-0.10000000000000003;-0.10000000000000009
1838;Charlie;0.5;0.3999999999999999;1.0;1.0;-0.10000000000000003;-0.10000000000000009
1839;Charlie;0.5;0.3999999999999999;1.0;1.0;-0.10000000000000003;-0.10000000000000009
1840;Charlie;0.5;0.3999999999999999;1.0;1.0;-0.10000000000000003;-0.10000000000000009
1841;Charlie;0.5;0.3999999999999999;1.0;1.0;-0.10000000000000003;-0.10000000000000009
1842;Charlie;0.5;0.3999999999999999;1.0;1.0;-0.10000000000000003;-0.10000000000000009
1843;Charlie;0.5;0.3999999999999999;1.0;1.0;-0.10000000000000003;-0.10000000000000009
1844;Charlie;0.5;0.3999999999999999;1.0;1.0;-0.10000000000000003;-0.10000000000000009
1845;Charlie;0.5;0.3999999999999999;1.0;1.0;-0.10000000000000003;-0.10000000000000009
1846;Charlie;0.5;0.3999999999999999;1.0;1.0;-0.10000000000000003;-0.10000000000000009
1847;Charlie;0.5;0.3999999999999999;1.0;1.0;-0.10000000000000003;-0.10000000000000009
1848;Charlie;0.5;0.3999999999999999;1.0;1.0;-0.10000000000000003;-0.10000000000000009
1849;Charlie;0.5;0.3999999999999999;1.0;1.0;-0.10000000000000003;-0.10000000000000009
1850;Charlie;0.5;0.3999999999999999;1.0;1.0;-0.10000000000000003;-0.10000000000000009
1851;Charlie;0.5;0.3999999999999999;1.0;1.0;-0.10000000000000003;-0.10000000000000009
1852;Charlie;0.5;0.3999999999999999;1.0;1.0;-0.10000000000000003;-0.10000000000000009
1853;Charlie;0.5;0.3999999999999999;1.0;1.0;-0.10000000000000003;-0.10000000000000009
1854;Charlie;0.5;0.3999999999999999;1.0;1.0;-0.10000000000000003;-0.10000000000000009
1855;Charlie;0.5;0.3999999999999999;1.0;1.0;-0.10000000000000003;-0.10000000000000009
1856;Charlie;0.5;0.3999999999999999;1.0;1.0;-0.10000000000000003;-0.10000000000000009
1857;Charlie;0.5;0.3999999999999999;1.0;1.0;-0.10000000000000003;-0.10000000000000009
1858;Charlie;0.5;0.3999999999999999;1.0;1.0;-0.10000000000000003;-0.10000000000000009
1859;Charlie;0.5;0.3999999999999999;1.0;1.0;-0.10000000000000003;-0.10000000000000009
1860;Charlie;0.5;0.3999999999999999;1.0;1.0;-0.10000000000000003;-0.10000000000000009
1861;Charlie;0.5;0.3999999999999999;1.0;1.0;-0.10000000000000003;-0.10000000000000009
1862;Charlie;0.5;0.3999999999999999;1.0;1.0;-0.10000000000000003;-0.10000000000000009
1863;Charlie;0.5;0.3999999999999999;1.0;1.0;-0.10000000000000003;-0.10000000000000009
1864;Charlie;0.5;0.3999999999999999;1.0;1.0;-0.10000000000000003;-0.10000000000000009
1865;Charlie;0.5;0.3999999999999999;1.0;1.0;-0.10000000000000003;-0.10000000000000009
1866;Charlie;0.5;0.3999999999999999;1.0;1.0;-0.10000000000000003;-0.10000000000000009
1867;Charlie;0.5;0.3999999999999999;1.0;1.0;-0.10000000000000003;-0.10000000000000009
1868;Charlie;0.5;0.3999999999999999;1.0;1.0;-0.10000000000000003;-0.10000000000000009
1869;Charlie;0.5;0.3999999999999999;1.0;1.0;-0.10000000000000003;-0.10000000000000009
1870;Charlie;0.5;0.3999999999999999;1.0;1.0;-0.10000000000000003;-0.10000000000000009
1871;Charlie;0.5;0.3999999999999999;1.0;1.0;-0.10000000000000003;-0.10000000000000009
1872;Charlie;0.5;0.3999999999999999;1.0;1.0;-0.10000000000000003;-0.10000000000000009
1873;Charlie;0.5;0.3999999999999999;1.0;1.0;-0.10000000000000003;-0.10000000000000009
1874;Charlie;0.5;0.3999999999999999;1.0;1.0;-0.10000000000000003;-0.10000000000000009
1875;Charlie;0.5;0.3999999999999999;1.0;1.0;-0.10000000000000003;-0.10000000000000009
1876;Charlie;0.5;0.3999999999999999;1.0;1.0;-0.10000000000000003;-0.10000000000000009
1877;Charlie;0.5;0.3999999999999999;1.0;1.0;-0.10000000000000003;-0.10000000000000009
1878;Charlie;0.5;0.3999999999999999;1.0;1.0;-0.10000000000000003;-0.10000000000000009
1879;Charlie;0.5;0.3999999999999999;1.0;1.0;-0.10000000000000003;-0.10000000000000009
1880;Charlie;0.5;0.3999999999999999;1.0;1.0;-0.10000000000000003;-0.10000000000000009
1881;Charlie;0.5;0.3999999999999999;1.0;1.0;-0.10000000000000003;-0.10000000000000009
1882;Charlie;0.5;0.3999999999999999;1.0;1.0;-0.10000000000000003;-0.10000000000000009
1883;Charlie;0.5;0.3999999999999999;1.0;1.0;-0.10000000000000003;-0.10000000000000009
1884;Charlie;0.5;0.3999999999999999;1.0;1.0;-0.10000000000000003;-0.10000000000000009
1885;Charlie;0.5;0.3999999999999999;1.0;1.0;-0.10000000000000003;-0.10000000000000009
1886;Charlie;0.5;0.3999999999999999;1.0;1.0;-0.10000000000000003;-0.10000000000000009
1887;Charlie;0.5;0.3999999999999999;1.0;1.0;-0.10000000000000003;-0.10000000000000009
1888;Charlie;0.5;0.3999999999999999;1.0;1.0;-0.10000000000000003;-0.10000000000000009
1889;Charlie;0.5;0.3999999999999999;1.0;1.0;-0.10000000000000003;-0.10000000000000009
1890;Charlie;0.5;0.3999999999999999;1.0;1.0;-0.10000000000000003;-0.10000000000000009
1891;Charlie;0.5;0.3999999999999999;1.0;1.0;-0.10000000000000003;-0.10000000000000009
1892;Charlie;0.5;0.3999999999999999;1.0;1.0;-0.10000000000000003;-0.10000000000000009
1893;Charlie;0.5;0.3999999999999999;1.0;1.0;-0.10000000000000003;-0.10000000000000009
1894;Charlie;0.5;0.3999999999999999;1.0;1.0;-0.10000000000000003;-0.10000000000000009
1895;Charlie;0.5;0.3999999999999999;1.0;1.0;-0.10000000000000003;-0.10000000000000009
1896;Charlie;0.5;0.3999999999999999;1.0;1.0;-0.10000000000000003;-0.10000000000000009
1897;Charlie;0.5;0.3999999999999999;1.0;1.0;-0.10000000000000003;-0.10000000000000009
1898;Charlie;0.5;0.3999999999999999;1.0;1.0;-0.10000000000000003;-0.10000000000000009
1899;Charlie;0.5;0.3999999999999999;1.0;1.0;-0.10000000000000003;-0.10000000000000009
1900;Charlie;0.5;0.3999999999999999;1.0;1.0;-0.10000000000000003;-0.10000000000000009
1901;Charlie;0.5;0.3999999999999999;1.0;1.0;-0.10000000000000003;-0.10000000000000009
1902;Charlie;0.5;0.3999999999999999;1.0;1.0;-0.10000000000000003;-0.10000000000000009
1903;Charlie;0.5;0.3999999999999999;1.0;1.0;-0.10000000000000003;-0.10000000000000009
1904;Charlie;0.5;0.3999999999999999;1.0;1.0;-0.10000000000000003;-0.10000000000000009
1905;Charlie;0.5;0.3999999999999999;1.0;1.0;-0.10000000000000003;-0.10000000000000009
1906;Charlie;0.5;0.3999999999999999;1.0;1.0;-0.10000000000000003;-0.10000000000000009
1907;Charlie;0.5;0.3999999999999999;1.0;1.0;-0.10000000000000003;-0.10000000000000009
1908;Charlie;0.5;0.3999999999999999;1.0;1.0;-0.10000000000000003;-0.10000000000000009
1909;Charlie;0.5;0.3999999999999999;1.0;1.0;-0.10000000000000003;-0.10000000000000009
1910;Charlie;0.5;0.3999999999999999;1.0;1.0;-0.10000000000000003;-0.10000000000000009
1911;Charlie;0.5;0.3999999999999999;1.0;1.0;-0.10000000000000003;-0.10000000000000009
1912;Charlie;0.5;0.3999999999999999;1.0;1.0;-0.10000000000000003;-0.10000000000000009
1913;Charlie;0.5;0.3999999999999999;1.0;1.0;-0.10000000000000003;-0.10000000000000009
1914;Charlie;0.5;0.3999999999999999;1.0;1.0;-0.10000000000000003;-0.10000000000000009
1915;Charlie;0.5;0.3999999999999999;1.0;1.0;-0.10000000000000003;-0.10000000000000009
1916;Charlie;0.5;0.3999999999999999;1.0;1.0;-0.10000000000000003;-0.10000000000000009
1917;Charlie;0.5;0.3999999999999999;1.0;1.0;-0.10000000000000003;-0.10000000000000009
1918;Charlie;0.5;0.3999999999999999;1.0;1.0;-0.10000000000000003;-0.10000000000000009
1919;Charlie;0.5;0.3999999999999999;1.0;1.0;-0.10000000000000003;-0.10000000000000009
1920;Charlie;0.5;0.3999999999999999;1.0;1.0;-0.10000000000000003;-0.10000000000000009
1921;Charlie;0.5;0.3999999999999999;1.0;1.0;-0.10000000000000003;-0.10000000000000009
1922;Charlie;0.5;0.3999999999999999;1.0;1.0;-0.10000000000000003;-0.10000000000000009
1923;Charlie;0.5;0.3999999999999999;1.0;1.0;-0.10000000000000003;-0.10000000000000009
1924;Charlie;0.5;0.3999999999999999;1.0;1.0;-0.10000000000000003;-0.10000000000000009
1925;Charlie;0.5;0.3999999999999999;1.0;1.0;-0.10000000000000003;-0.10000000000000009
1926;Charlie;0.5;0.3999999999999999;1.0;1.0;-0.10000000000000003;-0.10000000000000009
1927;Charlie;0.5;0.3999999999999999;1.0;1.0;-0.10000000000000003;-0.10000000000000009
1928;Charlie;0.5;0.3999999999999999;1.0;1.0;-0.10000000000000003;-0.10000000000000009
1929;Charlie;0.5;0.3999999999999999;1.0;1.0;-0.10000000000000003;-0.10000000000000009
1930;Charlie;0.5;0.3999999999999999;1.0;1.0;-0.10000000000000003;-0.10000000000000009
1931;Charlie;0.5;0.3999999999999999;1.0;1.0;-0.10000000000000003;-0.10000000000000009
1932;Charlie;0.5;0.3999999999999999;1.0;1.0;-0.10000000000000003;-0.10000000000000009
1933;Charlie;0.5;0.3999999999999999;1.0;1.0;-0.10000000000000003;-0.10000000000000009
1934;Charlie;0.5;0.3999999999999999;1.0;1.0;-0.10000000000000003;-0.10000000000000009
1935;Charlie;0.5;0.3999999999999999;1.0;1.0;-0.10000000000000003;-0.10000000000000009
1936;Charlie;0.5;0.3999999999999999;1.0;1.0;-0.10000000000000003;-0.10000000000000009
1937;Charlie;0.5;0.3999999999999999;1.0;1.0;-0.10000000000000003;-0.10000000000000009
1938;Charlie;0.5;0.3999999999999999;1.0;1.0;-0.10000000000000003;-0.10000000000000009
1939;Charlie;0.5;0.3999999999999999;1.0;1.0;-0.10000000000000003;-0.10000000000000009
1940;Charlie;0.5;0.3999999999999999;1.0;1.0;-0.10000000000000003;-0.10000000000000009
1941;Charlie;0.5;0.3999999999999999;1.0;1.0;-0.10000000000000003;-0.10000000000000009
1942;Charlie;0.5;0.3999999999999999;1.0;1.0;-0.10000000000000003;-0.10000000000000009
1943;Charlie;0.5;0.3999999999999999;1.0;1.0;-0.10000000000000003;-0.10000000000000009
1944;Charlie;0.5;0.3999999999999999;1.0;1.0;-0.10000000000000003;-0.10000000000000009
1945;Charlie;0.5;0.3999999999999999;1.0;1.0;-0.10000000000000003;-0.10000000000000009
1946;Charlie;0.5;0.3999999999999999;1.0;1.0;-0.10000000000000003;-0.10000000000000009
1947;Charlie;0.5;0.3999999999999999;1.0;1.0;-0.10000000000000003;-0.10000000000000009
1948;Charlie;0.5;0.3999999999999999;1.0;1.0;-0.10000000000000003;-0.10000000000000009
1949;Charlie;0.5;0.3999999999999999;1.0;1.0;-0.10000000000000003;-0.10000000000000009
1950;Charlie;0.5;0.3999999999999999;1.0;1.0;-0.10000000000000003;-0.10000000000000009
1951;Charlie;0.5;0.3999999999999999;1.0;1.0;-0.10000000000000003;-0.10000000000000009
1952;Charlie;0.5;0.3999999999999999;1.0;1.0;-0.10000000000000003;-0.10000000000000009
1953;Charlie;0.5;0.3999999999999999;1.0;1.0;-0.10000000000000003;-0.10000000000000009
1954;Charlie;0.5;0.3999999999999999;1.0;1.0;-0.10000000000000003;-0.10000000000000009
1955;Charlie;0.5;0.3999999999999999;1.0;1.0;-0.10000000000000003;-0.10000000000000009
1956;Charlie;0.5;0.3999999999999999;1.0;1.0;-0.10000000000000003;-0.10000000000000009
1957;Charlie;0.5;0.3999999999999999;1.0;1.0;-0.10000000000000003;-0.10000000000000009
1958;Charlie;0.5;0.3999999999999999;1.0;1.0;-0.10000000000000003;-0.10000000000000009
1959;Charlie;0.5;0.3999999999999999;1.0;1.0;-0.10000000000000003;-0.10000000000000009
1960;Charlie;0.5;0.3999999999999999;1.0;1.0;-0.10000000000000003;-0.10000000000000009
1961;Charlie;0.5;0.3999999999999999;1.0;1.0;-0.10000000000000003;-0.10000000000000009
1962;Charlie;0.5;0.3999999999999999;1.0;1.0;-0.10000000000000003;-0.10000000000000009
1963;Charlie;0.5;0.3999999999999999;1.0;1.0;-0.10000000000000003;-0.10000000000000009
1964;Charlie;0.5;0.3999999999999999;1.0;1.0;-0.10000000000000003;-0.10000000000000009
1965;Charlie;0.5;0.3999999999999999;1.0;1.0;-0.10000000000000003;-0.10000000000000009
1966;Charlie;0.5;0.3999999999999999;1.0;1.0;-0.10000000000000003;-0.10000000000000009
1967;Charlie;0.5;0.3999999999999999;1.0;1.0;-0.10000000000000003;-0.10000000000000009
1968;Charlie;0.5;0.3999999999999999;1.0;1.0;-0.10000000000000003;-0.10000000000000009
1969;Charlie;0.5;0.3999999999999999;1.0;1.0;-0.10000000000000003;-0.10000000000000009
1970;Charlie;0.5;0.3999999999999999;1.0;1.0;-0.10000000000000003;-0.10000000000000009
1971;Charlie;0.5;0.3999999999999999;1.0;1.0;-0.10000000000000003;-0.10000000000000009
1972;Charlie;0.5;0.3999999999999999;1.0;1.0;-0.10000000000000003;-0.10000000000000009
1973;Charlie;0.5;0.3999999999999999;1.0;1.0;-0.10000000000000003;-0.10000000000000009
1974;Charlie;0.5;0.3999999999999999;1.0;1.0;-0.10000000000000003;-0.10000000000000009
1975;Charlie;0.5;0.3999999999999999;1.0;1.0;-0.10000000000000003;-0.10000000000000009
1976;Charlie;0.5;0.3999999999999999;1.0;1.0;-0.10000000000000003;-0.10000000000000009
1977;Charlie;0.5;0.3999999999999999;1.0;1.0;-0.10000000000000003;-0.10000000000000009
1978;Charlie;0.5;0.3999999999999999;1.0;1.0;-0.10000000000000003;-0.10000000000000009
1979;Charlie;0.5;0.3999999999999999;1.0;1.0;-0.10000000000000003;-0.10000000000000009
1980;Charlie;0.5;0.3999999999999999;1.0;1.0;-0.10000000000000003;-0.10000000000000009
1981;Charlie;0.5;0.3999999999999999;1.0;1.0;-0.10000000000000003;-0.10000000000000009
1982;Charlie;0.5;0.3999999999999999;1.0;1.0;-0.10000000000000003;-0.10000000000000009
1983;Charlie;0.5;0.3999999999999999;1.0;1.0;-0.10000000000000003;-0.10000000000000009
1984;Charlie;0.5;0.3999999999999999;1.0;1.0;-0.10000000000000003;-0.10000000000000009
1985;Charlie;0.5;0.3999999999999999;1.0;1.0;-0.10000000000000003;-0.10000000000000009
1986;Charlie;0.5;0.3999999999999999;1.0;1.0;-0.10000000000000003;-0.10000000000000009
1987;Charlie;0.5;0.3999999999999999;1.0;1.0;-0.10000000000000003;-0.10000000000000009
1988;Charlie;0.5;0.3999999999999999;1.0;1.0;-0.10000000000000003;-0.10000000000000009
1989;Charlie;0.5;0.3999999999999999;1.0;1.0;-0.10000000000000003;-0.10000000000000009
1990;Charlie;0.5;0.3999999999999999;1.0;1.0;-0.10000000000000003;-0.10000000000000009
1991;Charlie;0.5;0.3999999999999999;1.0;1.0;-0.10000000000000003;-0.10000000000000009
1992;Charlie;0.5;0.3999999999999999;1.0;1.0;-0.10000000000000003;-0.10000000000000009
1993;Charlie;0.5;0.3999999999999999;1.0;1.0;-0.10000000000000003;-0.10000000000000009
1994;Charlie;0.5;0.3999999999999999;1.0;1.0;-0.10000000000000003;-0.10000000000000009
1995;Charlie;0.5;0.3999999999999999;1.0;1.0;-0.10000000000000003;-0.10000000000000009
1996;Charlie;0.5;0.3999999999999999;1.0;1.0;-0.10000000000000003;-0.10000000000000009
1997;Charlie;0.5;0.3999999999999999;1.0;1.0;-0.10000000000000003;-0.10000000000000009
1998;Charlie;0.5;0.3999999999999999;1.0;1.0;-0.10000000000000003;-0.10000000000000009
1999;Charlie;0.5;0.3999999999999999;1.0;1.0;-0.10000000000000003;-0.10000000000000009
2000;Charlie;0.5;0.3999999999999999;1.0;1.0;-0.10000000000000003;-0.10000000000000009
2001;Charlie;0.5;0.3999999999999999;1.0;1.0;-0.10000000000000003;-0.10000000000000009
2002;Charlie;0.5;0.3999999999999999;1.0;1.0;-0.10000000000000003;-0.10000000000000009
2003;Charlie;0.5;0.3999999999999999;1.0;1.0;-0.10000000000000003;-0.10000000000000009
2004;Charlie;0.5;0.3999999999999999;1.0;1.0;-0.10000000000000003;-0.10000000000000009
2005;Charlie;0.5;0.3999999999999999;1.0;1.0;-0.10000000000000003;-0.10000000000000009
2006;Charlie;0.5;0.3999999999999999;1.0;1.0;-0.10000000000000003;-0.10000000000000009
2007;Charlie;0.5;0.3999999999999999;1.0;1.0;-0.10000000000000003;-0.10000000000000009
2008;Charlie;0.5;0.3999999999999999;1.0;1.0;-0.10000000000000003;-0.10000000000000009
2009;Charlie;0.5;0.3999999999999999;1.0;1.0;-0.10000000000000003;-0.10000000000000009
2010;Charlie;0.5;0.3999999999999999;1.0;1.0;-0.10000000000000003;-0.10000000000000009
2011;Charlie;0.5;0.3999999999999999;1.0;1.0;-0.10000000000000003;-0.10000000000000009
2012;Charlie;0.5;0.3999999999999999;1.0;1.0;-0.10000000000000003;-0.10000000000000009
2013;Charlie;0.5;0.3999999999999999;1.0;1.0;-0.10000000000000003;-0.10000000000000009
2014;Charlie;0.5;0.3999999999999999;1.0;1.0;-0.10000000000000003;-0.10000000000000009
2015;Charlie;0.5;0.3999999999999999;1.0;1.0;-0.10000000000000003;-0.10000000000000009
2016;Charlie;0.5;0.3999999999999999;1.0;1.0;-0.10000000000000003;-0.10000000000000009
2017;Charlie;0.5;0.3999999999999999;1.0;1.0;-0.10000000000000003;-0.10000000000000009
2018;Charlie;0.5;0.3999999999999999;1.0;1.0;-0.10000000000000003;-0.10000000000000009
2019;Charlie;0.5;0.3999999999999999;1.0;1.0;-0.10000000000000003;-0.10000000000000009
2020;Charlie;0.5;0.3999999999999999;1.0;1.0;-0.10000000000000003;-0.10000000000000009
2021;Charlie;0.5;0.3999999999999999;1.0;1.0;-0.10000000000000003;-0.10000000000000009
2022;Charlie;0.5;0.3999999999999999;1.0;1.0;-0.10000000000000003;-0.10000000000000009
2023;Charlie;0.5;0.3999999999999999;1.0;1.0;-0.10000000000000003;-0.10000000000000009
2024;Charlie;0.5;0.3999999999999999;1.0;1.0;-0.10000000000000003;-0.10000000000000009
2025;Charlie;0.5;0.3999999999999999;1.0;1.0;-0.10000000000000003;-0.10000000000000009
2026;Charlie;0.5;0.3999999999999999;1.0;1.0;-0.10000000000000003;-0.10000000000000009
2027;Charlie;0.5;0.3999999999999999;1.0;1.0;-0.10000000000000003;-0.10000000000000009
2028;Charlie;0.5;0.3999999999999999;1.0;1.0;-0.10000000000000003;-0.10000000000000009
2029;Charlie;0.5;0.3999999999999999;1.0;1.0;-0.10000000000000003;-0.10000000000000009
2030;Charlie;0.5;0.3999999999999999;1.0;1.0;-0.10000000000000003;-0.10000000000000009
2031;Charlie;0.5;0.3999999999999999;1.0;1.0;-0.10000000000000003;-0.10000000000000009
2032;Charlie;0.5;0.3999999999999999;1.0;1.0;-0.10000000000000003;-0.10000000000000009
2033;Charlie;0.5;0.3999999999999999;1.0;1.0;-0.10000000000000003;-0.10000000000000009
2034;Charlie;0.5;0.3999999999999999;1.0;1.0;-0.10000000000000003;-0.10000000000000009
2035;Charlie;0.5;0.3999999999999999;1.0;1.0;-0.10000000000000003;-0.10000000000000009
2036;Charlie;0.5;0.3999999999999999;1.0;1.0;-0.10000000000000003;-0.10000000000000009
2037;Charlie;0.5;0.3999999999999999;1.0;1.0;-0.10000000000000003;-0.10000000000000009
2038;Charlie;0.5;0.3999999999999999;1.0;1.0;-0.10000000000000003;-0.10000000000000009
2039;Charlie;0.5;0.3999999999999999;1.0;1.0;-0.10000000000000003;-0.10000000000000009
2040;Charlie;0.5;0.3999999999999999;1.0;1.0;-0.10000000000000003;-0.10000000000000009
2041;Charlie;0.5;0.3999999999999999;1.0;1.0;-0.10000000000000003;-0.10000000000000009
2042;Charlie;0.5;0.3999999999999999;1.0;1.0;-0.10000000000000003;-0.10000000000000009
2043;Charlie;0.5;0.3999999999999999;1.0;1.0;-0.10000000000000003;-0.10000000000000009
2044;Charlie;0.5;0.3999999999999999;1.0;1.0;-0.10000000000000003;-0.10000000000000009
2045;Charlie;0.5;0.3999999999999999;1.0;1.0;-0.10000000000000003;-0.10000000000000009
2046;Charlie;0.5;0.3999999999999999;1.0;1.0;-0.10000000000000003;-0.10000000000000009
2047;Charlie;0.5;0.3999999999999999;1.0;1.0;-0.10000000000000003;-0.10000000000000009
2048;Charlie;0.5;0.3999999999999999;1.0;1.0;-0.10000000000000003;-0.10000000000000009
2049;Charlie;0.5;0.3999999999999999;1.0;1.0;-0.10000000000000003;-0.10000000000000009
2050;Charlie;0.5;0.3999999999999999;1.0;1.0;-0.10000000000000003;-0.10000000000000009
2051;Charlie;0.5;0.3999999999999999;1.0;1.0;-0.10000000000000003;-0.10000000000000009
2052;Charlie;0.5;0.3999999999999999;1.0;1.0;-0.10000000000000003;-0.10000000000000009
2053;Charlie;0.5;0.3999999999999999;1.0;1.0;-0.10000000000000003;-0.10000000000000009
2054;Charlie;0.5;0.3999999999999999;1.0;1.0;-0.10000000000000003;-0.10000000000000009
2055;Charlie;0.5;0.3999999999999999;1.0;1.0;-0.10000000000000003;-0.10000000000000009
2056;Charlie;0.5;0.3999999999999999;1.0;1.0;-0.10000000000000003;-0.10000000000000009
2057;Charlie;0.5;0.3999999999999999;1.0;1.0;-0.10000000000000003;-0.10000000000000009
2058;Charlie;0.5;0.3999999999999999;1.0;1.0;-0.10000000000000003;-0.10000000000000009
2059;Charlie;0.5;0.3999999999999999;1.0;1.0;-0.10000000000000003;-0.10000000000000009
2060;Charlie;0.5;0.3999999999999999;1.0;1.0;-0.10000000000000003;-0.10000000000000009
2061;Charlie;0.5;0.3999999999999999;1.0;1.0;-0.10000000000000003;-0.10000000000000009
2062;Charlie;0.5;0.3999999999999999;1.0;1.0;-0.10000000000000003;-0.10000000000000009
2063;Charlie;0.5;0.3999999999999999;1.0;1.0;-0.10000000000000003;-0.10000000000000009
2064;Charlie;0.5;0.3999999999999999;1.0;1.0;-0.10000000000000003;-0.10000000000000009
2065;Charlie;0.5;0.3999999999999999;1.0;1.0;-0.10000000000000003;-0.10000000000000009
2066;Charlie;0.5;0.3999999999999999;1.0;1.0;-0.10000000000000003;-0.10000000000000009
2067;Charlie;0.5;0.3999999999999999;1.0;1.0;-0.10000000000000003;-0.10000000000000009
2068;Charlie;0.5;0.3999999999999999;1.0;1.0;-0.10000000000000003;-0.10000000000000009
2069;Charlie;0.5;0.3999999999999999;1.0;1.0;-0.10000000000000003;-0.10000000000000009
2070;Charlie;0.5;0.3999999999999999;1.0;1.0;-0.10000000000000003;-0.10000000000000009
2071;Charlie;0.5;0.3999999999999999;1.0;1.0;-0.10000000000000003;-0.10000000000000009
2072;Charlie;0.5;0.3999999999999999;1.0;1.0;-0.10000000000000003;-0.10000000000000009
2073;Charlie;0.5;0.3999999999999999;1.0;1.0;-0.10000000000000003;-0.10000000000000009
2074;Charlie;0.5;0.3999999999999999;1.0;1.0;-0.10000000000000003;-0.10000000000000009
2075;Charlie;0.5;0.3999999999999999;1.0;1.0;-0.10000000000000003;-0.10000000000000009
2076;Charlie;0.5;0.3999999999999999;1.0;1.0;-0.10000000000000003;-0.10000000000000009
2077;Charlie;0.5;0.3999999999999999;1.0;1.0;-0.10000000000000003;-0.10000000000000009
2078;Charlie;0.5;0.3999999999999999;1.0;1.0;-0.10000000000000003;-0.10000000000000009
2079;Charlie;0.5;0.3999999999999999;1.0;1.0;-0.10000000000000003;-0.10000000000000009
2080;Charlie;0.5;0.3999999999999999;1.0;1.0;-0.10000000000000003;-0.10000000000000009
2081;Charlie;0.5;0.3999999999999999;1.0;1.0;-0.10000000000000003;-0.10000000000000009
2082;Charlie;0.5;0.3999999999999999;1.0;1.0;-0.10000000000000003;-0.10000000000000009
2083;Charlie;0.5;0.3999999999999999;1.0;1.0;-0.10000000000000003;-0.10000000000000009
2084;Charlie;0.5;0.3999999999999999;1.0;1.0;-0.10000000000000003;-0.10000000000000009
2085;Charlie;0.5;0.3999999999999999;1.0;1.0;-0.10000000000000003;-0.10000000000000009
2086;Charlie;0.5;0.3999999999999999;1.0;1.0;-0.10000000000000003;-0.10000000000000009
2087;Charlie;0.5;0.3999999999999999;1.0;1.0;-0.10000000000000003;-0.10000000000000009
2088;Charlie;0.5;0.3999999999999999;1.0;1.0;-0.10000000000000003;-0.10000000000000009
2089;Charlie;0.5;0.3999999999999999;1.0;1.0;-0.10000000000000003;-0.10000000000000009
2090;Charlie;0.5;0.3999999999999999;1.0;1.0;-0.10000000000000003;-0.10000000000000009
2091;Charlie;0.5;0.3999999999999999;1.0;1.0;-0.10000000000000003;-0.10000000000000009
2092;Charlie;0.5;0.3999999999999999;1.0;1.0;-0.10000000000000003;-0.10000000000000009
2093;Charlie;0.5;0.3999999999999999;1.0;1.0;-0.10000000000000003;-0.10000000000000009
2094;Charlie;0.5;0.3999999999999999;1.0;1.0;-0.10000000000000003;-0.10000000000000009
2095;Charlie;0.5;0.3999999999999999;1.0;1.0;-0.10000000000000003;-0.10000000000000009
2096;Charlie;0.5;0.3999999999999999;1.0;1.0;-0.10000000000000003;-0.10000000000000009
2097;Charlie;0.5;0.3999999999999999;1.0;1.0;-0.10000000000000003;-0.10000000000000009
2098;Charlie;0.5;0.3999999999999999;1.0;1.0;-0.10000000000000003;-0.10000000000000009
2099;Charlie;0.5;0.3999999999999999;1.0;1.0;-0.10000000000000003;-0.10000000000000009
2100;Charlie;0.5;0.3999999999999999;1.0;1.0;-0.10000000000000003;-0.10000000000000009
2101;Charlie;0.5;0.3999999999999999;1.0;1.0;-0.10000000000000003;-0.10000000000000009
2102;Charlie;0.5;0.3999999999999999;1.0;1.0;-0.10000000000000003;-0.10000000000000009
2103;Charlie;0.5;0.3999999999999999;1.0;1.0;-0.10000000000000003;-0.10000000000000009
2104;Charlie;0.5;0.3999999999999999;1.0;1.0;-0.10000000000000003;-0.10000000000000009
2105;Charlie;0.5;0.3999999999999999;1.0;1.0;-0.10000000000000003;-0.10000000000000009
2106;Charlie;0.5;0.3999999999999999;1.0;1.0;-0.10000000000000003;-0.10000000000000009
2107;Charlie;0.5;0.3999999999999999;1.0;1.0;-0.10000000000000003;-0.10000000000000009
2108;Charlie;0.5;0.3999999999999999;1.0;1.0;-0.10000000000000003;-0.10000000000000009
2109;Charlie;0.5;0.3999999999999999;1.0;1.0;-0.10000000000000003;-0.10000000000000009
2110;Charlie;0.5;0.3999999999999999;1.0;1.0;-0.10000000000000003;-0.10000000000000009
2111;Charlie;0.5;0.3999999999999999;1.0;1.0;-0.10000000000000003;-0.10000000000000009
2112;Charlie;0.5;0.3999999999999999;1.0;1.0;-0.10000000000000003;-0.10000000000000009
2113;Charlie;0.5;0.3999999999999999;1.0;1.0;-0.10000000000000003;-0.10000000000000009
2114;Charlie;0.5;0.3999999999999999;1.0;1.0;-0.10000000000000003;-0.10000000000000009
2115;Charlie;0.5;0.3999999999999999;1.0;1.0;-0.10000000000000003;-0.10000000000000009
2116;Charlie;0.5;0.3999999999999999;1.0;1.0;-0.10000000000000003;-0.10000000000000009
2117;Charlie;0.5;0.3999999999999999;1.0;1.0;-0.10000000000000003;-0.10000000000000009
2118;Charlie;0.5;0.3999999999999999;1.0;1.0;-0.10000000000000003;-0.10000000000000009
2119;Charlie;0.5;0.3999999999999999;1.0;1.0;-0.10000000000000003;-0.10000000000000009
2120;Charlie;0.5;0.3999999999999999;1.0;1.0;-0.10000000000000003;-0.10000000000000009
2121;Charlie;0.5;0.3999999999999999;1.0;1.0;-0.10000000000000003;-0.10000000000000009
2122;Charlie;0.5;0.3999999999999999;1.0;1.0;-0.10000000000000003;-0.10000000000000009
2123;Charlie;0.5;0.3999999999999999;1.0;1.0;-0.10000000000000003;-0.10000000000000009
2124;Charlie;0.5;0.3999999999999999;1.0;1.0;-0.10000000000000003;-0.10000000000000009
2125;Charlie;0.5;0.3999999999999999;1.0;1.0;-0.10000000000000003;-0.10000000000000009
2126;Charlie;0.5;0.3999999999999999;1.0;1.0;-0.10000000000000003;-0.10000000000000009
2127;Charlie;0.5;0.3999999999999999;1.0;1.0;-0.10000000000000003;-0.10000000000000009
2128;Charlie;0.5;0.3999999999999999;1.0;1.0;-0.10000000000000003;-0.10000000000000009
2129;Charlie;0.5;0.3999999999999999;1.0;1.0;-0.10000000000000003;-0.10000000000000009
2130;Charlie;0.5;0.3999999999999999;1.0;1.0;-0.10000000000000003;-0.10000000000000009
2131;Charlie;0.5;0.3999999999999999;1.0;1.0;-0.10000000000000003;-0.10000000000000009
2132;Charlie;0.5;0.3999999999999999;1.0;1.0;-0.10000000000000003;-0.10000000000000009
2133;Charlie;0.5;0.3999999999999999;1.0;1.0;-0.10000000000000003;-0.10000000000000009
2134;Charlie;0.5;0.3999999999999999;1.0;1.0;-0.10000000000000003;-0.10000000000000009
2135;Charlie;0.5;0.3999999999999999;1.0;1.0;-0.10000000000000003;-0.10000000000000009
2136;Charlie;0.5;0.3999999999999999;1.0;1.0;-0.10000000000000003;-0.10000000000000009
2137;Charlie;0.5;0.3999999999999999;1.0;1.0;-0.10000000000000003;-0.10000000000000009
2138;Charlie;0.5;0.3999999999999999;1.0;1.0;-0.10000000000000003;-0.10000000000000009
2139;Charlie;0.5;0.3999999999999999;1.0;1.0;-0.10000000000000003;-0.10000000000000009
2148;Charlie;0.5;0.3999999999999999;1.0;1.0;-0.10000000000000003;-0.10000000000000009
2157;Charlie;0.5;0.3999999999999999;1.0;1.0;-0.10000000000000003;-0.10000000000000009
2166;Charlie;0.5;0.3999999999999999;1.0;1.0;-0.10000000000000003;-0.10000000000000009
2175;Charlie;0.5;0.3999999999999999;1.0;1.0;-0.10000000000000003;-0.10000000000000009
2189;Charlie;0.5;0.3999999999999999;1.0;1.0;-0.10000000000000003;-0.10000000000000009
2198;Charlie;0.5;0.3999999999999999;1.0;1.0;-0.10000000000000003;-0.10000000000000009
2207;Charlie;0.5;0.3999999999999999;1.0;1.0;-0.10000000000000003;-0.10000000000000009
2216;Charlie;0.5;0.3999999999999999;1.0;1.0;-0.10000000000000003;-0.10000000000000009
2225;Charlie;0.5;0.3999999999999999;1.0;1.0;-0.10000000000000003;-0.10000000000000009
2234;Charlie;0.5;0.3999999999999999;1.0;1.0;-0.10000000000000003;-0.10000000000000009
2243;Charlie;0.5;0.3999999999999999;1.0;1.0;-0.10000000000000003;-0.10000000000000009
2257;Charlie;0.5;0.3999999999999999;1.0;1.0;-0.10000000000000003;-0.10000000000000009
2271;Charlie;0.5;0.3999999999999999;1.0;1.0;-0.10000000000000003;-0.10000000000000009
2285;Charlie;0.5;0.3999999999999999;1.0;1.0;-0.10000000000000003;-0.10000000000000009
2294;Charlie;0.5;0.3999999999999999;1.0;1.0;-0.10000000000000003;-0.10000000000000009
2303;Charlie;0.5;0.3999999999999999;1.0;1.0;-0.10000000000000003;-0.10000000000000009
2312;Charlie;0.5;0.3999999999999999;1.0;1.0;-0.10000000000000003;-0.10000000000000009
2321;Charlie;0.5;0.3999999999999999;1.0;1.0;-0.10000000000000003;-0.10000000000000009
2330;Charlie;0.5;0.3999999999999999;1.0;1.0;-0.10000000000000003;-0.10000000000000009
2339;Charlie;0.5;0.3999999999999999;1.0;1.0;-0.10000000000000003;-0.10000000000000009
2348;Charlie;0.5;0.3999999999999999;1.0;1.0;-0.10000000000000003;-0.10000000000000009
2357;Charlie;0.5;0.3999999999999999;1.0;1.0;-0.10000000000000003;-0.10000000000000009
2366;Charlie;0.5;0.3999999999999999;1.0;1.0;-0.10000000000000003;-0.10000000000000009
2375;Charlie;0.5;0.3999999999999999;1.0;1.0;-0.10000000000000003;-0.10000000000000009
2401;Charlie;0.5;0.3999999999999999;1.0;1.0;-0.10000000000000003;-0.10000000000000009
2410;Charlie;0.5;0.3999999999999999;1.0;1.0;-0.10000000000000003;-0.10000000000000009
2419;Charlie;0.5;0.3999999999999999;1.0;1.0;-0.10000000000000003;-0.10000000000000009
2428;Charlie;0.5;0.3999999999999999;1.0;1.0;-0.10000000000000003;-0.10000000000000009
2437;Charlie;0.5;0.3999999999999999;1.0;1.0;-0.10000000000000003;-0.10000000000000009
2446;Charlie;0.5;0.3999999999999999;1.0;1.0;-0.10000000000000003;-0.10000000000000009
2455;Charlie;0.5;0.3999999999999999;1.0;1.0;-0.10000000000000003;-0.10000000000000009
2464;Charlie;0.5;0.3999999999999999;1.0;1.0;-0.10000000000000003;-0.10000000000000009
2473;Charlie;0.5;0.3999999999999999;1.0;1.0;-0.10000000000000003;-0.10000000000000009
2482;Charlie;0.5;0.3999999999999999;1.0;1.0;-0.10000000000000003;-0.10000000000000009
2496;Charlie;0.5;0.3999999999999999;1.0;1.0;-0.10000000000000003;-0.10000000000000009
2510;Charlie;0.5;0.3999999999999999;1.0;1.0;-0.10000000000000003;-0.10000000000000009
2524;Charlie;0.5;0.3999999999999999;1.0;1.0;-0.10000000000000003;-0.10000000000000009
2538;Charlie;0.5;0.3999999999999999;1.0;1.0;-0.10000000000000003;-0.10000000000000009
2552;Charlie;0.5;0.3999999999999999;1.0;1.0;-0.10000000000000003;-0.10000000000000009
2566;Charlie;0.7;0.3999999999999999;1.0;1.0;-0.10000000000000003;-0.10000000000000009
2580;Charlie;0.7;0.3999999999999999;1.0;1.0;-0.10000000000000003;-0.10000000000000009
2589;Charlie;0.7;0.3999999999999999;1.0;1.0;-0.10000000000000003;-0.10000000000000009
2598;Charlie;0.7;0.3999999999999999;1.0;1.0;-0.10000000000000003;-0.10000000000000009
2607;Charlie;0.7;0.3999999999999999;1.0;1.0;-0.10000000000000003;-0.10000000000000009
2616;Charlie;0.7;0.3999999999999999;1.0;1.0;-0.10000000000000003;-0.10000000000000009
2625;Charlie;0.7;0.3999999999999999;1.0;1.0;-0.10000000000000003;-0.10000000000000009
2634;Charlie;0.7;0.3999999999999999;1.0;1.0;-0.10000000000000003;-0.10000000000000009
2635;Charlie;0.7;0.3999999999999999;1.0;1.0;-0.10000000000000003;-0.10000000000000009
2636;Charlie;0.7;0.3999999999999999;1.0;1.0;-0.10000000000000003;-0.10000000000000009
2637;Charlie;0.7;0.3999999999999999;1.0;1.0;-0.10000000000000003;-0.10000000000000009
2638;Charlie;0.7;0.3999999999999999;1.0;1.0;-0.10000000000000003;-0.10000000000000009
2639;Charlie;0.7;0.3999999999999999;1.0;1.0;-0.10000000000000003;-0.10000000000000009
2640;Charlie;0.7;0.3999999999999999;1.0;1.0;-0.10000000000000003;-0.10000000000000009
2641;Charlie;0.7;0.3999999999999999;1.0;1.0;-0.10000000000000003;-0.10000000000000009
2642;Charlie;0.7;0.3999999999999999;1.0;1.0;-0.10000000000000003;-0.10000000000000009
2643;Charlie;0.7;0.3999999999999999;1.0;1.0;-0.10000000000000003;-0.10000000000000009
2644;Charlie;0.7;0.3999999999999999;1.0;1.0;-0.10000000000000003;-0.10000000000000009
2645;Charlie;0.7;0.3999999999999999;1.0;1.0;-0.10000000000000003;-0.10000000000000009
2646;Charlie;0.7;0.3999999999999999;1.0;1.0;-0.10000000000000003;-0.10000000000000009
2647;Charlie;0.7;0.3999999999999999;1.0;1.0;-0.10000000000000003;-0.10000000000000009
2648;Charlie;0.7;0.3999999999999999;1.0;1.0;-0.10000000000000003;-0.10000000000000009
2649;Charlie;0.7;0.3999999999999999;1.0;1.0;-0.10000000000000003;-0.10000000000000009
2650;Charlie;0.7;0.3999999999999999;1.0;1.0;-0.10000000000000003;-0.10000000000000009
2651;Charlie;0.7;0.3999999999999999;1.0;1.0;-0.10000000000000003;-0.10000000000000009
2652;Charlie;0.7;0.3999999999999999;1.0;1.0;-0.10000000000000003;-0.10000000000000009
2653;Charlie;0.7;0.3999999999999999;1.0;1.0;-0.10000000000000003;-0.10000000000000009
2654;Charlie;0.7;0.3999999999999999;1.0;1.0;-0.10000000000000003;-0.10000000000000009
2655;Charlie;0.7;0.3999999999999999;1.0;1.0;-0.10000000000000003;-0.10000000000000009
2656;Charlie;0.7;0.3999999999999999;1.0;1.0;-0.10000000000000003;-0.10000000000000009
2657;Charlie;0.7;0.3999999999999999;1.0;1.0;-0.10000000000000003;-0.10000000000000009
2658;Charlie;0.7;0.3999999999999999;1.0;1.0;-0.10000000000000003;-0.10000000000000009
2659;Charlie;0.7;0.3999999999999999;1.0;1.0;-0.10000000000000003;-0.10000000000000009
2660;Charlie;0.7;0.3999999999999999;1.0;1.0;-0.10000000000000003;-0.10000000000000009
2661;Charlie;0.7;0.3999999999999999;1.0;1.0;-0.10000000000000003;-0.10000000000000009
2662;Charlie;0.7;0.3999999999999999;1.0;1.0;-0.10000000000000003;-0.10000000000000009
2663;Charlie;0.7;0.3999999999999999;1.0;1.0;-0.10000000000000003;-0.10000000000000009
2664;Charlie;0.7;0.3999999999999999;1.0;1.0;-0.10000000000000003;-0.10000000000000009
2665;Charlie;0.7;0.3999999999999999;1.0;1.0;-0.10000000000000003;-0.10000000000000009
2666;Charlie;0.7;0.3999999999999999;1.0;1.0;-0.10000000000000003;-0.10000000000000009
2667;Charlie;0.7;0.3999999999999999;1.0;1.0;-0.10000000000000003;-0.10000000000000009
2668;Charlie;0.7;0.3999999999999999;1.0;1.0;-0.10000000000000003;-0.10000000000000009
2669;Charlie;0.7;0.3999999999999999;1.0;1.0;-0.10000000000000003;-0.10000000000000009
2670;Charlie;0.7;0.3999999999999999;1.0;1.0;-0.10000000000000003;-0.10000000000000009
2671;Charlie;0.7;0.3999999999999999;1.0;1.0;-0.10000000000000003;-0.10000000000000009
2672;Charlie;0.7;0.3999999999999999;1.0;1.0;-0.10000000000000003;-0.10000000000000009
2673;Charlie;0.7;0.3999999999999999;1.0;1.0;-0.10000000000000003;-0.10000000000000009
2674;Charlie;0.7;0.3999999999999999;1.0;1.0;-0.10000000000000003;-0.10000000000000009
2675;Charlie;0.7;0.3999999999999999;1.0;1.0;-0.10000000000000003;-0.10000000000000009
2676;Charlie;0.7;0.3999999999999999;1.0;1.0;-0.10000000000000003;-0.10000000000000009
2677;Charlie;0.7;0.3999999999999999;1.0;1.0;-0.10000000000000003;-0.10000000000000009
2678;Charlie;0.7;0.3999999999999999;1.0;1.0;-0.10000000000000003;-0.10000000000000009
2679;Charlie;0.7;0.3999999999999999;1.0;1.0;-0.10000000000000003;-0.10000000000000009
2680;Charlie;0.7;0.3999999999999999;1.0;1.0;-0.10000000000000003;-0.10000000000000009
2681;Charlie;0.7;0.3999999999999999;1.0;1.0;-0.10000000000000003;-0.10000000000000009
2682;Charlie;0.7;0.3999999999999999;1.0;1.0;-0.10000000000000003;-0.10000000000000009
2683;Charlie;0.7;0.3999999999999999;1.0;1.0;-0.10000000000000003;-0.10000000000000009
2684;Charlie;0.7;0.3999999999999999;1.0;1.0;-0.10000000000000003;-0.10000000000000009
2685;Charlie;0.7;0.3999999999999999;1.0;1.0;-0.10000000000000003;-0.10000000000000009
2686;Charlie;0.7;0.3999999999999999;1.0;1.0;-0.10000000000000003;-0.10000000000000009
2687;Charlie;0.7;0.3999999999999999;1.0;1.0;-0.10000000000000003;-0.10000000000000009
2688;Charlie;0.7;0.3999999999999999;1.0;1.0;-0.10000000000000003;-0.10000000000000009
2689;Charlie;0.7;0.3999999999999999;1.0;1.0;-0.10000000000000003;-0.10000000000000009
2690;Charlie;0.7;0.3999999999999999;1.0;1.0;-0.10000000000000003;-0.10000000000000009
2691;Charlie;0.7;0.3999999999999999;1.0;1.0;-0.10000000000000003;-0.10000000000000009
2692;Charlie;0.7;0.3999999999999999;1.0;1.0;-0.10000000000000003;-0.10000000000000009
2693;Charlie;0.7;0.3999999999999999;1.0;1.0;-0.10000000000000003;-0.10000000000000009
2694;Charlie;0.7;0.3999999999999999;1.0;1.0;-0.10000000000000003;-0.10000000000000009
2695;Charlie;0.7;0.3999999999999999;1.0;1.0;-0.10000000000000003;-0.10000000000000009
2696;Charlie;0.7;0.3999999999999999;1.0;1.0;-0.10000000000000003;-0.10000000000000009
2697;Charlie;0.7;0.3999999999999999;1.0;1.0;-0.10000000000000003;-0.10000000000000009
2698;Charlie;0.7;0.3999999999999999;1.0;1.0;-0.10000000000000003;-0.10000000000000009
2699;Charlie;0.7;0.3999999999999999;1.0;1.0;-0.10000000000000003;-0.10000000000000009
2700;Charlie;0.7;0.3999999999999999;1.0;1.0;-0.10000000000000003;-0.10000000000000009
2701;Charlie;0.7;0.3999999999999999;1.0;1.0;-0.10000000000000003;-0.10000000000000009
2702;Charlie;0.7;0.3999999999999999;1.0;1.0;-0.10000000000000003;-0.10000000000000009
2703;Charlie;0.7;0.3999999999999999;1.0;1.0;-0.10000000000000003;-0.10000000000000009
2704;Charlie;0.7;0.3999999999999999;1.0;1.0;-0.10000000000000003;-0.10000000000000009
2705;Charlie;0.7;0.3999999999999999;1.0;1.0;-0.10000000000000003;-0.10000000000000009
2706;Charlie;0.7;0.3999999999999999;1.0;1.0;-0.10000000000000003;-0.10000000000000009
2707;Charlie;0.7;0.3999999999999999;1.0;1.0;-0.10000000000000003;-0.10000000000000009
2708;Charlie;0.7;0.3999999999999999;1.0;1.0;-0.10000000000000003;-0.10000000000000009
2709;Charlie;0.7;0.3999999999999999;1.0;1.0;-0.10000000000000003;-0.10000000000000009
2710;Charlie;0.7;0.3999999999999999;1.0;1.0;-0.10000000000000003;-0.10000000000000009
2711;Charlie;0.7;0.3999999999999999;1.0;1.0;-0.10000000000000003;-0.10000000000000009
2712;Charlie;0.7;0.3999999999999999;1.0;1.0;-0.10000000000000003;-0.10000000000000009
2713;Charlie;0.7;0.3999999999999999;1.0;1.0;-0.10000000000000003;-0.10000000000000009
2714;Charlie;0.7;0.3999999999999999;1.0;1.0;-0.10000000000000003;-0.10000000000000009
2715;Charlie;0.7;0.3999999999999999;1.0;1.0;-0.10000000000000003;-0.10000000000000009
2716;Charlie;0.7;0.3999999999999999;1.0;1.0;-0.10000000000000003;-0.10000000000000009
2717;Charlie;0.7;0.3999999999999999;1.0;1.0;-0.10000000000000003;-0.10000000000000009
2718;Charlie;0.7;0.3999999999999999;1.0;1.0;-0.10000000000000003;-0.10000000000000009
2719;Charlie;0.7;0.3999999999999999;1.0;1.0;-0.10000000000000003;-0.10000000000000009
2720;Charlie;0.7;0.3999999999999999;1.0;1.0;-0.10000000000000003;-0.10000000000000009
2721;Charlie;0.7;0.3999999999999999;1.0;1.0;-0.10000000000000003;-0.10000000000000009
2722;Charlie;0.7;0.3999999999999999;1.0;1.0;-0.10000000000000003;-0.10000000000000009
2723;Charlie;0.7;0.3999999999999999;1.0;1.0;-0.10000000000000003;-0.10000000000000009
2724;Charlie;0.7;0.3999999999999999;1.0;1.0;-0.10000000000000003;-0.10000000000000009
2725;Charlie;0.7;0.3999999999999999;1.0;1.0;-0.10000000000000003;-0.10000000000000009
2726;Charlie;0.7;0.3999999999999999;1.0;1.0;-0.10000000000000003;-0.10000000000000009
2727;Charlie;0.7;0.3999999999999999;1.0;1.0;-0.10000000000000003;-0.10000000000000009
2728;Charlie;0.7;0.3999999999999999;1.0;1.0;-0.10000000000000003;-0.10000000000000009
2729;Charlie;0.7;0.3999999999999999;1.0;1.0;-0.10000000000000003;-0.10000000000000009
2730;Charlie;0.7;0.3999999999999999;1.0;1.0;-0.10000000000000003;-0.10000000000000009
2731;Charlie;0.7;0.3999999999999999;1.0;1.0;-0.10000000000000003;-0.10000000000000009
2732;Charlie;0.7;0.3999999999999999;1.0;1.0;-0.10000000000000003;-0.10000000000000009
2733;Charlie;0.7;0.3999999999999999;1.0;1.0;-0.10000000000000003;-0.10000000000000009
2734;Charlie;0.7;0.3999999999999999;1.0;1.0;-0.10000000000000003;-0.10000000000000009
2735;Charlie;0.7;0.3999999999999999;1.0;1.0;-0.10000000000000003;-0.10000000000000009
2736;Charlie;0.7;0.3999999999999999;1.0;1.0;-0.10000000000000003;-0.10000000000000009
2737;Charlie;0.7;0.3999999999999999;1.0;1.0;-0.10000000000000003;-0.10000000000000009
2738;Charlie;0.7;0.3999999999999999;1.0;1.0;-0.10000000000000003;-0.10000000000000009
2739;Charlie;0.7;0.3999999999999999;1.0;1.0;-0.10000000000000003;-0.10000000000000009
2740;Charlie;0.7;0.3999999999999999;1.0;1.0;-0.10000000000000003;-0.10000000000000009
2741;Charlie;0.7;0.3999999999999999;1.0;1.0;-0.10000000000000003;-0.10000000000000009
2742;Charlie;0.7;0.3999999999999999;1.0;1.0;-0.10000000000000003;-0.10000000000000009
2743;Charlie;0.7;0.3999999999999999;1.0;1.0;-0.10000000000000003;-0.10000000000000009
2744;Charlie;0.7;0.3999999999999999;1.0;1.0;-0.10000000000000003;-0.10000000000000009
2745;Charlie;0.7;0.3999999999999999;1.0;1.0;-0.10000000000000003;-0.10000000000000009
2746;Charlie;0.7;0.3999999999999999;1.0;1.0;-0.10000000000000003;-0.10000000000000009
2747;Charlie;0.7;0.3999999999999999;1.0;1.0;-0.10000000000000003;-0.10000000000000009
2748;Charlie;0.7;0.3999999999999999;1.0;1.0;-0.10000000000000003;-0.10000000000000009
2749;Charlie;0.7;0.3999999999999999;1.0;1.0;-0.10000000000000003;-0.10000000000000009
2750;Charlie;0.7;0.3999999999999999;1.0;1.0;-0.10000000000000003;-0.10000000000000009
2751;Charlie;0.7;0.3999999999999999;1.0;1.0;-0.10000000000000003;-0.10000000000000009
2752;Charlie;0.7;0.3999999999999999;1.0;1.0;-0.10000000000000003;-0.10000000000000009
2753;Charlie;0.7;0.3999999999999999;1.0;1.0;-0.10000000000000003;-0.10000000000000009
2754;Charlie;0.7;0.3999999999999999;1.0;1.0;-0.10000000000000003;-0.10000000000000009
2755;Charlie;0.7;0.3999999999999999;1.0;1.0;-0.10000000000000003;-0.10000000000000009
2756;Charlie;0.7;0.3999999999999999;1.0;1.0;-0.10000000000000003;-0.10000000000000009
2757;Charlie;0.7;0.3999999999999999;1.0;1.0;-0.10000000000000003;-0.10000000000000009
2758;Charlie;0.7;0.3999999999999999;1.0;1.0;-0.10000000000000003;-0.10000000000000009
2784;Charlie;0.7;0.3999999999999999;0.9;1.0;-0.10000000000000003;0.29999999999999993
2793;Charlie;0.7;0.3999999999999999;0.9;1.0;-0.10000000000000003;0.29999999999999993
2794;Charlie;0.7;0.3999999999999999;0.9;1.0;-0.10000000000000003;0.29999999999999993
2795;Charlie;0.7;0.3999999999999999;0.9;1.0;-0.10000000000000003;0.29999999999999993
2796;Charlie;0.7;0.3999999999999999;0.9;1.0;-0.10000000000000003;0.29999999999999993
2797;Charlie;0.7;0.3999999999999999;0.9;1.0;-0.10000000000000003;0.29999999999999993
2798;Charlie;0.7;0.3999999999999999;0.9;1.0;-0.10000000000000003;0.29999999999999993
2799;Charlie;0.7;0.3999999999999999;0.9;1.0;-0.10000000000000003;0.29999999999999993
2800;Charlie;0.7;0.3999999999999999;0.9;1.0;-0.10000000000000003;0.29999999999999993
2801;Charlie;0.7;0.3999999999999999;0.9;1.0;-0.10000000000000003;0.29999999999999993
2802;Charlie;0.7;0.3999999999999999;0.9;1.0;-0.10000000000000003;0.29999999999999993
2803;Charlie;0.7;0.3999999999999999;0.9;1.0;-0.10000000000000003;0.29999999999999993
2804;Charlie;0.7;0.3999999999999999;0.9;1.0;-0.10000000000000003;0.29999999999999993
2805;Charlie;0.7;0.3999999999999999;0.9;1.0;-0.10000000000000003;0.29999999999999993
2806;Charlie;0.7;0.3999999999999999;0.9;1.0;-0.10000000000000003;0.29999999999999993
2807;Charlie;0.7;0.3999999999999999;0.9;1.0;-0.10000000000000003;0.29999999999999993
2808;Charlie;0.7;0.3999999999999999;0.9;1.0;-0.10000000000000003;0.29999999999999993
2809;Charlie;0.7;0.3999999999999999;0.9;1.0;-0.10000000000000003;0.29999999999999993
2810;Charlie;0.7;0.3999999999999999;0.9;1.0;-0.10000000000000003;0.29999999999999993
2811;Charlie;0.7;0.3999999999999999;0.9;1.0;-0.10000000000000003;0.29999999999999993
2812;Charlie;0.7;0.3999999999999999;0.9;1.0;-0.10000000000000003;0.29999999999999993
2813;Charlie;0.7;0.3999999999999999;0.9;1.0;-0.10000000000000003;0.29999999999999993
2814;Charlie;0.7;0.3999999999999999;0.9;1.0;-0.10000000000000003;0.29999999999999993
2815;Charlie;0.7;0.3999999999999999;0.9;1.0;-0.10000000000000003;0.29999999999999993
2816;Charlie;0.7;0.3999999999999999;0.9;1.0;-0.10000000000000003;0.29999999999999993
2817;Charlie;0.7;0.3999999999999999;0.9;1.0;-0.10000000000000003;0.29999999999999993
2818;Charlie;0.7;0.3999999999999999;0.9;1.0;-0.10000000000000003;0.29999999999999993
2819;Charlie;0.7;0.3999999999999999;0.9;1.0;-0.10000000000000003;0.29999999999999993
2820;Charlie;0.7;0.3999999999999999;0.9;1.0;-0.10000000000000003;0.29999999999999993
2821;Charlie;0.7;0.3999999999999999;0.9;1.0;-0.10000000000000003;0.29999999999999993
2822;Charlie;0.7;0.3999999999999999;0.9;1.0;-0.10000000000000003;0.29999999999999993
2823;Charlie;0.7;0.3999999999999999;0.9;1.0;-0.10000000000000003;0.29999999999999993
2824;Charlie;0.7;0.3999999999999999;0.9;1.0;-0.10000000000000003;0.29999999999999993
2825;Charlie;0.7;0.3999999999999999;0.9;1.0;-0.10000000000000003;0.29999999999999993
2826;Charlie;0.7;0.3999999999999999;0.9;1.0;-0.10000000000000003;0.29999999999999993
2827;Charlie;0.7;0.3999999999999999;0.9;1.0;-0.10000000000000003;0.29999999999999993
2828;Charlie;0.7;0.3999999999999999;0.9;1.0;-0.10000000000000003;0.29999999999999993
2829;Charlie;0.7;0.3999999999999999;0.9;1.0;-0.10000000000000003;0.29999999999999993
2830;Charlie;0.7;0.3999999999999999;0.9;1.0;-0.10000000000000003;0.29999999999999993
2831;Charlie;0.7;0.3999999999999999;0.9;1.0;-0.10000000000000003;0.29999999999999993
2832;Charlie;0.7;0.3999999999999999;0.9;1.0;-0.10000000000000003;0.29999999999999993
2833;Charlie;0.7;0.3999999999999999;0.9;1.0;-0.10000000000000003;0.29999999999999993
2834;Charlie;0.7;0.3999999999999999;0.9;1.0;-0.10000000000000003;0.29999999999999993
2835;Charlie;0.7;0.3999999999999999;0.9;1.0;-0.10000000000000003;0.29999999999999993
2836;Charlie;0.7;0.3999999999999999;0.9;1.0;-0.10000000000000003;0.29999999999999993
2837;Charlie;0.7;0.3999999999999999;0.9;1.0;-0.10000000000000003;0.29999999999999993
2838;Charlie;0.7;0.3999999999999999;0.9;1.0;-0.10000000000000003;0.29999999999999993
2839;Charlie;0.7;0.3999999999999999;0.9;1.0;-0.10000000000000003;0.29999999999999993
2840;Charlie;0.7;0.3999999999999999;0.9;1.0;-0.10000000000000003;0.29999999999999993
2841;Charlie;0.7;0.3999999999999999;0.9;1.0;-0.10000000000000003;0.29999999999999993
2842;Charlie;0.7;0.3999999999999999;0.9;1.0;-0.10000000000000003;0.29999999999999993
2843;Charlie;0.7;0.3999999999999999;0.9;1.0;-0.10000000000000003;0.29999999999999993
2844;Charlie;0.7;0.3999999999999999;0.9;1.0;-0.10000000000000003;0.29999999999999993
2845;Charlie;0.7;0.3999999999999999;0.9;1.0;-0.10000000000000003;0.29999999999999993
2846;Charlie;0.7;0.3999999999999999;0.9;1.0;-0.10000000000000003;0.29999999999999993
2847;Charlie;0.7;0.3999999999999999;0.9;1.0;-0.10000000000000003;0.29999999999999993
2848;Charlie;0.7;0.3999999999999999;0.9;1.0;-0.10000000000000003;0.29999999999999993
2849;Charlie;0.7;0.3999999999999999;0.9;1.0;-0.10000000000000003;0.29999999999999993
2850;Charlie;0.7;0.3999999999999999;0.9;1.0;-0.10000000000000003;0.29999999999999993
2851;Charlie;0.7;0.3999999999999999;0.9;1.0;-0.10000000000000003;0.29999999999999993
2852;Charlie;0.7;0.3999999999999999;0.9;1.0;-0.10000000000000003;0.29999999999999993
2853;Charlie;0.7;0.3999999999999999;0.9;1.0;-0.10000000000000003;0.29999999999999993
2854;Charlie;0.7;0.3999999999999999;0.9;1.0;-0.10000000000000003;0.29999999999999993
2855;Charlie;0.7;0.3999999999999999;0.9;1.0;-0.10000000000000003;0.29999999999999993
2856;Charlie;0.7;0.3999999999999999;0.9;1.0;-0.10000000000000003;0.29999999999999993
2857;Charlie;0.7;0.3999999999999999;0.9;1.0;-0.10000000000000003;0.29999999999999993
2858;Charlie;0.7;0.3999999999999999;0.9;1.0;-0.10000000000000003;0.29999999999999993
2859;Charlie;0.7;0.3999999999999999;0.9;1.0;-0.10000000000000003;0.29999999999999993
2860;Charlie;0.7;0.3999999999999999;0.9;1.0;-0.10000000000000003;0.29999999999999993
2861;Charlie;0.7;0.3999999999999999;0.9;1.0;-0.10000000000000003;0.29999999999999993
2862;Charlie;0.7;0.3999999999999999;0.9;1.0;-0.10000000000000003;0.29999999999999993
2863;Charlie;0.7;0.3999999999999999;0.9;1.0;-0.10000000000000003;0.29999999999999993
2864;Charlie;0.7;0.3999999999999999;0.9;1.0;-0.10000000000000003;0.29999999999999993
2865;Charlie;0.7;0.3999999999999999;0.9;1.0;-0.10000000000000003;0.29999999999999993
2866;Charlie;0.7;0.3999999999999999;0.9;1.0;-0.10000000000000003;0.29999999999999993
2867;Charlie;0.7;0.3999999999999999;0.9;1.0;-0.10000000000000003;0.29999999999999993
2868;Charlie;0.7;0.3999999999999999;0.9;1.0;-0.10000000000000003;0.29999999999999993
2869;Charlie;0.7;0.3999999999999999;0.9;1.0;-0.10000000000000003;0.29999999999999993
2870;Charlie;0.7;0.3999999999999999;0.9;1.0;-0.10000000000000003;0.29999999999999993
2871;Charlie;0.7;0.3999999999999999;0.9;1.0;-0.10000000000000003;0.29999999999999993
2872;Charlie;0.7;0.3999999999999999;0.9;1.0;-0.10000000000000003;0.29999999999999993
2873;Charlie;0.7;0.3999999999999999;0.9;1.0;-0.10000000000000003;0.29999999999999993
2874;Charlie;0.7;0.3999999999999999;0.9;1.0;-0.10000000000000003;0.29999999999999993
2875;Charlie;0.7;0.3999999999999999;0.9;1.0;-0.10000000000000003;0.29999999999999993
2876;Charlie;0.7;0.3999999999999999;0.9;1.0;-0.10000000000000003;0.29999999999999993
2877;Charlie;0.7;0.3999999999999999;0.9;1.0;-0.10000000000000003;0.29999999999999993
2878;Charlie;0.7;0.3999999999999999;0.9;1.0;-0.10000000000000003;0.29999999999999993
2879;Charlie;0.7;0.3999999999999999;0.9;1.0;-0.10000000000000003;0.29999999999999993
2880;Charlie;0.7;0.3999999999999999;0.9;1.0;-0.10000000000000003;0.29999999999999993
2881;Charlie;0.7;0.3999999999999999;0.9;1.0;-0.10000000000000003;0.29999999999999993
2882;Charlie;0.7;0.3999999999999999;0.9;1.0;-0.10000000000000003;0.29999999999999993
2883;Charlie;0.7;0.3999999999999999;0.9;1.0;-0.10000000000000003;0.29999999999999993
2884;Charlie;0.7;0.3999999999999999;0.9;1.0;-0.10000000000000003;0.29999999999999993
2885;Charlie;0.7;0.3999999999999999;0.9;1.0;-0.10000000000000003;0.29999999999999993
2886;Charlie;0.7;0.3999999999999999;0.9;1.0;-0.10000000000000003;0.29999999999999993
2887;Charlie;0.7;0.3999999999999999;0.9;1.0;-0.10000000000000003;0.29999999999999993
2888;Charlie;0.7;0.3999999999999999;0.9;1.0;-0.10000000000000003;0.29999999999999993
2889;Charlie;0.7;0.3999999999999999;0.9;1.0;-0.10000000000000003;0.29999999999999993
2890;Charlie;0.7;0.3999999999999999;0.9;1.0;-0.10000000000000003;0.29999999999999993
2891;Charlie;0.7;0.3999999999999999;0.9;1.0;-0.10000000000000003;0.29999999999999993
2892;Charlie;0.7;0.3999999999999999;0.9;1.0;-0.10000000000000003;0.29999999999999993
2893;Charlie;0.7;0.3999999999999999;0.9;1.0;-0.10000000000000003;0.29999999999999993
2894;Charlie;0.7;0.3999999999999999;0.9;1.0;-0.10000000000000003;0.29999999999999993
2895;Charlie;0.7;0.3999999999999999;0.9;1.0;-0.10000000000000003;0.29999999999999993
2896;Charlie;0.7;0.3999999999999999;0.9;1.0;-0.10000000000000003;0.29999999999999993
2897;Charlie;0.7;0.3999999999999999;0.9;1.0;-0.10000000000000003;0.29999999999999993
2898;Charlie;0.7;0.3999999999999999;0.9;1.0;-0.10000000000000003;0.29999999999999993
2899;Charlie;0.7;0.3999999999999999;0.9;1.0;-0.10000000000000003;0.29999999999999993
2900;Charlie;0.7;0.3999999999999999;0.9;1.0;-0.10000000000000003;0.29999999999999993
2901;Charlie;0.7;0.3999999999999999;0.9;1.0;-0.10000000000000003;0.29999999999999993
2902;Charlie;0.7;0.3999999999999999;0.9;1.0;-0.10000000000000003;0.29999999999999993
2903;Charlie;0.7;0.3999999999999999;0.9;1.0;-0.10000000000000003;0.29999999999999993
2904;Charlie;0.7;0.3999999999999999;0.9;1.0;-0.10000000000000003;0.29999999999999993
2905;Charlie;0.7;0.3999999999999999;0.9;1.0;-0.10000000000000003;0.29999999999999993
2906;Charlie;0.7;0.3999999999999999;0.9;1.0;-0.10000000000000003;0.29999999999999993
2907;Charlie;0.7;0.3999999999999999;0.9;1.0;-0.10000000000000003;0.29999999999999993
2908;Charlie;0.7;0.3999999999999999;0.9;1.0;-0.10000000000000003;0.29999999999999993
2909;Charlie;0.7;0.3999999999999999;0.9;1.0;-0.10000000000000003;0.29999999999999993
2910;Charlie;0.7;0.3999999999999999;0.9;1.0;-0.10000000000000003;0.29999999999999993
2911;Charlie;0.7;0.3999999999999999;0.9;1.0;-0.10000000000000003;0.29999999999999993
2912;Charlie;0.7;0.3999999999999999;0.9;1.0;-0.10000000000000003;0.29999999999999993
2913;Charlie;0.7;0.3999999999999999;0.9;1.0;-0.10000000000000003;0.29999999999999993
2914;Charlie;0.7;0.3999999999999999;0.9;1.0;-0.10000000000000003;0.29999999999999993
2915;Charlie;0.7;0.3999999999999999;0.9;1.0;-0.10000000000000003;0.29999999999999993
2916;Charlie;0.7;0.3999999999999999;0.9;1.0;-0.10000000000000003;0.29999999999999993
2917;Charlie;0.7;0.3999999999999999;0.9;1.0;-0.10000000000000003;0.29999999999999993
2918;Charlie;0.7;0.3999999999999999;0.9;1.0;-0.10000000000000003;0.29999999999999993
2919;Charlie;0.7;0.3999999999999999;0.9;1.0;-0.10000000000000003;0.29999999999999993
2920;Charlie;0.7;0.3999999999999999;0.9;1.0;-0.10000000000000003;0.29999999999999993
2921;Charlie;0.7;0.3999999999999999;0.9;1.0;-0.10000000000000003;0.29999999999999993
2922;Charlie;0.7;0.3999999999999999;0.9;1.0;-0.10000000000000003;0.29999999999999993
2923;Charlie;0.7;0.3999999999999999;0.9;1.0;-0.10000000000000003;0.29999999999999993
2924;Charlie;0.7;0.3999999999999999;0.9;1.0;-0.10000000000000003;0.29999999999999993
2925;Charlie;0.7;0.3999999999999999;0.9;1.0;-0.10000000000000003;0.29999999999999993
2926;Charlie;0.7;0.3999999999999999;0.9;1.0;-0.10000000000000003;0.29999999999999993
2927;Charlie;0.7;0.3999999999999999;0.9;1.0;-0.10000000000000003;0.29999999999999993
2928;Charlie;0.7;0.3999999999999999;0.9;1.0;-0.10000000000000003;0.29999999999999993
2929;Charlie;0.7;0.3999999999999999;0.9;1.0;-0.10000000000000003;0.29999999999999993
2930;Charlie;0.7;0.3999999999999999;0.9;1.0;-0.10000000000000003;0.29999999999999993
2931;Charlie;0.7;0.3999999999999999;0.9;1.0;-0.10000000000000003;0.29999999999999993
2932;Charlie;0.7;0.3999999999999999;0.9;1.0;-0.10000000000000003;0.29999999999999993
2933;Charlie;0.7;0.3999999999999999;0.9;1.0;-0.10000000000000003;0.29999999999999993
2934;Charlie;0.7;0.3999999999999999;0.9;1.0;-0.10000000000000003;0.29999999999999993
2935;Charlie;0.7;0.3999999999999999;0.9;1.0;-0.10000000000000003;0.29999999999999993
2936;Charlie;0.7;0.3999999999999999;0.9;1.0;-0.10000000000000003;0.29999999999999993
2937;Charlie;0.7;0.3999999999999999;0.9;1.0;-0.10000000000000003;0.29999999999999993
2938;Charlie;0.7;0.3999999999999999;0.9;1.0;-0.10000000000000003;0.29999999999999993
2939;Charlie;0.7;0.3999999999999999;0.9;1.0;-0.10000000000000003;0.29999999999999993
2940;Charlie;0.7;0.3999999999999999;0.9;1.0;-0.10000000000000003;0.29999999999999993
2941;Charlie;0.7;0.3999999999999999;0.9;1.0;-0.10000000000000003;0.29999999999999993
2942;Charlie;0.7;0.3999999999999999;0.9;1.0;-0.10000000000000003;0.29999999999999993
2943;Charlie;0.7;0.3999999999999999;0.9;1.0;-0.10000000000000003;0.29999999999999993
2944;Charlie;0.7;0.3999999999999999;0.9;1.0;-0.10000000000000003;0.29999999999999993
2945;Charlie;0.7;0.3999999999999999;0.9;1.0;-0.10000000000000003;0.29999999999999993
2946;Charlie;0.7;0.3999999999999999;0.9;1.0;-0.10000000000000003;0.29999999999999993
2947;Charlie;0.7;0.3999999999999999;0.9;1.0;-0.10000000000000003;0.29999999999999993
2948;Charlie;0.7;0.3999999999999999;0.9;1.0;-0.10000000000000003;0.29999999999999993
2949;Charlie;0.7;0.3999999999999999;0.9;1.0;-0.10000000000000003;0.29999999999999993
2950;Charlie;0.7;0.3999999999999999;0.9;1.0;-0.10000000000000003;0.29999999999999993
2951;Charlie;0.7;0.3999999999999999;0.9;1.0;-0.10000000000000003;0.29999999999999993
2952;Charlie;0.7;0.3999999999999999;0.9;1.0;-0.10000000000000003;0.29999999999999993
2953;Charlie;0.7;0.3999999999999999;0.9;1.0;-0.10000000000000003;0.29999999999999993
2954;Charlie;0.7;0.3999999999999999;0.9;1.0;-0.10000000000000003;0.29999999999999993
2955;Charlie;0.7;0.3999999999999999;0.9;1.0;-0.10000000000000003;0.29999999999999993
2956;Charlie;0.7;0.3999999999999999;0.9;1.0;-0.10000000000000003;0.29999999999999993
2957;Charlie;0.7;0.3999999999999999;0.9;1.0;-0.10000000000000003;0.29999999999999993
2958;Charlie;0.7;0.3999999999999999;0.9;1.0;-0.10000000000000003;0.29999999999999993
2959;Charlie;0.7;0.3999999999999999;0.9;1.0;-0.10000000000000003;0.29999999999999993
2960;Charlie;0.7;0.3999999999999999;0.9;1.0;-0.10000000000000003;0.29999999999999993
2961;Charlie;0.7;0.3999999999999999;0.9;1.0;-0.10000000000000003;0.29999999999999993
2962;Charlie;0.7;0.3999999999999999;0.9;1.0;-0.10000000000000003;0.29999999999999993
2963;Charlie;0.7;0.3999999999999999;0.9;1.0;-0.10000000000000003;0.29999999999999993
2964;Charlie;0.7;0.3999999999999999;0.9;1.0;-0.10000000000000003;0.29999999999999993
2965;Charlie;0.7;0.3999999999999999;0.9;1.0;-0.10000000000000003;0.29999999999999993
2966;Charlie;0.7;0.3999999999999999;0.9;1.0;-0.10000000000000003;0.29999999999999993
2967;Charlie;0.7;0.3999999999999999;0.9;1.0;-0.10000000000000003;0.29999999999999993
2968;Charlie;0.7;0.3999999999999999;0.9;1.0;-0.10000000000000003;0.29999999999999993
2969;Charlie;0.7;0.3999999999999999;0.9;1.0;-0.10000000000000003;0.29999999999999993
2970;Charlie;0.7;0.3999999999999999;0.9;1.0;-0.10000000000000003;0.29999999999999993
2971;Charlie;0.7;0.3999999999999999;0.9;1.0;-0.10000000000000003;0.29999999999999993
2972;Charlie;0.7;0.3999999999999999;0.9;1.0;-0.10000000000000003;0.29999999999999993
2973;Charlie;0.7;0.3999999999999999;0.9;1.0;-0.10000000000000003;0.29999999999999993
2974;Charlie;0.7;0.3999999999999999;0.9;1.0;-0.10000000000000003;0.29999999999999993
2975;Charlie;0.7;0.3999999999999999;0.9;1.0;-0.10000000000000003;0.29999999999999993
2976;Charlie;0.7;0.3999999999999999;0.9;1.0;-0.10000000000000003;0.29999999999999993
2977;Charlie;0.7;0.3999999999999999;0.9;1.0;-0.10000000000000003;0.29999999999999993
2978;Charlie;0.7;0.3999999999999999;0.9;1.0;-0.10000000000000003;0.29999999999999993
2979;Charlie;0.7;0.3999999999999999;0.9;1.0;-0.10000000000000003;0.29999999999999993
2980;Charlie;0.7;0.3999999999999999;0.9;1.0;-0.10000000000000003;0.29999999999999993
2981;Charlie;0.7;0.3999999999999999;0.9;1.0;-0.10000000000000003;0.29999999999999993
2982;Charlie;0.7;0.3999999999999999;0.9;1.0;-0.10000000000000003;0.29999999999999993
2983;Charlie;0.7;0.3999999999999999;0.9;1.0;-0.10000000000000003;0.29999999999999993
2984;Charlie;0.7;0.3999999999999999;0.9;1.0;-0.10000000000000003;0.29999999999999993
2985;Charlie;0.7;0.3999999999999999;0.9;1.0;-0.10000000000000003;0.29999999999999993
2986;Charlie;0.7;0.3999999999999999;0.9;1.0;-0.10000000000000003;0.29999999999999993
2987;Charlie;0.7;0.3999999999999999;0.9;1.0;-0.10000000000000003;0.29999999999999993
2988;Charlie;0.7;0.3999999999999999;0.9;1.0;-0.10000000000000003;0.29999999999999993
2989;Charlie;0.7;0.3999999999999999;0.9;1.0;-0.10000000000000003;0.29999999999999993
2990;Charlie;0.7;0.3999999999999999;0.9;1.0;-0.10000000000000003;0.29999999999999993
2991;Charlie;0.7;0.3999999999999999;0.9;1.0;-0.10000000000000003;0.29999999999999993
2992;Charlie;0.7;0.3999999999999999;0.9;1.0;-0.10000000000000003;0.29999999999999993
2993;Charlie;0.7;0.3999999999999999;0.9;1.0;-0.10000000000000003;0.29999999999999993
2994;Charlie;0.7;0.3999999999999999;0.9;1.0;-0.10000000000000003;0.29999999999999993
2995;Charlie;0.7;0.3999999999999999;0.9;1.0;-0.10000000000000003;0.29999999999999993
2996;Charlie;0.7;0.3999999999999999;0.9;1.0;-0.10000000000000003;0.29999999999999993
2997;Charlie;0.7;0.3999999999999999;0.9;1.0;-0.10000000000000003;0.29999999999999993
2998;Charlie;0.7;0.3999999999999999;0.9;1.0;-0.10000000000000003;0.29999999999999993
2999;Charlie;0.7;0.3999999999999999;0.9;1.0;-0.10000000000000003;0.29999999999999993
3000;Charlie;0.7;0.3999999999999999;0.9;1.0;-0.10000000000000003;0.29999999999999993
3001;Charlie;0.7;0.3999999999999999;0.9;1.0;-0.10000000000000003;0.29999999999999993
3002;Charlie;0.7;0.3999999999999999;0.9;1.0;-0.10000000000000003;0.29999999999999993
3003;Charlie;0.7;0.3999999999999999;0.9;1.0;-0.10000000000000003;0.29999999999999993
3004;Charlie;0.7;0.3999999999999999;0.9;1.0;-0.10000000000000003;0.29999999999999993
3005;Charlie;0.7;0.3999999999999999;0.9;1.0;-0.10000000000000003;0.29999999999999993
3006;Charlie;0.7;0.3999999999999999;0.9;1.0;-0.10000000000000003;0.29999999999999993
3007;Charlie;0.7;0.3999999999999999;0.9;1.0;-0.10000000000000003;0.29999999999999993
3008;Charlie;0.7;0.3999999999999999;0.9;1.0;-0.10000000000000003;0.29999999999999993
3009;Charlie;0.7;0.3999999999999999;0.9;1.0;-0.10000000000000003;0.29999999999999993
3010;Charlie;0.7;0.3999999999999999;0.9;1.0;-0.10000000000000003;0.29999999999999993
3011;Charlie;0.7;0.3999999999999999;0.9;1.0;-0.10000000000000003;0.29999999999999993
3012;Charlie;0.7;0.3999999999999999;0.9;1.0;-0.10000000000000003;0.29999999999999993
3013;Charlie;0.7;0.3999999999999999;0.9;1.0;-0.10000000000000003;0.29999999999999993
3014;Charlie;0.7;0.3999999999999999;0.9;1.0;-0.10000000000000003;0.29999999999999993
3015;Charlie;0.7;0.3999999999999999;0.9;1.0;-0.10000000000000003;0.29999999999999993
3016;Charlie;0.7;0.3999999999999999;0.9;1.0;-0.10000000000000003;0.29999999999999993
3017;Charlie;0.7;0.3999999999999999;0.9;1.0;-0.10000000000000003;0.29999999999999993
3018;Charlie;0.7;0.3999999999999999;0.9;1.0;-0.10000000000000003;0.29999999999999993
3019;Charlie;0.7;0.3999999999999999;0.9;1.0;-0.10000000000000003;0.29999999999999993
3020;Charlie;0.7;0.3999999999999999;0.9;1.0;-0.10000000000000003;0.29999999999999993
3021;Charlie;0.7;0.3999999999999999;0.9;1.0;-0.10000000000000003;0.29999999999999993
3022;Charlie;0.7;0.3999999999999999;0.9;1.0;-0.10000000000000003;0.29999999999999993
3023;Charlie;0.7;0.3999999999999999;0.9;1.0;-0.10000000000000003;0.29999999999999993
3024;Charlie;0.7;0.3999999999999999;0.9;1.0;-0.10000000000000003;0.29999999999999993
3025;Charlie;0.7;0.3999999999999999;0.9;1.0;-0.10000000000000003;0.29999999999999993
3026;Charlie;0.7;0.3999999999999999;0.9;1.0;-0.10000000000000003;0.29999999999999993
3027;Charlie;0.7;0.3999999999999999;0.9;1.0;-0.10000000000000003;0.29999999999999993
3028;Charlie;0.7;0.3999999999999999;0.9;1.0;-0.10000000000000003;0.29999999999999993
3029;Charlie;0.7;0.3999999999999999;0.9;1.0;-0.10000000000000003;0.29999999999999993
3030;Charlie;0.7;0.3999999999999999;0.9;1.0;-0.10000000000000003;0.29999999999999993
3031;Charlie;0.7;0.3999999999999999;0.9;1.0;-0.10000000000000003;0.29999999999999993
3032;Charlie;0.7;0.3999999999999999;0.9;1.0;-0.10000000000000003;0.29999999999999993
3033;Charlie;0.7;0.3999999999999999;0.9;1.0;-0.10000000000000003;0.29999999999999993
3034;Charlie;0.7;0.3999999999999999;0.9;1.0;-0.10000000000000003;0.29999999999999993
3035;Charlie;0.7;0.3999999999999999;0.9;1.0;-0.10000000000000003;0.29999999999999993
3036;Charlie;0.7;0.3999999999999999;0.9;1.0;-0.10000000000000003;0.29999999999999993
3037;Charlie;0.7;0.3999999999999999;0.9;1.0;-0.10000000000000003;0.29999999999999993
3038;Charlie;0.7;0.3999999999999999;0.9;1.0;-0.10000000000000003;0.29999999999999993
3039;Charlie;0.7;0.3999999999999999;0.9;1.0;-0.10000000000000003;0.29999999999999993
3040;Charlie;0.7;0.3999999999999999;0.9;1.0;-0.10000000000000003;0.29999999999999993
3041;Charlie;0.7;0.3999999999999999;0.9;1.0;-0.10000000000000003;0.29999999999999993
3042;Charlie;0.7;0.3999999999999999;0.9;1.0;-0.10000000000000003;0.29999999999999993
3043;Charlie;0.7;0.3999999999999999;0.9;1.0;-0.10000000000000003;0.29999999999999993
3044;Charlie;0.7;0.3999999999999999;0.9;1.0;-0.10000000000000003;0.29999999999999993
3045;Charlie;0.7;0.3999999999999999;0.9;1.0;-0.10000000000000003;0.29999999999999993
3046;Charlie;0.7;0.3999999999999999;0.9;1.0;-0.10000000000000003;0.29999999999999993
3047;Charlie;0.7;0.3999999999999999;0.9;1.0;-0.10000000000000003;0.29999999999999993
3048;Charlie;0.7;0.3999999999999999;0.9;1.0;-0.10000000000000003;0.29999999999999993
3049;Charlie;0.7;0.3999999999999999;0.9;1.0;-0.10000000000000003;0.29999999999999993
3050;Charlie;0.7;0.3999999999999999;0.9;1.0;-0.10000000000000003;0.29999999999999993
3051;Charlie;0.7;0.3999999999999999;0.9;1.0;-0.10000000000000003;0.29999999999999993
3052;Charlie;0.7;0.3999999999999999;0.9;1.0;-0.10000000000000003;0.29999999999999993
3053;Charlie;0.7;0.3999999999999999;0.9;1.0;-0.10000000000000003;0.29999999999999993
3054;Charlie;0.7;0.3999999999999999;0.9;1.0;-0.10000000000000003;0.29999999999999993
3055;Charlie;0.7;0.3999999999999999;0.9;1.0;-0.10000000000000003;0.29999999999999993
3056;Charlie;0.7;0.3999999999999999;0.9;1.0;-0.10000000000000003;0.29999999999999993
3057;Charlie;0.7;0.3999999999999999;0.9;1.0;-0.10000000000000003;0.29999999999999993
3058;Charlie;0.7;0.3999999999999999;0.9;1.0;-0.10000000000000003;0.29999999999999993
3059;Charlie;0.7;0.3999999999999999;0.9;1.0;-0.10000000000000003;0.29999999999999993
3060;Charlie;0.7;0.3999999999999999;0.9;1.0;-0.10000000000000003;0.29999999999999993
3061;Charlie;0.7;0.3999999999999999;0.9;1.0;-0.10000000000000003;0.29999999999999993
3062;Charlie;0.7;0.3999999999999999;0.9;1.0;-0.10000000000000003;0.29999999999999993
3063;Charlie;0.7;0.3999999999999999;0.9;1.0;-0.10000000000000003;0.29999999999999993
3064;Charlie;0.7;0.3999999999999999;0.9;1.0;-0.10000000000000003;0.29999999999999993
3065;Charlie;0.7;0.3999999999999999;0.9;1.0;-0.10000000000000003;0.29999999999999993
3066;Charlie;0.7;0.3999999999999999;0.9;1.0;-0.10000000000000003;0.29999999999999993
3067;Charlie;0.7;0.3999999999999999;0.9;1.0;-0.10000000000000003;0.29999999999999993
3068;Charlie;0.7;0.3999999999999999;0.9;1.0;-0.10000000000000003;0.29999999999999993
3069;Charlie;0.7;0.3999999999999999;0.9;1.0;-0.10000000000000003;0.29999999999999993
3070;Charlie;0.7;0.3999999999999999;0.9;1.0;-0.10000000000000003;0.29999999999999993
3071;Charlie;0.7;0.3999999999999999;0.9;1.0;-0.10000000000000003;0.29999999999999993
3072;Charlie;0.7;0.3999999999999999;0.9;1.0;-0.10000000000000003;0.29999999999999993
3073;Charlie;0.7;0.3999999999999999;0.9;1.0;-0.10000000000000003;0.29999999999999993
3074;Charlie;0.7;0.3999999999999999;0.9;1.0;-0.10000000000000003;0.29999999999999993
3075;Charlie;0.7;0.3999999999999999;0.9;1.0;-0.10000000000000003;0.29999999999999993
3076;Charlie;0.7;0.3999999999999999;0.9;1.0;-0.10000000000000003;0.29999999999999993
3077;Charlie;0.7;0.3999999999999999;0.9;1.0;-0.10000000000000003;0.29999999999999993
3078;Charlie;0.7;0.3999999999999999;0.9;1.0;-0.10000000000000003;0.29999999999999993
3079;Charlie;0.7;0.3999999999999999;0.9;1.0;-0.10000000000000003;0.29999999999999993
3080;Charlie;0.7;0.3999999999999999;0.9;1.0;-0.10000000000000003;0.29999999999999993
3081;Charlie;0.7;0.3999999999999999;0.9;1.0;-0.10000000000000003;0.29999999999999993
3082;Charlie;0.7;0.3999999999999999;0.9;1.0;-0.10000000000000003;0.29999999999999993
3083;Charlie;0.7;0.3999999999999999;0.9;1.0;-0.10000000000000003;0.29999999999999993
3084;Charlie;0.7;0.3999999999999999;0.9;1.0;-0.10000000000000003;0.29999999999999993
3085;Charlie;0.7;0.3999999999999999;0.9;1.0;-0.10000000000000003;0.29999999999999993
3086;Charlie;0.7;0.3999999999999999;0.9;1.0;-0.10000000000000003;0.29999999999999993
3087;Charlie;0.7;0.3999999999999999;0.9;1.0;-0.10000000000000003;0.29999999999999993
3088;Charlie;0.7;0.3999999999999999;0.9;1.0;-0.10000000000000003;0.29999999999999993
3089;Charlie;0.7;0.3999999999999999;0.9;1.0;-0.10000000000000003;0.29999999999999993
3090;Charlie;0.7;0.3999999999999999;0.9;1.0;-0.10000000000000003;0.29999999999999993
3091;Charlie;0.7;0.3999999999999999;0.9;1.0;-0.10000000000000003;0.29999999999999993
3092;Charlie;0.7;0.3999999999999999;0.9;1.0;-0.10000000000000003;0.29999999999999993
3093;Charlie;0.7;0.3999999999999999;0.9;1.0;-0.10000000000000003;0.29999999999999993
3094;Charlie;0.7;0.3999999999999999;0.9;1.0;-0.10000000000000003;0.29999999999999993
3095;Charlie;0.7;0.3999999999999999;0.9;1.0;-0.10000000000000003;0.29999999999999993
3096;Charlie;0.7;0.3999999999999999;0.9;1.0;-0.10000000000000003;0.29999999999999993
3097;Charlie;0.7;0.3999999999999999;0.9;1.0;-0.10000000000000003;0.29999999999999993
3098;Charlie;0.7;0.3999999999999999;0.9;1.0;-0.10000000000000003;0.29999999999999993
3099;Charlie;0.7;0.3999999999999999;0.9;1.0;-0.10000000000000003;0.29999999999999993
3100;Charlie;0.7;0.3999999999999999;0.9;1.0;-0.10000000000000003;0.29999999999999993
3101;Charlie;0.7;0.3999999999999999;0.9;1.0;-0.10000000000000003;0.29999999999999993
3102;Charlie;0.7;0.3999999999999999;0.9;1.0;-0.10000000000000003;0.29999999999999993
3103;Charlie;0.7;0.3999999999999999;0.9;1.0;-0.10000000000000003;0.29999999999999993
3104;Charlie;0.7;0.3999999999999999;0.9;1.0;-0.10000000000000003;0.29999999999999993
3105;Charlie;0.7;0.3999999999999999;0.9;1.0;-0.10000000000000003;0.29999999999999993
3106;Charlie;0.7;0.3999999999999999;0.9;1.0;-0.10000000000000003;0.29999999999999993
3107;Charlie;0.7;0.3999999999999999;0.9;1.0;-0.10000000000000003;0.29999999999999993
3108;Charlie;0.7;0.3999999999999999;0.9;1.0;-0.10000000000000003;0.29999999999999993
3109;Charlie;0.7;0.3999999999999999;0.9;1.0;-0.10000000000000003;0.29999999999999993
3110;Charlie;0.7;0.3999999999999999;0.9;1.0;-0.10000000000000003;0.29999999999999993
3111;Charlie;0.7;0.3999999999999999;0.9;1.0;-0.10000000000000003;0.29999999999999993
3112;Charlie;0.7;0.3999999999999999;0.9;1.0;-0.10000000000000003;0.29999999999999993
3113;Charlie;0.7;0.3999999999999999;0.9;1.0;-0.10000000000000003;0.29999999999999993
3114;Charlie;0.7;0.3999999999999999;0.9;1.0;-0.10000000000000003;0.29999999999999993
3115;Charlie;0.7;0.3999999999999999;0.9;1.0;-0.10000000000000003;0.29999999999999993
3116;Charlie;0.7;0.3999999999999999;0.9;1.0;-0.10000000000000003;0.29999999999999993
3117;Charlie;0.7;0.3999999999999999;0.9;1.0;-0.10000000000000003;0.29999999999999993
3118;Charlie;0.7;0.3999999999999999;0.9;1.0;-0.10000000000000003;0.29999999999999993
3119;Charlie;0.7;0.3999999999999999;0.9;1.0;-0.10000000000000003;0.29999999999999993
3120;Charlie;0.7;0.3999999999999999;0.9;1.0;-0.10000000000000003;0.29999999999999993
3121;Charlie;0.7;0.3999999999999999;0.9;1.0;-0.10000000000000003;0.29999999999999993
3122;Charlie;0.7;0.3999999999999999;0.9;1.0;-0.10000000000000003;0.29999999999999993
3123;Charlie;0.7;0.3999999999999999;0.9;1.0;-0.10000000000000003;0.29999999999999993
3124;Charlie;0.7;0.3999999999999999;0.9;1.0;-0.10000000000000003;0.29999999999999993
3125;Charlie;0.7;0.3999999999999999;0.9;1.0;-0.10000000000000003;0.29999999999999993
3126;Charlie;0.7;0.3999999999999999;0.9;1.0;-0.10000000000000003;0.29999999999999993
3127;Charlie;0.7;0.3999999999999999;0.9;1.0;-0.10000000000000003;0.29999999999999993
3128;Charlie;0.7;0.3999999999999999;0.9;1.0;-0.10000000000000003;0.29999999999999993
3129;Charlie;0.7;0.3999999999999999;0.9;1.0;-0.10000000000000003;0.29999999999999993
3130;Charlie;0.7;0.3999999999999999;0.9;1.0;-0.10000000000000003;0.29999999999999993
3131;Charlie;0.7;0.3999999999999999;0.9;1.0;-0.10000000000000003;0.29999999999999993
3132;Charlie;0.7;0.3999999999999999;0.9;1.0;-0.10000000000000003;0.29999999999999993
3133;Charlie;0.7;0.3999999999999999;0.9;1.0;-0.10000000000000003;0.29999999999999993
3134;Charlie;0.7;0.3999999999999999;0.9;1.0;-0.10000000000000003;0.29999999999999993
3135;Charlie;0.7;0.3999999999999999;0.9;1.0;-0.10000000000000003;0.29999999999999993
3136;Charlie;0.7;0.3999999999999999;0.9;1.0;-0.10000000000000003;0.29999999999999993
3137;Charlie;0.7;0.3999999999999999;0.9;1.0;-0.10000000000000003;0.29999999999999993
3138;Charlie;0.7;0.3999999999999999;0.9;1.0;-0.10000000000000003;0.29999999999999993
3139;Charlie;0.7;0.3999999999999999;0.9;1.0;-0.10000000000000003;0.29999999999999993
3140;Charlie;0.7;0.3999999999999999;0.9;1.0;-0.10000000000000003;0.29999999999999993
3141;Charlie;0.7;0.3999999999999999;0.9;1.0;-0.10000000000000003;0.29999999999999993
3142;Charlie;0.7;0.3999999999999999;0.9;1.0;-0.10000000000000003;0.29999999999999993
3143;Charlie;0.7;0.3999999999999999;0.9;1.0;-0.10000000000000003;0.29999999999999993
3144;Charlie;0.7;0.3999999999999999;0.9;1.0;-0.10000000000000003;0.29999999999999993
3145;Charlie;0.7;0.3999999999999999;0.9;1.0;-0.10000000000000003;0.29999999999999993
3146;Charlie;0.7;0.3999999999999999;0.9;1.0;-0.10000000000000003;0.29999999999999993
3147;Charlie;0.7;0.3999999999999999;0.9;1.0;-0.10000000000000003;0.29999999999999993
3148;Charlie;0.7;0.3999999999999999;0.9;1.0;-0.10000000000000003;0.29999999999999993
3149;Charlie;0.7;0.3999999999999999;0.9;1.0;-0.10000000000000003;0.29999999999999993
3150;Charlie;0.7;0.3999999999999999;0.9;1.0;-0.10000000000000003;0.29999999999999993
3151;Charlie;0.7;0.3999999999999999;0.9;1.0;-0.10000000000000003;0.29999999999999993
3152;Charlie;0.7;0.3999999999999999;0.9;1.0;-0.10000000000000003;0.29999999999999993
3153;Charlie;0.7;0.3999999999999999;0.9;1.0;-0.10000000000000003;0.29999999999999993
3154;Charlie;0.7;0.3999999999999999;0.9;1.0;-0.10000000000000003;0.29999999999999993
3155;Charlie;0.7;0.3999999999999999;0.9;1.0;-0.10000000000000003;0.29999999999999993
3156;Charlie;0.7;0.3999999999999999;0.9;1.0;-0.10000000000000003;0.29999999999999993
3157;Charlie;0.7;0.3999999999999999;0.9;1.0;-0.10000000000000003;0.29999999999999993
3158;Charlie;0.7;0.3999999999999999;0.9;1.0;-0.10000000000000003;0.29999999999999993
3159;Charlie;0.7;0.3999999999999999;0.9;1.0;-0.10000000000000003;0.29999999999999993
3160;Charlie;0.7;0.3999999999999999;0.9;1.0;-0.10000000000000003;0.29999999999999993
3161;Charlie;0.7;0.3999999999999999;0.9;1.0;-0.10000000000000003;0.29999999999999993
3162;Charlie;0.7;0.3999999999999999;0.9;1.0;-0.10000000000000003;0.29999999999999993
3163;Charlie;0.7;0.3999999999999999;0.9;1.0;-0.10000000000000003;0.29999999999999993
3164;Charlie;0.7;0.3999999999999999;0.9;1.0;-0.10000000000000003;0.29999999999999993
3165;Charlie;0.7;0.3999999999999999;0.9;1.0;-0.10000000000000003;0.29999999999999993
3166;Charlie;0.7;0.3999999999999999;0.9;1.0;-0.10000000000000003;0.29999999999999993
3167;Charlie;0.7;0.3999999999999999;0.9;1.0;-0.10000000000000003;0.29999999999999993
3168;Charlie;0.7;0.3999999999999999;0.9;1.0;-0.10000000000000003;0.29999999999999993
3169;Charlie;0.7;0.3999999999999999;0.9;1.0;-0.10000000000000003;0.29999999999999993
3170;Charlie;0.7;0.3999999999999999;0.9;1.0;-0.10000000000000003;0.29999999999999993
3171;Charlie;0.7;0.3999999999999999;0.9;1.0;-0.10000000000000003;0.29999999999999993
3172;Charlie;0.7;0.3999999999999999;0.9;1.0;-0.10000000000000003;0.29999999999999993
3173;Charlie;0.7;0.3999999999999999;0.9;1.0;-0.10000000000000003;0.29999999999999993
3174;Charlie;0.7;0.3999999999999999;0.9;1.0;-0.10000000000000003;0.29999999999999993
3175;Charlie;0.7;0.3999999999999999;0.9;1.0;-0.10000000000000003;0.29999999999999993
3176;Charlie;0.7;0.3999999999999999;0.9;1.0;-0.10000000000000003;0.29999999999999993
3177;Charlie;0.7;0.3999999999999999;0.9;1.0;-0.10000000000000003;0.29999999999999993
3178;Charlie;0.7;0.3999999999999999;0.9;1.0;-0.10000000000000003;0.29999999999999993
3179;Charlie;0.7;0.3999999999999999;0.9;1.0;-0.10000000000000003;0.29999999999999993
3180;Charlie;0.7;0.3999999999999999;0.9;1.0;-0.10000000000000003;0.29999999999999993
3181;Charlie;0.7;0.3999999999999999;0.9;1.0;-0.10000000000000003;0.29999999999999993
3182;Charlie;0.7;0.3999999999999999;0.9;1.0;-0.10000000000000003;0.29999999999999993
3183;Charlie;0.7;0.3999999999999999;0.9;1.0;-0.10000000000000003;0.29999999999999993
3184;Charlie;0.7;0.3999999999999999;0.9;1.0;-0.10000000000000003;0.29999999999999993
3185;Charlie;0.7;0.3999999999999999;0.9;1.0;-0.10000000000000003;0.29999999999999993
3186;Charlie;0.7;0.3999999999999999;0.9;1.0;-0.10000000000000003;0.29999999999999993
3187;Charlie;0.7;0.3999999999999999;0.9;1.0;-0.10000000000000003;0.29999999999999993
3188;Charlie;0.7;0.3999999999999999;0.9;1.0;-0.10000000000000003;0.29999999999999993
3189;Charlie;0.7;0.3999999999999999;0.9;1.0;-0.10000000000000003;0.29999999999999993
3190;Charlie;0.7;0.3999999999999999;0.9;1.0;-0.10000000000000003;0.29999999999999993
3191;Charlie;0.7;0.3999999999999999;0.9;1.0;-0.10000000000000003;0.29999999999999993
3192;Charlie;0.7;0.3999999999999999;0.9;1.0;-0.10000000000000003;0.29999999999999993
3193;Charlie;0.7;0.3999999999999999;0.9;1.0;-0.10000000000000003;0.29999999999999993
3194;Charlie;0.7;0.3999999999999999;0.9;1.0;-0.10000000000000003;0.29999999999999993
3195;Charlie;0.7;0.3999999999999999;0.9;1.0;-0.10000000000000003;0.29999999999999993
3196;Charlie;0.7;0.3999999999999999;0.9;1.0;-0.10000000000000003;0.29999999999999993
3197;Charlie;0.7;0.3999999999999999;0.9;1.0;-0.10000000000000003;0.29999999999999993
3198;Charlie;0.7;0.3999999999999999;0.9;1.0;-0.10000000000000003;0.29999999999999993
3199;Charlie;0.7;0.3999999999999999;0.9;1.0;-0.10000000000000003;0.29999999999999993
3200;Charlie;0.7;0.3999999999999999;0.9;1.0;-0.10000000000000003;0.29999999999999993
3201;Charlie;0.7;0.3999999999999999;0.9;1.0;-0.10000000000000003;0.29999999999999993
3202;Charlie;0.7;0.3999999999999999;0.9;1.0;-0.10000000000000003;0.29999999999999993
3203;Charlie;0.7;0.3999999999999999;0.9;1.0;-0.10000000000000003;0.29999999999999993
3204;Charlie;0.7;0.3999999999999999;0.9;1.0;-0.10000000000000003;0.29999999999999993
3205;Charlie;0.7;0.3999999999999999;0.9;1.0;-0.10000000000000003;0.29999999999999993
3206;Charlie;0.7;0.3999999999999999;0.9;1.0;-0.10000000000000003;0.29999999999999993
3207;Charlie;0.7;0.3999999999999999;0.9;1.0;-0.10000000000000003;0.29999999999999993
3208;Charlie;0.7;0.3999999999999999;0.9;1.0;-0.10000000000000003;0.29999999999999993
3209;Charlie;0.7;0.3999999999999999;0.9;1.0;-0.10000000000000003;0.29999999999999993
3210;Charlie;0.7;0.3999999999999999;0.9;1.0;-0.10000000000000003;0.29999999999999993
3211;Charlie;0.7;0.3999999999999999;0.9;1.0;-0.10000000000000003;0.29999999999999993
3212;Charlie;0.7;0.3999999999999999;0.9;1.0;-0.10000000000000003;0.29999999999999993
3213;Charlie;0.7;0.3999999999999999;0.9;1.0;-0.10000000000000003;0.29999999999999993
3214;Charlie;0.7;0.3999999999999999;0.9;1.0;-0.10000000000000003;0.29999999999999993
3215;Charlie;0.7;0.3999999999999999;0.9;1.0;-0.10000000000000003;0.29999999999999993
3216;Charlie;0.7;0.3999999999999999;0.9;1.0;-0.10000000000000003;0.29999999999999993
3217;Charlie;0.7;0.3999999999999999;0.9;1.0;-0.10000000000000003;0.29999999999999993
3218;Charlie;0.7;0.3999999999999999;0.9;1.0;-0.10000000000000003;0.29999999999999993
3219;Charlie;0.7;0.3999999999999999;0.9;1.0;-0.10000000000000003;0.29999999999999993
3220;Charlie;0.7;0.3999999999999999;0.9;1.0;-0.10000000000000003;0.29999999999999993
3221;Charlie;0.7;0.3999999999999999;0.9;1.0;-0.10000000000000003;0.29999999999999993
3222;Charlie;0.7;0.3999999999999999;0.9;1.0;-0.10000000000000003;0.29999999999999993
3223;Charlie;0.7;0.3999999999999999;0.9;1.0;-0.10000000000000003;0.29999999999999993
3224;Charlie;0.7;0.3999999999999999;0.9;1.0;-0.10000000000000003;0.29999999999999993
3225;Charlie;0.7;0.3999999999999999;0.9;1.0;-0.10000000000000003;0.29999999999999993
3226;Charlie;0.7;0.3999999999999999;0.9;1.0;-0.10000000000000003;0.29999999999999993
3227;Charlie;0.7;0.3999999999999999;0.9;1.0;-0.10000000000000003;0.29999999999999993
3228;Charlie;0.7;0.3999999999999999;0.9;1.0;-0.10000000000000003;0.29999999999999993
3229;Charlie;0.7;0.3999999999999999;0.9;1.0;-0.10000000000000003;0.29999999999999993
3230;Charlie;0.7;0.3999999999999999;0.9;1.0;-0.10000000000000003;0.29999999999999993
3231;Charlie;0.7;0.3999999999999999;0.9;1.0;-0.10000000000000003;0.29999999999999993
3232;Charlie;0.7;0.3999999999999999;0.9;1.0;-0.10000000000000003;0.29999999999999993
3233;Charlie;0.7;0.3999999999999999;0.9;1.0;-0.10000000000000003;0.29999999999999993
3234;Charlie;0.7;0.3999999999999999;0.9;1.0;-0.10000000000000003;0.29999999999999993
3235;Charlie;0.7;0.3999999999999999;0.9;1.0;-0.10000000000000003;0.29999999999999993
3236;Charlie;0.7;0.3999999999999999;0.9;1.0;-0.10000000000000003;0.29999999999999993
3237;Charlie;0.7;0.3999999999999999;0.9;1.0;-0.10000000000000003;0.29999999999999993
3238;Charlie;0.7;0.3999999999999999;0.9;1.0;-0.10000000000000003;0.29999999999999993
3239;Charlie;0.7;0.3999999999999999;0.9;1.0;-0.10000000000000003;0.29999999999999993
3240;Charlie;0.7;0.3999999999999999;0.9;1.0;-0.10000000000000003;0.29999999999999993
3241;Charlie;0.7;0.3999999999999999;0.9;1.0;-0.10000000000000003;0.29999999999999993
3242;Charlie;0.7;0.3999999999999999;0.9;1.0;-0.10000000000000003;0.29999999999999993
3243;Charlie;0.7;0.3999999999999999;0.9;1.0;-0.10000000000000003;0.29999999999999993
3244;Charlie;0.7;0.3999999999999999;0.9;1.0;-0.10000000000000003;0.29999999999999993
3245;Charlie;0.7;0.3999999999999999;0.9;1.0;-0.10000000000000003;0.29999999999999993
3246;Charlie;0.7;0.3999999999999999;0.9;1.0;-0.10000000000000003;0.29999999999999993
3247;Charlie;0.7;0.3999999999999999;0.9;1.0;-0.10000000000000003;0.29999999999999993
3248;Charlie;0.7;0.3999999999999999;0.9;1.0;-0.10000000000000003;0.29999999999999993
3249;Charlie;0.7;0.3999999999999999;0.9;1.0;-0.10000000000000003;0.29999999999999993
3250;Charlie;0.7;0.3999999999999999;0.9;1.0;-0.10000000000000003;0.29999999999999993
3251;Charlie;0.7;0.3999999999999999;0.9;1.0;-0.10000000000000003;0.29999999999999993
3252;Charlie;0.7;0.3999999999999999;0.9;1.0;-0.10000000000000003;0.29999999999999993
3253;Charlie;0.7;0.3999999999999999;0.9;1.0;-0.10000000000000003;0.29999999999999993
3254;Charlie;0.7;0.3999999999999999;0.9;1.0;-0.10000000000000003;0.29999999999999993
3255;Charlie;0.7;0.3999999999999999;0.9;1.0;-0.10000000000000003;0.29999999999999993
3256;Charlie;0.7;0.3999999999999999;0.9;1.0;-0.10000000000000003;0.29999999999999993
3257;Charlie;0.7;0.3999999999999999;0.9;1.0;-0.10000000000000003;0.29999999999999993
3258;Charlie;0.7;0.3999999999999999;0.9;1.0;-0.10000000000000003;0.29999999999999993
3259;Charlie;0.7;0.3999999999999999;0.9;1.0;-0.10000000000000003;0.29999999999999993
3260;Charlie;0.7;0.3999999999999999;0.9;1.0;-0.10000000000000003;0.29999999999999993
3261;Charlie;0.7;0.3999999999999999;0.9;1.0;-0.10000000000000003;0.29999999999999993
3262;Charlie;0.7;0.3999999999999999;0.9;1.0;-0.10000000000000003;0.29999999999999993
3263;Charlie;0.7;0.3999999999999999;0.9;1.0;-0.10000000000000003;0.29999999999999993
3264;Charlie;0.7;0.3999999999999999;0.9;1.0;-0.10000000000000003;0.29999999999999993
3265;Charlie;0.7;0.3999999999999999;0.9;1.0;-0.10000000000000003;0.29999999999999993
3266;Charlie;0.7;0.3999999999999999;0.9;1.0;-0.10000000000000003;0.29999999999999993
3267;Charlie;0.7;0.3999999999999999;0.9;1.0;-0.10000000000000003;0.29999999999999993
3268;Charlie;0.7;0.3999999999999999;0.9;1.0;-0.10000000000000003;0.29999999999999993
3269;Charlie;0.7;0.3999999999999999;0.9;1.0;-0.10000000000000003;0.29999999999999993
3270;Charlie;0.7;0.3999999999999999;0.9;1.0;-0.10000000000000003;0.29999999999999993
3271;Charlie;0.7;0.3999999999999999;0.9;1.0;-0.10000000000000003;0.29999999999999993
3272;Charlie;0.7;0.3999999999999999;0.9;1.0;-0.10000000000000003;0.29999999999999993
3273;Charlie;0.7;0.3999999999999999;0.9;1.0;-0.10000000000000003;0.29999999999999993
3274;Charlie;0.7;0.3999999999999999;0.9;1.0;-0.10000000000000003;0.29999999999999993
3275;Charlie;0.7;0.3999999999999999;0.9;1.0;-0.10000000000000003;0.29999999999999993
3276;Charlie;0.7;0.3999999999999999;0.9;1.0;-0.10000000000000003;0.29999999999999993
3277;Charlie;0.7;0.3999999999999999;0.9;1.0;-0.10000000000000003;0.29999999999999993
3278;Charlie;0.7;0.3999999999999999;0.9;1.0;-0.10000000000000003;0.29999999999999993
3279;Charlie;0.7;0.3999999999999999;0.9;1.0;-0.10000000000000003;0.29999999999999993
3280;Charlie;0.7;0.3999999999999999;0.9;1.0;-0.10000000000000003;0.29999999999999993
3281;Charlie;0.7;0.3999999999999999;0.9;1.0;-0.10000000000000003;0.29999999999999993
3282;Charlie;0.7;0.3999999999999999;0.9;1.0;-0.10000000000000003;0.29999999999999993
3283;Charlie;0.7;0.3999999999999999;0.9;1.0;-0.10000000000000003;0.29999999999999993
3284;Charlie;0.7;0.3999999999999999;0.9;1.0;-0.10000000000000003;0.29999999999999993
3285;Charlie;0.7;0.3999999999999999;0.9;1.0;-0.10000000000000003;0.29999999999999993
3286;Charlie;0.7;0.3999999999999999;0.9;1.0;-0.10000000000000003;0.29999999999999993
3287;Charlie;0.7;0.3999999999999999;0.9;1.0;-0.10000000000000003;0.29999999999999993
3288;Charlie;0.7;0.3999999999999999;0.9;1.0;-0.10000000000000003;0.29999999999999993
3289;Charlie;0.7;0.3999999999999999;0.9;1.0;-0.10000000000000003;0.29999999999999993
3290;Charlie;0.7;0.3999999999999999;0.9;1.0;-0.10000000000000003;0.29999999999999993
3291;Charlie;0.7;0.3999999999999999;0.9;1.0;-0.10000000000000003;0.29999999999999993
3292;Charlie;0.7;0.3999999999999999;0.9;1.0;-0.10000000000000003;0.29999999999999993
3293;Charlie;0.7;0.3999999999999999;0.9;1.0;-0.10000000000000003;0.29999999999999993
3294;Charlie;0.7;0.3999999999999999;0.9;1.0;-0.10000000000000003;0.29999999999999993
3295;Charlie;0.7;0.3999999999999999;0.9;1.0;-0.10000000000000003;0.29999999999999993
3296;Charlie;0.7;0.3999999999999999;0.9;1.0;-0.10000000000000003;0.29999999999999993
3297;Charlie;0.7;0.3999999999999999;0.9;1.0;-0.10000000000000003;0.29999999999999993
3298;Charlie;0.7;0.3999999999999999;0.9;1.0;-0.10000000000000003;0.29999999999999993
3299;Charlie;0.7;0.3999999999999999;0.9;1.0;-0.10000000000000003;0.29999999999999993
3300;Charlie;0.7;0.3999999999999999;0.9;1.0;-0.10000000000000003;0.29999999999999993
3301;Charlie;0.7;0.3999999999999999;0.9;1.0;-0.10000000000000003;0.29999999999999993
3302;Charlie;0.7;0.3999999999999999;0.9;1.0;-0.10000000000000003;0.29999999999999993
3303;Charlie;0.7;0.3999999999999999;0.9;1.0;-0.10000000000000003;0.29999999999999993
3304;Charlie;0.7;0.3999999999999999;0.9;1.0;-0.10000000000000003;0.29999999999999993
3305;Charlie;0.7;0.3999999999999999;0.9;1.0;-0.10000000000000003;0.29999999999999993
3306;Charlie;0.7;0.3999999999999999;0.9;1.0;-0.10000000000000003;0.29999999999999993
3307;Charlie;0.7;0.3999999999999999;0.9;1.0;-0.10000000000000003;0.29999999999999993
3308;Charlie;0.7;0.3999999999999999;0.9;1.0;-0.10000000000000003;0.29999999999999993
3309;Charlie;0.7;0.3999999999999999;0.9;1.0;-0.10000000000000003;0.29999999999999993
3310;Charlie;0.7;0.3999999999999999;0.9;1.0;-0.10000000000000003;0.29999999999999993
3311;Charlie;0.7;0.3999999999999999;0.9;1.0;-0.10000000000000003;0.29999999999999993
3312;Charlie;0.7;0.3999999999999999;0.9;1.0;-0.10000000000000003;0.29999999999999993
3313;Charlie;0.7;0.3999999999999999;0.9;1.0;-0.10000000000000003;0.29999999999999993
3314;Charlie;0.7;0.3999999999999999;0.9;1.0;-0.10000000000000003;0.29999999999999993
3315;Charlie;0.7;0.3999999999999999;0.9;1.0;-0.10000000000000003;0.29999999999999993
3316;Charlie;0.7;0.3999999999999999;0.9;1.0;-0.10000000000000003;0.29999999999999993
3317;Charlie;0.7;0.3999999999999999;0.9;1.0;-0.10000000000000003;0.29999999999999993
3318;Charlie;0.7;0.3999999999999999;0.9;1.0;-0.10000000000000003;0.29999999999999993
3319;Charlie;0.7;0.3999999999999999;0.9;1.0;-0.10000000000000003;0.29999999999999993
3320;Charlie;0.7;0.3999999999999999;0.9;1.0;-0.10000000000000003;0.29999999999999993
3321;Charlie;0.7;0.3999999999999999;0.9;1.0;-0.10000000000000003;0.29999999999999993
3322;Charlie;0.7;0.3999999999999999;0.9;1.0;-0.10000000000000003;0.29999999999999993
3323;Charlie;0.7;0.3999999999999999;0.9;1.0;-0.10000000000000003;0.29999999999999993
3324;Charlie;0.7;0.3999999999999999;0.9;1.0;-0.10000000000000003;0.29999999999999993
3325;Charlie;0.7;0.3999999999999999;0.9;1.0;-0.10000000000000003;0.29999999999999993
3326;Charlie;0.7;0.3999999999999999;0.9;1.0;-0.10000000000000003;0.29999999999999993
3327;Charlie;0.7;0.3999999999999999;0.9;1.0;-0.10000000000000003;0.29999999999999993
3328;Charlie;0.7;0.3999999999999999;0.9;1.0;-0.10000000000000003;0.29999999999999993
3329;Charlie;0.7;0.3999999999999999;0.9;1.0;-0.10000000000000003;0.29999999999999993
3330;Charlie;0.7;0.3999999999999999;0.9;1.0;-0.10000000000000003;0.29999999999999993
3331;Charlie;0.7;0.3999999999999999;0.9;1.0;-0.10000000000000003;0.29999999999999993
3332;Charlie;0.7;0.3999999999999999;0.9;1.0;-0.10000000000000003;0.29999999999999993
3333;Charlie;0.7;0.3999999999999999;0.9;1.0;-0.10000000000000003;0.29999999999999993
3334;Charlie;0.7;0.3999999999999999;0.9;1.0;-0.10000000000000003;0.29999999999999993
3335;Charlie;0.7;0.3999999999999999;0.9;1.0;-0.10000000000000003;0.29999999999999993
3336;Charlie;0.7;0.3999999999999999;0.9;1.0;-0.10000000000000003;0.29999999999999993
3337;Charlie;0.7;0.3999999999999999;0.9;1.0;-0.10000000000000003;0.29999999999999993
3338;Charlie;0.7;0.3999999999999999;0.9;1.0;-0.10000000000000003;0.29999999999999993
3339;Charlie;0.7;0.3999999999999999;0.9;1.0;-0.10000000000000003;0.29999999999999993
3340;Charlie;0.7;0.3999999999999999;0.9;1.0;-0.10000000000000003;0.29999999999999993
3341;Charlie;0.7;0.3999999999999999;0.9;1.0;-0.10000000000000003;0.29999999999999993
3342;Charlie;0.7;0.3999999999999999;0.9;1.0;-0.10000000000000003;0.29999999999999993
3343;Charlie;0.7;0.3999999999999999;0.9;1.0;-0.10000000000000003;0.29999999999999993
3344;Charlie;0.7;0.3999999999999999;0.9;1.0;-0.10000000000000003;0.29999999999999993
3345;Charlie;0.7;0.3999999999999999;0.9;1.0;-0.10000000000000003;0.29999999999999993
3346;Charlie;0.7;0.3999999999999999;0.9;1.0;-0.10000000000000003;0.29999999999999993
3347;Charlie;0.7;0.3999999999999999;0.9;1.0;-0.10000000000000003;0.29999999999999993
3348;Charlie;0.7;0.3999999999999999;0.9;1.0;-0.10000000000000003;0.29999999999999993
3349;Charlie;0.7;0.3999999999999999;0.9;1.0;-0.10000000000000003;0.29999999999999993
3350;Charlie;0.7;0.3999999999999999;0.9;1.0;-0.10000000000000003;0.29999999999999993
3351;Charlie;0.7;0.3999999999999999;0.9;1.0;-0.10000000000000003;0.29999999999999993
3352;Charlie;0.7;0.3999999999999999;0.9;1.0;-0.10000000000000003;0.29999999999999993
3353;Charlie;0.7;0.3999999999999999;0.9;1.0;-0.10000000000000003;0.29999999999999993
3354;Charlie;0.7;0.3999999999999999;0.9;1.0;-0.10000000000000003;0.29999999999999993
3355;Charlie;0.7;0.3999999999999999;0.9;1.0;-0.10000000000000003;0.29999999999999993
3356;Charlie;0.7;0.3999999999999999;0.9;1.0;-0.10000000000000003;0.29999999999999993
3357;Charlie;0.7;0.3999999999999999;0.9;1.0;-0.10000000000000003;0.29999999999999993
3358;Charlie;0.7;0.3999999999999999;0.9;1.0;-0.10000000000000003;0.29999999999999993
3359;Charlie;0.7;0.3999999999999999;0.9;1.0;-0.10000000000000003;0.29999999999999993
3360;Charlie;0.7;0.3999999999999999;0.9;1.0;-0.10000000000000003;0.29999999999999993
3361;Charlie;0.7;0.3999999999999999;0.9;1.0;-0.10000000000000003;0.29999999999999993
3362;Charlie;0.7;0.3999999999999999;0.9;1.0;-0.10000000000000003;0.29999999999999993
3363;Charlie;0.7;0.3999999999999999;0.9;1.0;-0.10000000000000003;0.29999999999999993
3364;Charlie;0.7;0.3999999999999999;0.9;1.0;-0.10000000000000003;0.29999999999999993
3365;Charlie;0.7;0.3999999999999999;0.9;1.0;-0.10000000000000003;0.29999999999999993
3366;Charlie;0.7;0.3999999999999999;0.9;1.0;-0.10000000000000003;0.29999999999999993
3367;Charlie;0.7;0.3999999999999999;0.9;1.0;-0.10000000000000003;0.29999999999999993
3368;Charlie;0.7;0.3999999999999999;0.9;1.0;-0.10000000000000003;0.29999999999999993
3369;Charlie;0.7;0.3999999999999999;0.9;1.0;-0.10000000000000003;0.29999999999999993
3370;Charlie;0.7;0.3999999999999999;0.9;1.0;-0.10000000000000003;0.29999999999999993
3371;Charlie;0.7;0.3999999999999999;0.9;1.0;-0.10000000000000003;0.29999999999999993
3372;Charlie;0.7;0.3999999999999999;0.9;1.0;-0.10000000000000003;0.29999999999999993
3373;Charlie;0.7;0.3999999999999999;0.9;1.0;-0.10000000000000003;0.29999999999999993
3374;Charlie;0.7;0.3999999999999999;0.9;1.0;-0.10000000000000003;0.29999999999999993
3375;Charlie;0.7;0.3999999999999999;0.9;1.0;-0.10000000000000003;0.29999999999999993
3376;Charlie;0.7;0.3999999999999999;0.9;1.0;-0.10000000000000003;0.29999999999999993
3377;Charlie;0.7;0.3999999999999999;0.9;1.0;-0.10000000000000003;0.29999999999999993
3378;Charlie;0.7;0.3999999999999999;0.9;1.0;-0.10000000000000003;0.29999999999999993
3379;Charlie;0.7;0.3999999999999999;0.9;1.0;-0.10000000000000003;0.29999999999999993
3380;Charlie;0.7;0.3999999999999999;0.9;1.0;-0.10000000000000003;0.29999999999999993
3381;Charlie;0.7;0.3999999999999999;0.9;1.0;-0.10000000000000003;0.29999999999999993
3382;Charlie;0.7;0.3999999999999999;0.9;1.0;-0.10000000000000003;0.29999999999999993
3383;Charlie;0.7;0.3999999999999999;0.9;1.0;-0.10000000000000003;0.29999999999999993
3384;Charlie;0.7;0.3999999999999999;0.9;1.0;-0.10000000000000003;0.29999999999999993
3385;Charlie;0.7;0.3999999999999999;0.9;1.0;-0.10000000000000003;0.29999999999999993
3386;Charlie;0.7;0.3999999999999999;0.9;1.0;-0.10000000000000003;0.29999999999999993
3387;Charlie;0.7;0.3999999999999999;0.9;1.0;-0.10000000000000003;0.29999999999999993
3388;Charlie;0.7;0.3999999999999999;0.9;1.0;-0.10000000000000003;0.29999999999999993
3389;Charlie;0.7;0.3999999999999999;0.9;1.0;-0.10000000000000003;0.29999999999999993
3390;Charlie;0.7;0.3999999999999999;0.9;1.0;-0.10000000000000003;0.29999999999999993
3391;Charlie;0.7;0.3999999999999999;0.9;1.0;-0.10000000000000003;0.29999999999999993
3392;Charlie;0.7;0.3999999999999999;0.9;1.0;-0.10000000000000003;0.29999999999999993
3393;Charlie;0.7;0.3999999999999999;0.9;1.0;-0.10000000000000003;0.29999999999999993
3394;Charlie;0.7;0.3999999999999999;0.9;1.0;-0.10000000000000003;0.29999999999999993
3395;Charlie;0.7;0.3999999999999999;0.9;1.0;-0.10000000000000003;0.29999999999999993
3396;Charlie;0.7;0.3999999999999999;0.9;1.0;-0.10000000000000003;0.29999999999999993
3397;Charlie;0.7;0.3999999999999999;0.9;1.0;-0.10000000000000003;0.29999999999999993
3398;Charlie;0.7;0.3999999999999999;0.9;1.0;-0.10000000000000003;0.29999999999999993
3399;Charlie;0.7;0.3999999999999999;0.9;1.0;-0.10000000000000003;0.29999999999999993
3400;Charlie;0.7;0.3999999999999999;0.9;1.0;-0.10000000000000003;0.29999999999999993
3401;Charlie;0.7;0.3999999999999999;0.9;1.0;-0.10000000000000003;0.29999999999999993
3402;Charlie;0.7;0.3999999999999999;0.9;1.0;-0.10000000000000003;0.29999999999999993
3403;Charlie;0.7;0.3999999999999999;0.9;1.0;-0.10000000000000003;0.29999999999999993
3404;Charlie;0.7;0.3999999999999999;0.9;1.0;-0.10000000000000003;0.29999999999999993
3405;Charlie;0.7;0.3999999999999999;0.9;1.0;-0.10000000000000003;0.29999999999999993
3406;Charlie;0.7;0.3999999999999999;0.9;1.0;-0.10000000000000003;0.29999999999999993
3407;Charlie;0.7;0.3999999999999999;0.9;1.0;-0.10000000000000003;0.29999999999999993
3408;Charlie;0.7;0.3999999999999999;0.9;1.0;-0.10000000000000003;0.29999999999999993
3409;Charlie;0.7;0.3999999999999999;0.9;1.0;-0.10000000000000003;0.29999999999999993
3410;Charlie;0.7;0.3999999999999999;0.9;1.0;-0.10000000000000003;0.29999999999999993
3411;Charlie;0.7;0.3999999999999999;0.9;1.0;-0.10000000000000003;0.29999999999999993
3412;Charlie;0.7;0.3999999999999999;0.9;1.0;-0.10000000000000003;0.29999999999999993
3413;Charlie;0.7;0.3999999999999999;0.9;1.0;-0.10000000000000003;0.29999999999999993
3414;Charlie;0.7;0.3999999999999999;0.9;1.0;-0.10000000000000003;0.29999999999999993
3415;Charlie;0.7;0.3999999999999999;0.9;1.0;-0.10000000000000003;0.29999999999999993
3416;Charlie;0.7;0.3999999999999999;0.9;1.0;-0.10000000000000003;0.29999999999999993
3417;Charlie;0.7;0.3999999999999999;0.9;1.0;-0.10000000000000003;0.29999999999999993
3418;Charlie;0.7;0.3999999999999999;0.9;1.0;-0.10000000000000003;0.29999999999999993
3419;Charlie;0.7;0.3999999999999999;0.9;1.0;-0.10000000000000003;0.29999999999999993
3420;Charlie;0.7;0.3999999999999999;0.9;1.0;-0.10000000000000003;0.29999999999999993
3421;Charlie;0.7;0.3999999999999999;0.9;1.0;-0.10000000000000003;0.29999999999999993
3422;Charlie;0.7;0.3999999999999999;0.9;1.0;-0.10000000000000003;0.29999999999999993
3423;Charlie;0.7;0.3999999999999999;0.9;1.0;-0.10000000000000003;0.29999999999999993
3424;Charlie;0.7;0.3999999999999999;0.9;1.0;-0.10000000000000003;0.29999999999999993
3425;Charlie;0.7;0.3999999999999999;0.9;1.0;-0.10000000000000003;0.29999999999999993
3426;Charlie;0.7;0.3999999999999999;0.9;1.0;-0.10000000000000003;0.29999999999999993
3427;Charlie;0.7;0.3999999999999999;0.9;1.0;-0.10000000000000003;0.29999999999999993
3428;Charlie;0.7;0.3999999999999999;0.9;1.0;-0.10000000000000003;0.29999999999999993
3429;Charlie;0.7;0.3999999999999999;0.9;1.0;-0.10000000000000003;0.29999999999999993
3430;Charlie;0.7;0.3999999999999999;0.9;1.0;-0.10000000000000003;0.29999999999999993
3431;Charlie;0.7;0.3999999999999999;0.9;1.0;-0.10000000000000003;0.29999999999999993
3432;Charlie;0.7;0.3999999999999999;0.9;1.0;-0.10000000000000003;0.29999999999999993
3433;Charlie;0.7;0.3999999999999999;0.9;1.0;-0.10000000000000003;0.29999999999999993
3434;Charlie;0.7;0.3999999999999999;0.9;1.0;-0.10000000000000003;0.29999999999999993
3435;Charlie;0.7;0.3999999999999999;0.9;1.0;-0.10000000000000003;0.29999999999999993
3436;Charlie;0.7;0.3999999999999999;0.9;1.0;-0.10000000000000003;0.29999999999999993
3437;Charlie;0.7;0.3999999999999999;0.9;1.0;-0.10000000000000003;0.29999999999999993
3438;Charlie;0.7;0.3999999999999999;0.9;1.0;-0.10000000000000003;0.29999999999999993
3439;Charlie;0.7;0.3999999999999999;0.9;1.0;-0.10000000000000003;0.29999999999999993
3440;Charlie;0.7;0.3999999999999999;0.9;1.0;-0.10000000000000003;0.29999999999999993
3441;Charlie;0.7;0.3999999999999999;0.9;1.0;-0.10000000000000003;0.29999999999999993
3442;Charlie;0.7;0.3999999999999999;0.9;1.0;-0.10000000000000003;0.29999999999999993
3443;Charlie;0.7;0.3999999999999999;0.9;1.0;-0.10000000000000003;0.29999999999999993
3444;Charlie;0.7;0.3999999999999999;0.9;1.0;-0.10000000000000003;0.29999999999999993
3445;Charlie;0.7;0.3999999999999999;0.9;1.0;-0.10000000000000003;0.29999999999999993
3446;Charlie;0.7;0.3999999999999999;0.9;1.0;-0.10000000000000003;0.29999999999999993
3447;Charlie;0.7;0.3999999999999999;0.9;1.0;-0.10000000000000003;0.29999999999999993
3448;Charlie;0.7;0.3999999999999999;0.9;1.0;-0.10000000000000003;0.29999999999999993
3449;Charlie;0.7;0.3999999999999999;0.9;1.0;-0.10000000000000003;0.29999999999999993
3450;Charlie;0.7;0.3999999999999999;0.9;1.0;-0.10000000000000003;0.29999999999999993
3451;Charlie;0.7;0.3999999999999999;0.9;1.0;-0.10000000000000003;0.29999999999999993
3452;Charlie;0.7;0.3999999999999999;0.9;1.0;-0.10000000000000003;0.29999999999999993
3478;Charlie;0.7;0.3999999999999999;1.0;1.0;-0.10000000000000003;0.29999999999999993
3487;Charlie;0.7;0.3999999999999999;1.0;1.0;-0.10000000000000003;0.29999999999999993
3496;Charlie;0.7;0.3999999999999999;1.0;1.0;-0.10000000000000003;0.29999999999999993
3505;Charlie;0.7;0.3999999999999999;1.0;1.0;-0.10000000000000003;0.29999999999999993
3514;Charlie;0.7;0.3999999999999999;1.0;1.0;-0.10000000000000003;0.29999999999999993
3523;Charlie;0.7;0.3999999999999999;1.0;1.0;-0.10000000000000003;0.29999999999999993
3537;Charlie;0.7;0.3999999999999999;1.0;1.0;-0.10000000000000003;0.29999999999999993
3551;Charlie;0.7;0.3999999999999999;1.0;1.0;-0.10000000000000003;0.29999999999999993
3565;Charlie;0.7;0.3999999999999999;1.0;1.0;-0.10000000000000003;0.29999999999999993
3579;Charlie;0.7;0.3999999999999999;1.0;1.0;-0.10000000000000003;0.29999999999999993
3588;Charlie;0.7;0.3999999999999999;1.0;1.0;-0.10000000000000003;0.29999999999999993
3602;Charlie;0.7;0.3999999999999999;1.0;1.0;-0.10000000000000003;0.29999999999999993
3611;Charlie;0.7;0.3999999999999999;1.0;1.0;-0.10000000000000003;0.29999999999999993
3620;Charlie;0.7;0.3999999999999999;1.0;1.0;-0.10000000000000003;0.29999999999999993
3629;Charlie;0.7;0.3999999999999999;1.0;1.0;-0.10000000000000003;0.29999999999999993
3638;Charlie;0.7;0.3999999999999999;1.0;1.0;-0.10000000000000003;0.29999999999999993
3647;Charlie;0.7;0.3999999999999999;1.0;1.0;-0.10000000000000003;0.29999999999999993
3661;Charlie;0.7;0.3999999999999999;1.0;1.0;-0.10000000000000003;0.29999999999999993
3675;Charlie;0.7;0.3999999999999999;1.0;1.0;-0.10000000000000003;0.29999999999999993
3689;Charlie;0.7;0.3999999999999999;1.0;1.0;-0.10000000000000003;0.29999999999999993
3703;Charlie;0.7;0.3999999999999999;1.0;1.0;-0.10000000000000003;0.29999999999999993
3717;Charlie;0.7;0.3999999999999999;1.0;1.0;-0.10000000000000003;0.29999999999999993
3726;Charlie;0.7;0.3999999999999999;1.0;1.0;-0.10000000000000003;0.29999999999999993
3735;Charlie;0.7;0.3999999999999999;1.0;1.0;-0.10000000000000003;0.29999999999999993
3744;Charlie;0.7;0.3999999999999999;1.0;1.0;-0.10000000000000003;0.29999999999999993
3753;Charlie;0.7;0.3999999999999999;1.0;1.0;-0.10000000000000003;0.29999999999999993
3779;Charlie;0.7;0.3999999999999999;1.0;1.0;-0.10000000000000003;0.29999999999999993
3788;Charlie;0.7;0.3999999999999999;1.0;1.0;-0.10000000000000003;0.29999999999999993
3789;Charlie;0.7;0.3999999999999999;1.0;1.0;-0.10000000000000003;0.29999999999999993
3790;Charlie;0.7;0.3999999999999999;1.0;1.0;-0.10000000000000003;0.29999999999999993
3791;Charlie;0.7;0.3999999999999999;1.0;1.0;-0.10000000000000003;0.29999999999999993
3792;Charlie;0.7;0.3999999999999999;1.0;1.0;-0.10000000000000003;0.29999999999999993
3793;Charlie;0.7;0.3999999999999999;1.0;1.0;-0.10000000000000003;0.29999999999999993
3794;Charlie;0.7;0.3999999999999999;1.0;1.0;-0.10000000000000003;0.29999999999999993
3795;Charlie;0.7;0.3999999999999999;1.0;1.0;-0.10000000000000003;0.29999999999999993
3796;Charlie;0.7;0.3999999999999999;1.0;1.0;-0.10000000000000003;0.29999999999999993
3797;Charlie;0.7;0.3999999999999999;1.0;1.0;-0.10000000000000003;0.29999999999999993
3798;Charlie;0.7;0.3999999999999999;1.0;1.0;-0.10000000000000003;0.29999999999999993
3799;Charlie;0.7;0.3999999999999999;1.0;1.0;-0.10000000000000003;0.29999999999999993
3800;Charlie;0.7;0.3999999999999999;1.0;1.0;-0.10000000000000003;0.29999999999999993
3801;Charlie;0.7;0.3999999999999999;1.0;1.0;-0.10000000000000003;0.29999999999999993
3802;Charlie;0.7;0.3999999999999999;1.0;1.0;-0.10000000000000003;0.29999999999999993
3803;Charlie;0.7;0.3999999999999999;1.0;1.0;-0.10000000000000003;0.29999999999999993
3804;Charlie;0.7;0.3999999999999999;1.0;1.0;-0.10000000000000003;0.29999999999999993
3805;Charlie;0.7;0.3999999999999999;1.0;1.0;-0.10000000000000003;0.29999999999999993
3806;Charlie;0.7;0.3999999999999999;1.0;1.0;-0.10000000000000003;0.29999999999999993
3807;Charlie;0.7;0.3999999999999999;1.0;1.0;-0.10000000000000003;0.29999999999999993
3808;Charlie;0.7;0.3999999999999999;1.0;1.0;-0.10000000000000003;0.29999999999999993
3809;Charlie;0.7;0.3999999999999999;1.0;1.0;-0.10000000000000003;0.29999999999999993
3810;Charlie;0.7;0.3999999999999999;1.0;1.0;-0.10000000000000003;0.29999999999999993
3811;Charlie;0.7;0.3999999999999999;1.0;1.0;-0.10000000000000003;0.29999999999999993
3812;Charlie;0.7;0.3999999999999999;1.0;1.0;-0.10000000000000003;0.29999999999999993
3813;Charlie;0.7;0.3999999999999999;1.0;1.0;-0.10000000000000003;0.29999999999999993
3814;Charlie;0.7;0.3999999999999999;1.0;1.0;-0.10000000000000003;0.29999999999999993
3815;Charlie;0.7;0.3999999999999999;1.0;1.0;-0.10000000000000003;0.29999999999999993
3816;Charlie;0.7;0.3999999999999999;1.0;1.0;-0.10000000000000003;0.29999999999999993
3817;Charlie;0.7;0.3999999999999999;1.0;1.0;-0.10000000000000003;0.29999999999999993
3818;Charlie;0.7;0.3999999999999999;1.0;1.0;-0.10000000000000003;0.29999999999999993
3819;Charlie;0.7;0.3999999999999999;1.0;1.0;-0.10000000000000003;0.29999999999999993
3820;Charlie;0.7;0.3999999999999999;1.0;1.0;-0.10000000000000003;0.29999999999999993
3821;Charlie;0.7;0.3999999999999999;1.0;1.0;-0.10000000000000003;0.29999999999999993
3822;Charlie;0.7;0.3999999999999999;1.0;1.0;-0.10000000000000003;0.29999999999999993
3823;Charlie;0.7;0.3999999999999999;1.0;1.0;-0.10000000000000003;0.29999999999999993
3824;Charlie;0.7;0.3999999999999999;1.0;1.0;-0.10000000000000003;0.29999999999999993
3825;Charlie;0.7;0.3999999999999999;1.0;1.0;-0.10000000000000003;0.29999999999999993
3826;Charlie;0.7;0.3999999999999999;1.0;1.0;-0.10000000000000003;0.29999999999999993
3827;Charlie;0.7;0.3999999999999999;1.0;1.0;-0.10000000000000003;0.29999999999999993
3828;Charlie;0.7;0.3999999999999999;1.0;1.0;-0.10000000000000003;0.29999999999999993
3829;Charlie;0.7;0.3999999999999999;1.0;1.0;-0.10000000000000003;0.29999999999999993
3830;Charlie;0.7;0.3999999999999999;1.0;1.0;-0.10000000000000003;0.29999999999999993
3831;Charlie;0.7;0.3999999999999999;1.0;1.0;-0.10000000000000003;0.29999999999999993
3832;Charlie;0.7;0.3999999999999999;1.0;1.0;-0.10000000000000003;0.29999999999999993
3833;Charlie;0.7;0.3999999999999999;1.0;1.0;-0.10000000000000003;0.29999999999999993
3834;Charlie;0.7;0.3999999999999999;1.0;1.0;-0.10000000000000003;0.29999999999999993
3835;Charlie;0.7;0.3999999999999999;1.0;1.0;-0.10000000000000003;0.29999999999999993
3836;Charlie;0.7;0.3999999999999999;1.0;1.0;-0.10000000000000003;0.29999999999999993
3837;Charlie;0.7;0.3999999999999999;1.0;1.0;-0.10000000000000003;0.29999999999999993
3838;Charlie;0.7;0.3999999999999999;1.0;1.0;-0.10000000000000003;0.29999999999999993
3839;Charlie;0.7;0.3999999999999999;1.0;1.0;-0.10000000000000003;0.29999999999999993
3840;Charlie;0.7;0.3999999999999999;1.0;1.0;-0.10000000000000003;0.29999999999999993
3841;Charlie;0.7;0.3999999999999999;1.0;1.0;-0.10000000000000003;0.29999999999999993
3842;Charlie;0.7;0.3999999999999999;1.0;1.0;-0.10000000000000003;0.29999999999999993
3843;Charlie;0.7;0.3999999999999999;1.0;1.0;-0.10000000000000003;0.29999999999999993
3844;Charlie;0.7;0.3999999999999999;1.0;1.0;-0.10000000000000003;0.29999999999999993
3845;Charlie;0.7;0.3999999999999999;1.0;1.0;-0.10000000000000003;0.29999999999999993
3846;Charlie;0.7;0.3999999999999999;1.0;1.0;-0.10000000000000003;0.29999999999999993
3847;Charlie;0.7;0.3999999999999999;1.0;1.0;-0.10000000000000003;0.29999999999999993
3848;Charlie;0.7;0.3999999999999999;1.0;1.0;-0.10000000000000003;0.29999999999999993
3849;Charlie;0.7;0.3999999999999999;1.0;1.0;-0.10000000000000003;0.29999999999999993
3850;Charlie;0.7;0.3999999999999999;1.0;1.0;-0.10000000000000003;0.29999999999999993
3851;Charlie;0.7;0.3999999999999999;1.0;1.0;-0.10000000000000003;0.29999999999999993
3852;Charlie;0.7;0.3999999999999999;1.0;1.0;-0.10000000000000003;0.29999999999999993
3853;Charlie;0.7;0.3999999999999999;1.0;1.0;-0.10000000000000003;0.29999999999999993
3854;Charlie;0.7;0.3999999999999999;1.0;1.0;-0.10000000000000003;0.29999999999999993
3855;Charlie;0.7;0.3999999999999999;1.0;1.0;-0.10000000000000003;0.29999999999999993
3856;Charlie;0.7;0.3999999999999999;1.0;1.0;-0.10000000000000003;0.29999999999999993
3857;Charlie;0.7;0.3999999999999999;1.0;1.0;-0.10000000000000003;0.29999999999999993
3858;Charlie;0.7;0.3999999999999999;1.0;1.0;-0.10000000000000003;0.29999999999999993
3859;Charlie;0.7;0.3999999999999999;1.0;1.0;-0.10000000000000003;0.29999999999999993
3860;Charlie;0.7;0.3999999999999999;1.0;1.0;-0.10000000000000003;0.29999999999999993
3861;Charlie;0.7;0.3999999999999999;1.0;1.0;-0.10000000000000003;0.29999999999999993
3862;Charlie;0.7;0.3999999999999999;1.0;1.0;-0.10000000000000003;0.29999999999999993
3863;Charlie;0.7;0.3999999999999999;1.0;1.0;-0.10000000000000003;0.29999999999999993
3864;Charlie;0.7;0.3999999999999999;1.0;1.0;-0.10000000000000003;0.29999999999999993
3865;Charlie;0.7;0.3999999999999999;1.0;1.0;-0.10000000000000003;0.29999999999999993
3866;Charlie;0.7;0.3999999999999999;1.0;1.0;-0.10000000000000003;0.29999999999999993
3867;Charlie;0.7;0.3999999999999999;1.0;1.0;-0.10000000000000003;0.29999999999999993
3868;Charlie;0.7;0.3999999999999999;1.0;1.0;-0.10000000000000003;0.29999999999999993
3869;Charlie;0.7;0.3999999999999999;1.0;1.0;-0.10000000000000003;0.29999999999999993
3870;Charlie;0.7;0.3999999999999999;1.0;1.0;-0.10000000000000003;0.29999999999999993
3871;Charlie;0.7;0.3999999999999999;1.0;1.0;-0.10000000000000003;0.29999999999999993
3872;Charlie;0.7;0.3999999999999999;1.0;1.0;-0.10000000000000003;0.29999999999999993
3873;Charlie;0.7;0.3999999999999999;1.0;1.0;-0.10000000000000003;0.29999999999999993
3874;Charlie;0.7;0.3999999999999999;1.0;1.0;-0.10000000000000003;0.29999999999999993
3875;Charlie;0.7;0.3999999999999999;1.0;1.0;-0.10000000000000003;0.29999999999999993
3876;Charlie;0.7;0.3999999999999999;1.0;1.0;-0.10000000000000003;0.29999999999999993
3877;Charlie;0.7;0.3999999999999999;1.0;1.0;-0.10000000000000003;0.29999999999999993
3878;Charlie;0.7;0.3999999999999999;1.0;1.0;-0.10000000000000003;0.29999999999999993
3879;Charlie;0.7;0.3999999999999999;1.0;1.0;-0.10000000000000003;0.29999999999999993
3880;Charlie;0.7;0.3999999999999999;1.0;1.0;-0.10000000000000003;0.29999999999999993
3881;Charlie;0.7;0.3999999999999999;1.0;1.0;-0.10000000000000003;0.29999999999999993
3882;Charlie;0.7;0.3999999999999999;1.0;1.0;-0.10000000000000003;0.29999999999999993
3883;Charlie;0.7;0.3999999999999999;1.0;1.0;-0.10000000000000003;0.29999999999999993
3884;Charlie;0.7;0.3999999999999999;1.0;1.0;-0.10000000000000003;0.29999999999999993
3885;Charlie;0.7;0.3999999999999999;1.0;1.0;-0.10000000000000003;0.29999999999999993
3886;Charlie;0.7;0.3999999999999999;1.0;1.0;-0.10000000000000003;0.29999999999999993
3887;Charlie;0.7;0.3999999999999999;1.0;1.0;-0.10000000000000003;0.29999999999999993
3888;Charlie;0.7;0.3999999999999999;1.0;1.0;-0.10000000000000003;0.29999999999999993
3889;Charlie;0.7;0.3999999999999999;1.0;1.0;-0.10000000000000003;0.29999999999999993
3890;Charlie;0.7;0.3999999999999999;1.0;1.0;-0.10000000000000003;0.29999999999999993
3891;Charlie;0.7;0.3999999999999999;1.0;1.0;-0.10000000000000003;0.29999999999999993
3892;Charlie;0.7;0.3999999999999999;1.0;1.0;-0.10000000000000003;0.29999999999999993
3893;Charlie;0.7;0.3999999999999999;1.0;1.0;-0.10000000000000003;0.29999999999999993
3894;Charlie;0.7;0.3999999999999999;1.0;1.0;-0.10000000000000003;0.29999999999999993
3895;Charlie;0.7;0.3999999999999999;1.0;1.0;-0.10000000000000003;0.29999999999999993
3896;Charlie;0.7;0.3999999999999999;1.0;1.0;-0.10000000000000003;0.29999999999999993
3897;Charlie;0.7;0.3999999999999999;1.0;1.0;-0.10000000000000003;0.29999999999999993
3898;Charlie;0.7;0.3999999999999999;1.0;1.0;-0.10000000000000003;0.29999999999999993
3899;Charlie;0.7;0.3999999999999999;1.0;1.0;-0.10000000000000003;0.29999999999999993
3900;Charlie;0.7;0.3999999999999999;1.0;1.0;-0.10000000000000003;0.29999999999999993
3901;Charlie;0.7;0.3999999999999999;1.0;1.0;-0.10000000000000003;0.29999999999999993
3902;Charlie;0.7;0.3999999999999999;1.0;1.0;-0.10000000000000003;0.29999999999999993
3903;Charlie;0.7;0.3999999999999999;1.0;1.0;-0.10000000000000003;0.29999999999999993
3904;Charlie;0.7;0.3999999999999999;1.0;1.0;-0.10000000000000003;0.29999999999999993
3905;Charlie;0.7;0.3999999999999999;1.0;1.0;-0.10000000000000003;0.29999999999999993
3906;Charlie;0.7;0.3999999999999999;1.0;1.0;-0.10000000000000003;0.29999999999999993
3907;Charlie;0.7;0.3999999999999999;1.0;1.0;-0.10000000000000003;0.29999999999999993
3908;Charlie;0.7;0.3999999999999999;1.0;1.0;-0.10000000000000003;0.29999999999999993
3909;Charlie;0.7;0.3999999999999999;1.0;1.0;-0.10000000000000003;0.29999999999999993
3910;Charlie;0.7;0.3999999999999999;1.0;1.0;-0.10000000000000003;0.29999999999999993
3911;Charlie;0.7;0.3999999999999999;1.0;1.0;-0.10000000000000003;0.29999999999999993
3912;Charlie;0.7;0.3999999999999999;1.0;1.0;-0.10000000000000003;0.29999999999999993
3913;Charlie;0.7;0.3999999999999999;1.0;1.0;-0.10000000000000003;0.29999999999999993
3914;Charlie;0.7;0.3999999999999999;1.0;1.0;-0.10000000000000003;0.29999999999999993
3915;Charlie;0.7;0.3999999999999999;1.0;1.0;-0.10000000000000003;0.29999999999999993
3916;Charlie;0.7;0.3999999999999999;1.0;1.0;-0.10000000000000003;0.29999999999999993
3917;Charlie;0.7;0.3999999999999999;1.0;1.0;-0.10000000000000003;0.29999999999999993
3918;Charlie;0.7;0.3999999999999999;1.0;1.0;-0.10000000000000003;0.29999999999999993
3919;Charlie;0.7;0.3999999999999999;1.0;1.0;-0.10000000000000003;0.29999999999999993
3920;Charlie;0.7;0.3999999999999999;1.0;1.0;-0.10000000000000003;0.29999999999999993
3921;Charlie;0.7;0.3999999999999999;1.0;1.0;-0.10000000000000003;0.29999999999999993
3922;Charlie;0.7;0.3999999999999999;1.0;1.0;-0.10000000000000003;0.29999999999999993
3923;Charlie;0.7;0.3999999999999999;1.0;1.0;-0.10000000000000003;0.29999999999999993
3924;Charlie;0.7;0.3999999999999999;1.0;1.0;-0.10000000000000003;0.29999999999999993
3925;Charlie;0.7;0.3999999999999999;1.0;1.0;-0.10000000000000003;0.29999999999999993
3926;Charlie;0.7;0.3999999999999999;1.0;1.0;-0.10000000000000003;0.29999999999999993
3927;Charlie;0.7;0.3999999999999999;1.0;1.0;-0.10000000000000003;0.29999999999999993
3928;Charlie;0.7;0.3999999999999999;1.0;1.0;-0.10000000000000003;0.29999999999999993
3929;Charlie;0.7;0.3999999999999999;1.0;1.0;-0.10000000000000003;0.29999999999999993
3930;Charlie;0.7;0.3999999999999999;1.0;1.0;-0.10000000000000003;0.29999999999999993
3931;Charlie;0.7;0.3999999999999999;1.0;1.0;-0.10000000000000003;0.29999999999999993
3932;Charlie;0.7;0.3999999999999999;1.0;1.0;-0.10000000000000003;0.29999999999999993
3933;Charlie;0.7;0.3999999999999999;1.0;1.0;-0.10000000000000003;0.29999999999999993
3934;Charlie;0.7;0.3999999999999999;1.0;1.0;-0.10000000000000003;0.29999999999999993
3935;Charlie;0.7;0.3999999999999999;1.0;1.0;-0.10000000000000003;0.29999999999999993
3936;Charlie;0.7;0.3999999999999999;1.0;1.0;-0.10000000000000003;0.29999999999999993
3937;Charlie;0.7;0.3999999999999999;1.0;1.0;-0.10000000000000003;0.29999999999999993
3938;Charlie;0.7;0.3999999999999999;1.0;1.0;-0.10000000000000003;0.29999999999999993
3939;Charlie;0.7;0.3999999999999999;1.0;1.0;-0.10000000000000003;0.29999999999999993
3940;Charlie;0.7;0.3999999999999999;1.0;1.0;-0.10000000000000003;0.29999999999999993
3941;Charlie;0.7;0.3999999999999999;1.0;1.0;-0.10000000000000003;0.29999999999999993
3942;Charlie;0.7;0.3999999999999999;1.0;1.0;-0.10000000000000003;0.29999999999999993
3943;Charlie;0.7;0.3999999999999999;1.0;1.0;-0.10000000000000003;0.29999999999999993
3944;Charlie;0.7;0.3999999999999999;1.0;1.0;-0.10000000000000003;0.29999999999999993
3945;Charlie;0.7;0.3999999999999999;1.0;1.0;-0.10000000000000003;0.29999999999999993
3946;Charlie;0.7;0.3999999999999999;1.0;1.0;-0.10000000000000003;0.29999999999999993
3947;Charlie;0.7;0.3999999999999999;1.0;1.0;-0.10000000000000003;0.29999999999999993
3948;Charlie;0.7;0.3999999999999999;1.0;1.0;-0.10000000000000003;0.29999999999999993
3949;Charlie;0.7;0.3999999999999999;1.0;1.0;-0.10000000000000003;0.29999999999999993
3950;Charlie;0.7;0.3999999999999999;1.0;1.0;-0.10000000000000003;0.29999999999999993
3951;Charlie;0.7;0.3999999999999999;1.0;1.0;-0.10000000000000003;0.29999999999999993
3952;Charlie;0.7;0.3999999999999999;1.0;1.0;-0.10000000000000003;0.29999999999999993
3953;Charlie;0.7;0.3999999999999999;1.0;1.0;-0.10000000000000003;0.29999999999999993
3954;Charlie;0.7;0.3999999999999999;1.0;1.0;-0.10000000000000003;0.29999999999999993
3955;Charlie;0.7;0.3999999999999999;1.0;1.0;-0.10000000000000003;0.29999999999999993
3956;Charlie;0.7;0.3999999999999999;1.0;1.0;-0.10000000000000003;0.29999999999999993
3957;Charlie;0.7;0.3999999999999999;1.0;1.0;-0.10000000000000003;0.29999999999999993
3958;Charlie;0.7;0.3999999999999999;1.0;1.0;-0.10000000000000003;0.29999999999999993
3959;Charlie;0.7;0.3999999999999999;1.0;1.0;-0.10000000000000003;0.29999999999999993
3960;Charlie;0.7;0.3999999999999999;1.0;1.0;-0.10000000000000003;0.29999999999999993
3961;Charlie;0.7;0.3999999999999999;1.0;1.0;-0.10000000000000003;0.29999999999999993
3962;Charlie;0.7;0.3999999999999999;1.0;1.0;-0.10000000000000003;0.29999999999999993
3963;Charlie;0.7;0.3999999999999999;1.0;1.0;-0.10000000000000003;0.29999999999999993
3964;Charlie;0.7;0.3999999999999999;1.0;1.0;-0.10000000000000003;0.29999999999999993
3965;Charlie;0.7;0.3999999999999999;1.0;1.0;-0.10000000000000003;0.29999999999999993
3966;Charlie;0.7;0.3999999999999999;1.0;1.0;-0.10000000000000003;0.29999999999999993
3967;Charlie;0.7;0.3999999999999999;1.0;1.0;-0.10000000000000003;0.29999999999999993
3968;Charlie;0.7;0.3999999999999999;1.0;1.0;-0.10000000000000003;0.29999999999999993
3969;Charlie;0.7;0.3999999999999999;1.0;1.0;-0.10000000000000003;0.29999999999999993
3970;Charlie;0.7;0.3999999999999999;1.0;1.0;-0.10000000000000003;0.29999999999999993
3971;Charlie;0.7;0.3999999999999999;1.0;1.0;-0.10000000000000003;0.29999999999999993
3972;Charlie;0.7;0.3999999999999999;1.0;1.0;-0.10000000000000003;0.29999999999999993
3973;Charlie;0.7;0.3999999999999999;1.0;1.0;-0.10000000000000003;0.29999999999999993
3974;Charlie;0.7;0.3999999999999999;1.0;1.0;-0.10000000000000003;0.29999999999999993
3975;Charlie;0.7;0.3999999999999999;1.0;1.0;-0.10000000000000003;0.29999999999999993
3976;Charlie;0.7;0.3999999999999999;1.0;1.0;-0.10000000000000003;0.29999999999999993
3977;Charlie;0.7;0.3999999999999999;1.0;1.0;-0.10000000000000003;0.29999999999999993
3978;Charlie;0.7;0.3999999999999999;1.0;1.0;-0.10000000000000003;0.29999999999999993
3979;Charlie;0.7;0.3999999999999999;1.0;1.0;-0.10000000000000003;0.29999999999999993
3980;Charlie;0.7;0.3999999999999999;1.0;1.0;-0.10000000000000003;0.29999999999999993
3981;Charlie;0.7;0.3999999999999999;1.0;1.0;-0.10000000000000003;0.29999999999999993
3982;Charlie;0.7;0.3999999999999999;1.0;1.0;-0.10000000000000003;0.29999999999999993
3983;Charlie;0.7;0.3999999999999999;1.0;1.0;-0.10000000000000003;0.29999999999999993
3984;Charlie;0.7;0.3999999999999999;1.0;1.0;-0.10000000000000003;0.29999999999999993
3985;Charlie;0.7;0.3999999999999999;1.0;1.0;-0.10000000000000003;0.29999999999999993
3986;Charlie;0.7;0.3999999999999999;1.0;1.0;-0.10000000000000003;0.29999999999999993
3987;Charlie;0.7;0.3999999999999999;1.0;1.0;-0.10000000000000003;0.29999999999999993
3988;Charlie;0.7;0.3999999999999999;1.0;1.0;-0.10000000000000003;0.29999999999999993
3989;Charlie;0.7;0.3999999999999999;1.0;1.0;-0.10000000000000003;0.29999999999999993
3990;Charlie;0.7;0.3999999999999999;1.0;1.0;-0.10000000000000003;0.29999999999999993
3991;Charlie;0.7;0.3999999999999999;1.0;1.0;-0.10000000000000003;0.29999999999999993
3992;Charlie;0.7;0.3999999999999999;1.0;1.0;-0.10000000000000003;0.29999999999999993
3993;Charlie;0.7;0.3999999999999999;1.0;1.0;-0.10000000000000003;0.29999999999999993
3994;Charlie;0.7;0.3999999999999999;1.0;1.0;-0.10000000000000003;0.29999999999999993
3995;Charlie;0.7;0.3999999999999999;1.0;1.0;-0.10000000000000003;0.29999999999999993
3996;Charlie;0.7;0.3999999999999999;1.0;1.0;-0.10000000000000003;0.29999999999999993
3997;Charlie;0.7;0.3999999999999999;1.0;1.0;-0.10000000000000003;0.29999999999999993
3998;Charlie;0.7;0.3999999999999999;1.0;1.0;-0.10000000000000003;0.29999999999999993
3999;Charlie;0.7;0.3999999999999999;1.0;1.0;-0.10000000000000003;0.29999999999999993
4000;Charlie;0.7;0.3999999999999999;1.0;1.0;-0.10000000000000003;0.29999999999999993
4001;Charlie;0.7;0.3999999999999999;1.0;1.0;-0.10000000000000003;0.29999999999999993
4002;Charlie;0.7;0.3999999999999999;1.0;1.0;-0.10000000000000003;0.29999999999999993
4003;Charlie;0.7;0.3999999999999999;1.0;1.0;-0.10000000000000003;0.29999999999999993
4004;Charlie;0.7;0.3999999999999999;1.0;1.0;-0.10000000000000003;0.29999999999999993
4005;Charlie;0.7;0.3999999999999999;1.0;1.0;-0.10000000000000003;0.29999999999999993
4006;Charlie;0.7;0.3999999999999999;1.0;1.0;-0.10000000000000003;0.29999999999999993
4007;Charlie;0.7;0.3999999999999999;1.0;1.0;-0.10000000000000003;0.29999999999999993
4008;Charlie;0.7;0.3999999999999999;1.0;1.0;-0.10000000000000003;0.29999999999999993
4009;Charlie;0.7;0.3999999999999999;1.0;1.0;-0.10000000000000003;0.29999999999999993
4010;Charlie;0.7;0.3999999999999999;1.0;1.0;-0.10000000000000003;0.29999999999999993
4011;Charlie;0.7;0.3999999999999999;1.0;1.0;-0.10000000000000003;0.29999999999999993
4012;Charlie;0.7;0.3999999999999999;1.0;1.0;-0.10000000000000003;0.29999999999999993
4013;Charlie;0.7;0.3999999999999999;1.0;1.0;-0.10000000000000003;0.29999999999999993
4014;Charlie;0.7;0.3999999999999999;1.0;1.0;-0.10000000000000003;0.29999999999999993
4015;Charlie;0.7;0.3999999999999999;1.0;1.0;-0.10000000000000003;0.29999999999999993
4016;Charlie;0.7;0.3999999999999999;1.0;1.0;-0.10000000000000003;0.29999999999999993
4017;Charlie;0.7;0.3999999999999999;1.0;1.0;-0.10000000000000003;0.29999999999999993
4018;Charlie;0.7;0.3999999999999999;1.0;1.0;-0.10000000000000003;0.29999999999999993
4019;Charlie;0.7;0.3999999999999999;1.0;1.0;-0.10000000000000003;0.29999999999999993
4020;Charlie;0.7;0.3999999999999999;1.0;1.0;-0.10000000000000003;0.29999999999999993
4021;Charlie;0.7;0.3999999999999999;1.0;1.0;-0.10000000000000003;0.29999999999999993
4022;Charlie;0.7;0.3999999999999999;1.0;1.0;-0.10000000000000003;0.29999999999999993
4023;Charlie;0.7;0.3999999999999999;1.0;1.0;-0.10000000000000003;0.29999999999999993
4024;Charlie;0.7;0.3999999999999999;1.0;1.0;-0.10000000000000003;0.29999999999999993
4025;Charlie;0.7;0.3999999999999999;1.0;1.0;-0.10000000000000003;0.29999999999999993
4026;Charlie;0.7;0.3999999999999999;1.0;1.0;-0.10000000000000003;0.29999999999999993
4027;Charlie;0.7;0.3999999999999999;1.0;1.0;-0.10000000000000003;0.29999999999999993
4028;Charlie;0.7;0.3999999999999999;1.0;1.0;-0.10000000000000003;0.29999999999999993
4029;Charlie;0.7;0.3999999999999999;1.0;1.0;-0.10000000000000003;0.29999999999999993
4030;Charlie;0.7;0.3999999999999999;1.0;1.0;-0.10000000000000003;0.29999999999999993
4031;Charlie;0.7;0.3999999999999999;1.0;1.0;-0.10000000000000003;0.29999999999999993
4032;Charlie;0.7;0.3999999999999999;1.0;1.0;-0.10000000000000003;0.29999999999999993
4033;Charlie;0.7;0.3999999999999999;1.0;1.0;-0.10000000000000003;0.29999999999999993
4034;Charlie;0.7;0.3999999999999999;1.0;1.0;-0.10000000000000003;0.29999999999999993
4035;Charlie;0.7;0.3999999999999999;1.0;1.0;-0.10000000000000003;0.29999999999999993
4036;Charlie;0.7;0.3999999999999999;1.0;1.0;-0.10000000000000003;0.29999999999999993
4037;Charlie;0.7;0.3999999999999999;1.0;1.0;-0.10000000000000003;0.29999999999999993
4038;Charlie;0.7;0.3999999999999999;1.0;1.0;-0.10000000000000003;0.29999999999999993
4039;Charlie;0.7;0.3999999999999999;1.0;1.0;-0.10000000000000003;0.29999999999999993
4040;Charlie;0.7;0.3999999999999999;1.0;1.0;-0.10000000000000003;0.29999999999999993
4041;Charlie;0.7;0.3999999999999999;1.0;1.0;-0.10000000000000003;0.29999999999999993
4042;Charlie;0.7;0.3999999999999999;1.0;1.0;-0.10000000000000003;0.29999999999999993
4043;Charlie;0.7;0.3999999999999999;1.0;1.0;-0.10000000000000003;0.29999999999999993
4044;Charlie;0.7;0.3999999999999999;1.0;1.0;-0.10000000000000003;0.29999999999999993
4045;Charlie;0.7;0.3999999999999999;1.0;1.0;-0.10000000000000003;0.29999999999999993
4046;Charlie;0.7;0.3999999999999999;1.0;1.0;-0.10000000000000003;0.29999999999999993
4047;Charlie;0.7;0.3999999999999999;1.0;1.0;-0.10000000000000003;0.29999999999999993
4048;Charlie;0.7;0.3999999999999999;1.0;1.0;-0.10000000000000003;0.29999999999999993
4049;Charlie;0.7;0.3999999999999999;1.0;1.0;-0.10000000000000003;0.29999999999999993
4050;Charlie;0.7;0.3999999999999999;1.0;1.0;-0.10000000000000003;0.29999999999999993
4051;Charlie;0.7;0.3999999999999999;1.0;1.0;-0.10000000000000003;0.29999999999999993
4052;Charlie;0.7;0.3999999999999999;1.0;1.0;-0.10000000000000003;0.29999999999999993
4053;Charlie;0.7;0.3999999999999999;1.0;1.0;-0.10000000000000003;0.29999999999999993
4054;Charlie;0.7;0.3999999999999999;1.0;1.0;-0.10000000000000003;0.29999999999999993
4055;Charlie;0.7;0.3999999999999999;1.0;1.0;-0.10000000000000003;0.29999999999999993
4056;Charlie;0.7;0.3999999999999999;1.0;1.0;-0.10000000000000003;0.29999999999999993
4057;Charlie;0.7;0.3999999999999999;1.0;1.0;-0.10000000000000003;0.29999999999999993
4058;Charlie;0.7;0.3999999999999999;1.0;1.0;-0.10000000000000003;0.29999999999999993
4059;Charlie;0.7;0.3999999999999999;1.0;1.0;-0.10000000000000003;0.29999999999999993
4060;Charlie;0.7;0.3999999999999999;1.0;1.0;-0.10000000000000003;0.29999999999999993
4061;Charlie;0.7;0.3999999999999999;1.0;1.0;-0.10000000000000003;0.29999999999999993
4062;Charlie;0.7;0.3999999999999999;1.0;1.0;-0.10000000000000003;0.29999999999999993
4063;Charlie;0.7;0.3999999999999999;1.0;1.0;-0.10000000000000003;0.29999999999999993
4064;Charlie;0.7;0.3999999999999999;1.0;1.0;-0.10000000000000003;0.29999999999999993
4065;Charlie;0.7;0.3999999999999999;1.0;1.0;-0.10000000000000003;0.29999999999999993
4066;Charlie;0.7;0.3999999999999999;1.0;1.0;-0.10000000000000003;0.29999999999999993
4067;Charlie;0.7;0.3999999999999999;1.0;1.0;-0.10000000000000003;0.29999999999999993
4068;Charlie;0.7;0.3999999999999999;1.0;1.0;-0.10000000000000003;0.29999999999999993
4069;Charlie;0.7;0.3999999999999999;1.0;1.0;-0.10000000000000003;0.29999999999999993
4070;Charlie;0.7;0.3999999999999999;1.0;1.0;-0.10000000000000003;0.29999999999999993
4071;Charlie;0.7;0.3999999999999999;1.0;1.0;-0.10000000000000003;0.29999999999999993
4072;Charlie;0.7;0.3999999999999999;1.0;1.0;-0.10000000000000003;0.29999999999999993
4073;Charlie;0.7;0.3999999999999999;1.0;1.0;-0.10000000000000003;0.29999999999999993
4074;Charlie;0.7;0.3999999999999999;1.0;1.0;-0.10000000000000003;0.29999999999999993
4075;Charlie;0.7;0.3999999999999999;1.0;1.0;-0.10000000000000003;0.29999999999999993
4076;Charlie;0.7;0.3999999999999999;1.0;1.0;-0.10000000000000003;0.29999999999999993
4077;Charlie;0.7;0.3999999999999999;1.0;1.0;-0.10000000000000003;0.29999999999999993
4078;Charlie;0.7;0.3999999999999999;1.0;1.0;-0.10000000000000003;0.29999999999999993
4079;Charlie;0.7;0.3999999999999999;1.0;1.0;-0.10000000000000003;0.29999999999999993
4080;Charlie;0.7;0.3999999999999999;1.0;1.0;-0.10000000000000003;0.29999999999999993
4081;Charlie;0.7;0.3999999999999999;1.0;1.0;-0.10000000000000003;0.29999999999999993
4082;Charlie;0.7;0.3999999999999999;1.0;1.0;-0.10000000000000003;0.29999999999999993
4083;Charlie;0.7;0.3999999999999999;1.0;1.0;-0.10000000000000003;0.29999999999999993
4084;Charlie;0.7;0.3999999999999999;1.0;1.0;-0.10000000000000003;0.29999999999999993
4085;Charlie;0.7;0.3999999999999999;1.0;1.0;-0.10000000000000003;0.29999999999999993
4086;Charlie;0.7;0.3999999999999999;1.0;1.0;-0.10000000000000003;0.29999999999999993
4087;Charlie;0.7;0.3999999999999999;1.0;1.0;-0.10000000000000003;0.29999999999999993
4088;Charlie;0.7;0.3999999999999999;1.0;1.0;-0.10000000000000003;0.29999999999999993
4089;Charlie;0.7;0.3999999999999999;1.0;1.0;-0.10000000000000003;0.29999999999999993
4090;Charlie;0.7;0.3999999999999999;1.0;1.0;-0.10000000000000003;0.29999999999999993
4091;Charlie;0.7;0.3999999999999999;1.0;1.0;-0.10000000000000003;0.29999999999999993
4092;Charlie;0.7;0.3999999999999999;1.0;1.0;-0.10000000000000003;0.29999999999999993
4093;Charlie;0.7;0.3999999999999999;1.0;1.0;-0.10000000000000003;0.29999999999999993
4094;Charlie;0.7;0.3999999999999999;1.0;1.0;-0.10000000000000003;0.29999999999999993
4095;Charlie;0.7;0.3999999999999999;1.0;1.0;-0.10000000000000003;0.29999999999999993
4096;Charlie;0.7;0.3999999999999999;1.0;1.0;-0.10000000000000003;0.29999999999999993
4097;Charlie;0.7;0.3999999999999999;1.0;1.0;-0.10000000000000003;0.29999999999999993
4098;Charlie;0.7;0.3999999999999999;1.0;1.0;-0.10000000000000003;0.29999999999999993
4099;Charlie;0.7;0.3999999999999999;1.0;1.0;-0.10000000000000003;0.29999999999999993
4100;Charlie;0.7;0.3999999999999999;1.0;1.0;-0.10000000000000003;0.29999999999999993
4101;Charlie;0.7;0.3999999999999999;1.0;1.0;-0.10000000000000003;0.29999999999999993
4102;Charlie;0.7;0.3999999999999999;1.0;1.0;-0.10000000000000003;0.29999999999999993
4103;Charlie;0.7;0.3999999999999999;1.0;1.0;-0.10000000000000003;0.29999999999999993
4104;Charlie;0.7;0.3999999999999999;1.0;1.0;-0.10000000000000003;0.29999999999999993
4105;Charlie;0.7;0.3999999999999999;1.0;1.0;-0.10000000000000003;0.29999999999999993
4106;Charlie;0.7;0.3999999999999999;1.0;1.0;-0.10000000000000003;0.29999999999999993
4107;Charlie;0.7;0.3999999999999999;1.0;1.0;-0.10000000000000003;0.29999999999999993
4108;Charlie;0.7;0.3999999999999999;1.0;1.0;-0.10000000000000003;0.29999999999999993
4109;Charlie;0.7;0.3999999999999999;1.0;1.0;-0.10000000000000003;0.29999999999999993
4110;Charlie;0.7;0.3999999999999999;1.0;1.0;-0.10000000000000003;0.29999999999999993
4111;Charlie;0.7;0.3999999999999999;1.0;1.0;-0.10000000000000003;0.29999999999999993
4112;Charlie;0.7;0.3999999999999999;1.0;1.0;-0.10000000000000003;0.29999999999999993
4113;Charlie;0.7;0.3999999999999999;1.0;1.0;-0.10000000000000003;0.29999999999999993
4114;Charlie;0.7;0.3999999999999999;1.0;1.0;-0.10000000000000003;0.29999999999999993
4115;Charlie;0.7;0.3999999999999999;1.0;1.0;-0.10000000000000003;0.29999999999999993
4116;Charlie;0.7;0.3999999999999999;1.0;1.0;-0.10000000000000003;0.29999999999999993
4117;Charlie;0.7;0.3999999999999999;1.0;1.0;-0.10000000000000003;0.29999999999999993
4118;Charlie;0.7;0.3999999999999999;1.0;1.0;-0.10000000000000003;0.29999999999999993
4119;Charlie;0.7;0.3999999999999999;1.0;1.0;-0.10000000000000003;0.29999999999999993
4120;Charlie;0.7;0.3999999999999999;1.0;1.0;-0.10000000000000003;0.29999999999999993
4121;Charlie;0.7;0.3999999999999999;1.0;1.0;-0.10000000000000003;0.29999999999999993
4122;Charlie;0.7;0.3999999999999999;1.0;1.0;-0.10000000000000003;0.29999999999999993
4123;Charlie;0.7;0.3999999999999999;1.0;1.0;-0.10000000000000003;0.29999999999999993
4124;Charlie;0.7;0.3999999999999999;1.0;1.0;-0.10000000000000003;0.29999999999999993
4125;Charlie;0.7;0.3999999999999999;1.0;1.0;-0.10000000000000003;0.29999999999999993
4126;Charlie;0.7;0.3999999999999999;1.0;1.0;-0.10000000000000003;0.29999999999999993
4127;Charlie;0.7;0.3999999999999999;1.0;1.0;-0.10000000000000003;0.29999999999999993
4128;Charlie;0.7;0.3999999999999999;1.0;1.0;-0.10000000000000003;0.29999999999999993
4129;Charlie;0.7;0.3999999999999999;1.0;1.0;-0.10000000000000003;0.29999999999999993
4130;Charlie;0.7;0.3999999999999999;1.0;1.0;-0.10000000000000003;0.29999999999999993
4131;Charlie;0.7;0.3999999999999999;1.0;1.0;-0.10000000000000003;0.29999999999999993
4132;Charlie;0.7;0.3999999999999999;1.0;1.0;-0.10000000000000003;0.29999999999999993
4133;Charlie;0.7;0.3999999999999999;1.0;1.0;-0.10000000000000003;0.29999999999999993
4134;Charlie;0.7;0.3999999999999999;1.0;1.0;-0.10000000000000003;0.29999999999999993
4135;Charlie;0.7;0.3999999999999999;1.0;1.0;-0.10000000000000003;0.29999999999999993
4136;Charlie;0.7;0.3999999999999999;1.0;1.0;-0.10000000000000003;0.29999999999999993
4137;Charlie;0.7;0.3999999999999999;1.0;1.0;-0.10000000000000003;0.29999999999999993
4138;Charlie;0.7;0.3999999999999999;1.0;1.0;-0.10000000000000003;0.29999999999999993
4139;Charlie;0.7;0.3999999999999999;1.0;1.0;-0.10000000000000003;0.29999999999999993
4140;Charlie;0.7;0.3999999999999999;1.0;1.0;-0.10000000000000003;0.29999999999999993
4141;Charlie;0.7;0.3999999999999999;1.0;1.0;-0.10000000000000003;0.29999999999999993
4142;Charlie;0.7;0.3999999999999999;1.0;1.0;-0.10000000000000003;0.29999999999999993
4143;Charlie;0.7;0.3999999999999999;1.0;1.0;-0.10000000000000003;0.29999999999999993
4144;Charlie;0.7;0.3999999999999999;1.0;1.0;-0.10000000000000003;0.29999999999999993
4145;Charlie;0.7;0.3999999999999999;1.0;1.0;-0.10000000000000003;0.29999999999999993
4146;Charlie;0.7;0.3999999999999999;1.0;1.0;-0.10000000000000003;0.29999999999999993
4147;Charlie;0.7;0.3999999999999999;1.0;1.0;-0.10000000000000003;0.29999999999999993
4148;Charlie;0.7;0.3999999999999999;1.0;1.0;-0.10000000000000003;0.29999999999999993
4149;Charlie;0.7;0.3999999999999999;1.0;1.0;-0.10000000000000003;0.29999999999999993
4150;Charlie;0.7;0.3999999999999999;1.0;1.0;-0.10000000000000003;0.29999999999999993
4151;Charlie;0.7;0.3999999999999999;1.0;1.0;-0.10000000000000003;0.29999999999999993
4152;Charlie;0.7;0.3999999999999999;1.0;1.0;-0.10000000000000003;0.29999999999999993
4153;Charlie;0.7;0.3999999999999999;1.0;1.0;-0.10000000000000003;0.29999999999999993
4154;Charlie;0.7;0.3999999999999999;1.0;1.0;-0.10000000000000003;0.29999999999999993
4155;Charlie;0.7;0.3999999999999999;1.0;1.0;-0.10000000000000003;0.29999999999999993
4156;Charlie;0.7;0.3999999999999999;1.0;1.0;-0.10000000000000003;0.29999999999999993
4157;Charlie;0.7;0.3999999999999999;1.0;1.0;-0.10000000000000003;0.29999999999999993
4158;Charlie;0.7;0.3999999999999999;1.0;1.0;-0.10000000000000003;0.29999999999999993
4159;Charlie;0.7;0.3999999999999999;1.0;1.0;-0.10000000000000003;0.29999999999999993
4160;Charlie;0.7;0.3999999999999999;1.0;1.0;-0.10000000000000003;0.29999999999999993
4161;Charlie;0.7;0.3999999999999999;1.0;1.0;-0.10000000000000003;0.29999999999999993
4162;Charlie;0.7;0.3999999999999999;1.0;1.0;-0.10000000000000003;0.29999999999999993
4163;Charlie;0.7;0.3999999999999999;1.0;1.0;-0.10000000000000003;0.29999999999999993
4164;Charlie;0.7;0.3999999999999999;1.0;1.0;-0.10000000000000003;0.29999999999999993
4165;Charlie;0.7;0.3999999999999999;1.0;1.0;-0.10000000000000003;0.29999999999999993
4166;Charlie;0.7;0.3999999999999999;1.0;1.0;-0.10000000000000003;0.29999999999999993
4167;Charlie;0.7;0.3999999999999999;1.0;1.0;-0.10000000000000003;0.29999999999999993
4168;Charlie;0.7;0.3999999999999999;1.0;1.0;-0.10000000000000003;0.29999999999999993
4169;Charlie;0.7;0.3999999999999999;1.0;1.0;-0.10000000000000003;0.29999999999999993
4170;Charlie;0.7;0.3999999999999999;1.0;1.0;-0.10000000000000003;0.29999999999999993
4171;Charlie;0.7;0.3999999999999999;1.0;1.0;-0.10000000000000003;0.29999999999999993
4172;Charlie;0.7;0.3999999999999999;1.0;1.0;-0.10000000000000003;0.29999999999999993
4173;Charlie;0.7;0.3999999999999999;1.0;1.0;-0.10000000000000003;0.29999999999999993
4174;Charlie;0.7;0.3999999999999999;1.0;1.0;-0.10000000000000003;0.29999999999999993
4175;Charlie;0.7;0.3999999999999999;1.0;1.0;-0.10000000000000003;0.29999999999999993
4176;Charlie;0.7;0.3999999999999999;1.0;1.0;-0.10000000000000003;0.29999999999999993
4177;Charlie;0.7;0.3999999999999999;1.0;1.0;-0.10000000000000003;0.29999999999999993
4178;Charlie;0.7;0.3999999999999999;1.0;1.0;-0.10000000000000003;0.29999999999999993
4179;Charlie;0.7;0.3999999999999999;1.0;1.0;-0.10000000000000003;0.29999999999999993
4180;Charlie;0.7;0.3999999999999999;1.0;1.0;-0.10000000000000003;0.29999999999999993
4181;Charlie;0.7;0.3999999999999999;1.0;1.0;-0.10000000000000003;0.29999999999999993
4182;Charlie;0.7;0.3999999999999999;1.0;1.0;-0.10000000000000003;0.29999999999999993
4183;Charlie;0.7;0.3999999999999999;1.0;1.0;-0.10000000000000003;0.29999999999999993
4184;Charlie;0.7;0.3999999999999999;1.0;1.0;-0.10000000000000003;0.29999999999999993
4185;Charlie;0.7;0.3999999999999999;1.0;1.0;-0.10000000000000003;0.29999999999999993
4186;Charlie;0.7;0.3999999999999999;1.0;1.0;-0.10000000000000003;0.29999999999999993
4187;Charlie;0.7;0.3999999999999999;1.0;1.0;-0.10000000000000003;0.29999999999999993
4188;Charlie;0.7;0.3999999999999999;1.0;1.0;-0.10000000000000003;0.29999999999999993
4189;Charlie;0.7;0.3999999999999999;1.0;1.0;-0.10000000000000003;0.29999999999999993
4190;Charlie;0.7;0.3999999999999999;1.0;1.0;-0.10000000000000003;0.29999999999999993
4191;Charlie;0.7;0.3999999999999999;1.0;1.0;-0.10000000000000003;0.29999999999999993
4192;Charlie;0.7;0.3999999999999999;1.0;1.0;-0.10000000000000003;0.29999999999999993
4193;Charlie;0.7;0.3999999999999999;1.0;1.0;-0.10000000000000003;0.29999999999999993
4194;Charlie;0.7;0.3999999999999999;1.0;1.0;-0.10000000000000003;0.29999999999999993
4195;Charlie;0.7;0.3999999999999999;1.0;1.0;-0.10000000000000003;0.29999999999999993
4196;Charlie;0.7;0.3999999999999999;1.0;1.0;-0.10000000000000003;0.29999999999999993
4197;Charlie;0.7;0.3999999999999999;1.0;1.0;-0.10000000000000003;0.29999999999999993
4198;Charlie;0.7;0.3999999999999999;1.0;1.0;-0.10000000000000003;0.29999999999999993
4199;Charlie;0.7;0.3999999999999999;1.0;1.0;-0.10000000000000003;0.29999999999999993
4200;Charlie;0.7;0.3999999999999999;1.0;1.0;-0.10000000000000003;0.29999999999999993
4201;Charlie;0.7;0.3999999999999999;1.0;1.0;-0.10000000000000003;0.29999999999999993
4202;Charlie;0.7;0.3999999999999999;1.0;1.0;-0.10000000000000003;0.29999999999999993
4203;Charlie;0.7;0.3999999999999999;1.0;1.0;-0.10000000000000003;0.29999999999999993
4204;Charlie;0.7;0.3999999999999999;1.0;1.0;-0.10000000000000003;0.29999999999999993
4205;Charlie;0.7;0.3999999999999999;1.0;1.0;-0.10000000000000003;0.29999999999999993
4206;Charlie;0.7;0.3999999999999999;1.0;1.0;-0.10000000000000003;0.29999999999999993
4207;Charlie;0.7;0.3999999999999999;1.0;1.0;-0.10000000000000003;0.29999999999999993
4208;Charlie;0.7;0.3999999999999999;1.0;1.0;-0.10000000000000003;0.29999999999999993
4209;Charlie;0.7;0.3999999999999999;1.0;1.0;-0.10000000000000003;0.29999999999999993
4210;Charlie;0.7;0.3999999999999999;1.0;1.0;-0.10000000000000003;0.29999999999999993
4211;Charlie;0.7;0.3999999999999999;1.0;1.0;-0.10000000000000003;0.29999999999999993
4212;Charlie;0.7;0.3999999999999999;1.0;1.0;-0.10000000000000003;0.29999999999999993
4213;Charlie;0.7;0.3999999999999999;1.0;1.0;-0.10000000000000003;0.29999999999999993
4214;Charlie;0.7;0.3999999999999999;1.0;1.0;-0.10000000000000003;0.29999999999999993
4215;Charlie;0.7;0.3999999999999999;1.0;1.0;-0.10000000000000003;0.29999999999999993
4216;Charlie;0.7;0.3999999999999999;1.0;1.0;-0.10000000000000003;0.29999999999999993
4217;Charlie;0.7;0.3999999999999999;1.0;1.0;-0.10000000000000003;0.29999999999999993
4218;Charlie;0.7;0.3999999999999999;1.0;1.0;-0.10000000000000003;0.29999999999999993
4219;Charlie;0.7;0.3999999999999999;1.0;1.0;-0.10000000000000003;0.29999999999999993
4220;Charlie;0.7;0.3999999999999999;1.0;1.0;-0.10000000000000003;0.29999999999999993
4221;Charlie;0.7;0.3999999999999999;1.0;1.0;-0.10000000000000003;0.29999999999999993
4222;Charlie;0.7;0.3999999999999999;1.0;1.0;-0.10000000000000003;0.29999999999999993
4223;Charlie;0.7;0.3999999999999999;1.0;1.0;-0.10000000000000003;0.29999999999999993
4224;Charlie;0.7;0.3999999999999999;1.0;1.0;-0.10000000000000003;0.29999999999999993
4225;Charlie;0.7;0.3999999999999999;1.0;1.0;-0.10000000000000003;0.29999999999999993
4226;Charlie;0.7;0.3999999999999999;1.0;1.0;-0.10000000000000003;0.29999999999999993
4227;Charlie;0.7;0.3999999999999999;1.0;1.0;-0.10000000000000003;0.29999999999999993
4228;Charlie;0.7;0.3999999999999999;1.0;1.0;-0.10000000000000003;0.29999999999999993
4229;Charlie;0.7;0.3999999999999999;1.0;1.0;-0.10000000000000003;0.29999999999999993
4230;Charlie;0.7;0.3999999999999999;1.0;1.0;-0.10000000000000003;0.29999999999999993
4231;Charlie;0.7;0.3999999999999999;1.0;1.0;-0.10000000000000003;0.29999999999999993
4232;Charlie;0.7;0.3999999999999999;1.0;1.0;-0.10000000000000003;0.29999999999999993
4233;Charlie;0.7;0.3999999999999999;1.0;1.0;-0.10000000000000003;0.29999999999999993
4234;Charlie;0.7;0.3999999999999999;1.0;1.0;-0.10000000000000003;0.29999999999999993
4235;Charlie;0.7;0.3999999999999999;1.0;1.0;-0.10000000000000003;0.29999999999999993
4236;Charlie;0.7;0.3999999999999999;1.0;1.0;-0.10000000000000003;0.29999999999999993
4237;Charlie;0.7;0.3999999999999999;1.0;1.0;-0.10000000000000003;0.29999999999999993
4238;Charlie;0.7;0.3999999999999999;1.0;1.0;-0.10000000000000003;0.29999999999999993
4239;Charlie;0.7;0.3999999999999999;1.0;1.0;-0.10000000000000003;0.29999999999999993
4240;Charlie;0.7;0.3999999999999999;1.0;1.0;-0.10000000000000003;0.29999999999999993
4241;Charlie;0.7;0.3999999999999999;1.0;1.0;-0.10000000000000003;0.29999999999999993
4242;Charlie;0.7;0.3999999999999999;1.0;1.0;-0.10000000000000003;0.29999999999999993
4243;Charlie;0.7;0.3999999999999999;1.0;1.0;-0.10000000000000003;0.29999999999999993
4244;Charlie;0.7;0.3999999999999999;1.0;1.0;-0.10000000000000003;0.29999999999999993
4245;Charlie;0.7;0.3999999999999999;1.0;1.0;-0.10000000000000003;0.29999999999999993
4246;Charlie;0.7;0.3999999999999999;1.0;1.0;-0.10000000000000003;0.29999999999999993
4247;Charlie;0.7;0.3999999999999999;1.0;1.0;-0.10000000000000003;0.29999999999999993
4248;Charlie;0.7;0.3999999999999999;1.0;1.0;-0.10000000000000003;0.29999999999999993
4249;Charlie;0.7;0.3999999999999999;1.0;1.0;-0.10000000000000003;0.29999999999999993
4250;Charlie;0.7;0.3999999999999999;1.0;1.0;-0.10000000000000003;0.29999999999999993
4251;Charlie;0.7;0.3999999999999999;1.0;1.0;-0.10000000000000003;0.29999999999999993
4252;Charlie;0.7;0.3999999999999999;1.0;1.0;-0.10000000000000003;0.29999999999999993
4253;Charlie;0.7;0.3999999999999999;1.0;1.0;-0.10000000000000003;0.29999999999999993
4254;Charlie;0.7;0.3999999999999999;1.0;1.0;-0.10000000000000003;0.29999999999999993
4255;Charlie;0.7;0.3999999999999999;1.0;1.0;-0.10000000000000003;0.29999999999999993
4256;Charlie;0.7;0.3999999999999999;1.0;1.0;-0.10000000000000003;0.29999999999999993
4257;Charlie;0.7;0.3999999999999999;1.0;1.0;-0.10000000000000003;0.29999999999999993
4258;Charlie;0.7;0.3999999999999999;1.0;1.0;-0.10000000000000003;0.29999999999999993
4259;Charlie;0.7;0.3999999999999999;1.0;1.0;-0.10000000000000003;0.29999999999999993
4260;Charlie;0.7;0.3999999999999999;1.0;1.0;-0.10000000000000003;0.29999999999999993
4261;Charlie;0.7;0.3999999999999999;1.0;1.0;-0.10000000000000003;0.29999999999999993
4262;Charlie;0.7;0.3999999999999999;1.0;1.0;-0.10000000000000003;0.29999999999999993
4263;Charlie;0.7;0.3999999999999999;1.0;1.0;-0.10000000000000003;0.29999999999999993
4264;Charlie;0.7;0.3999999999999999;1.0;1.0;-0.10000000000000003;0.29999999999999993
4265;Charlie;0.7;0.3999999999999999;1.0;1.0;-0.10000000000000003;0.29999999999999993
4266;Charlie;0.7;0.3999999999999999;1.0;1.0;-0.10000000000000003;0.29999999999999993
4275;Charlie;0.7;0.3999999999999999;1.0;1.0;-0.10000000000000003;0.29999999999999993
4284;Charlie;0.7;0.3999999999999999;1.0;1.0;-0.10000000000000003;0.29999999999999993
4293;Charlie;0.7;0.3999999999999999;1.0;1.0;-0.10000000000000003;0.29999999999999993
4302;Charlie;0.7;0.3999999999999999;1.0;1.0;-0.10000000000000003;0.29999999999999993
4311;Charlie;0.7;0.3999999999999999;1.0;1.0;-0.10000000000000003;0.29999999999999993
4325;Charlie;0.7;0.3999999999999999;1.0;1.0;-0.10000000000000003;0.29999999999999993
4339;Charlie;0.7;0.3999999999999999;1.0;1.0;-0.10000000000000003;0.29999999999999993
4353;Charlie;0.7;0.3999999999999999;1.0;1.0;-0.10000000000000003;0.29999999999999993
4362;Charlie;0.7;0.3999999999999999;1.0;1.0;-0.10000000000000003;0.29999999999999993
4376;Charlie;0.7;0.3999999999999999;1.0;1.0;-0.10000000000000003;0.29999999999999993
4385;Charlie;0.7;0.3999999999999999;1.0;1.0;-0.10000000000000003;0.29999999999999993
4394;Charlie;0.7;0.3999999999999999;1.0;1.0;-0.10000000000000003;0.29999999999999993
4403;Charlie;0.7;0.3999999999999999;1.0;1.0;-0.10000000000000003;0.29999999999999993
4412;Charlie;0.7;0.3999999999999999;1.0;1.0;-0.10000000000000003;0.29999999999999993
4613;Charlie;0.7;0.3999999999999999;1.0;1.0;-0.10000000000000003;0.29999999999999993
4622;Charlie;0.7;0.3999999999999999;1.0;1.0;-0.10000000000000003;0.29999999999999993
4631;Charlie;0.7;0.3999999999999999;1.0;1.0;-0.10000000000000003;0.29999999999999993
4640;Charlie;0.7;0.3999999999999999;1.0;1.0;-0.10000000000000003;0.29999999999999993
4649;Charlie;0.7;0.3999999999999999;1.0;1.0;-0.10000000000000003;0.29999999999999993
4675;Charlie;0.7;0.3999999999999999;1.0;1.0;-0.10000000000000003;0.29999999999999993
4684;Charlie;0.7;0.3999999999999999;1.0;1.0;-0.10000000000000003;0.29999999999999993
4693;Charlie;0.7;0.3999999999999999;1.0;1.0;-0.10000000000000003;0.29999999999999993
4702;Charlie;0.7;0.3999999999999999;1.0;1.0;-0.10000000000000003;0.29999999999999993
4803;Charlie;0.7;0.3999999999999999;1.0;1.0;-0.10000000000000003;0.29999999999999993
4812;Charlie;0.7;0.3999999999999999;1.0;1.0;-0.10000000000000003;0.29999999999999993
4821;Charlie;0.7;0.3999999999999999;1.0;1.0;-0.10000000000000003;0.29999999999999993
4830;Charlie;0.7;0.3999999999999999;1.0;1.0;-0.10000000000000003;0.29999999999999993
4839;Charlie;0.7;0.3999999999999999;1.0;1.0;-0.10000000000000003;0.29999999999999993
4848;Charlie;0.7;0.3999999999999999;1.0;1.0;-0.10000000000000003;0.29999999999999993
4849;Charlie;0.7;0.3999999999999999;1.0;1.0;-0.10000000000000003;0.29999999999999993
4850;Charlie;0.7;0.3999999999999999;1.0;1.0;-0.10000000000000003;0.29999999999999993
4851;Charlie;0.7;0.3999999999999999;1.0;1.0;-0.10000000000000003;0.29999999999999993
4852;Charlie;0.7;0.3999999999999999;1.0;1.0;-0.10000000000000003;0.29999999999999993
4853;Charlie;0.7;0.3999999999999999;1.0;1.0;-0.10000000000000003;0.29999999999999993
4854;Charlie;0.7;0.3999999999999999;1.0;1.0;-0.10000000000000003;0.29999999999999993
4855;Charlie;0.7;0.3999999999999999;1.0;1.0;-0.10000000000000003;0.29999999999999993
4856;Charlie;0.7;0.3999999999999999;1.0;1.0;-0.10000000000000003;0.29999999999999993
4857;Charlie;0.7;0.3999999999999999;1.0;1.0;-0.10000000000000003;0.29999999999999993
4858;Charlie;0.7;0.3999999999999999;1.0;1.0;-0.10000000000000003;0.29999999999999993
4859;Charlie;0.7;0.3999999999999999;1.0;1.0;-0.10000000000000003;0.29999999999999993
4860;Charlie;0.7;0.3999999999999999;1.0;1.0;-0.10000000000000003;0.29999999999999993
4861;Charlie;0.7;0.3999999999999999;1.0;1.0;-0.10000000000000003;0.29999999999999993
4862;Charlie;0.7;0.3999999999999999;1.0;1.0;-0.10000000000000003;0.29999999999999993
4863;Charlie;0.7;0.3999999999999999;1.0;1.0;-0.10000000000000003;0.29999999999999993
4864;Charlie;0.7;0.3999999999999999;1.0;1.0;-0.10000000000000003;0.29999999999999993
4865;Charlie;0.7;0.3999999999999999;1.0;1.0;-0.10000000000000003;0.29999999999999993
4866;Charlie;0.7;0.3999999999999999;1.0;1.0;-0.10000000000000003;0.29999999999999993
4867;Charlie;0.7;0.3999999999999999;1.0;1.0;-0.10000000000000003;0.29999999999999993
4868;Charlie;0.7;0.3999999999999999;1.0;1.0;-0.10000000000000003;0.29999999999999993
4869;Charlie;0.7;0.3999999999999999;1.0;1.0;-0.10000000000000003;0.29999999999999993
4870;Charlie;0.7;0.3999999999999999;1.0;1.0;-0.10000000000000003;0.29999999999999993
4871;Charlie;0.7;0.3999999999999999;1.0;1.0;-0.10000000000000003;0.29999999999999993
4897;Charlie;0.7;0.3999999999999999;1.0;1.0;-0.10000000000000003;-0.10000000000000009
4906;Charlie;0.7;0.3999999999999999;1.0;1.0;-0.10000000000000003;-0.10000000000000009
4915;Charlie;0.7;0.3999999999999999;1.0;1.0;-0.10000000000000003;-0.10000000000000009
4924;Charlie;0.7;0.3999999999999999;1.0;1.0;-0.10000000000000003;-0.10000000000000009
4933;Charlie;0.7;0.3999999999999999;1.0;1.0;-0.10000000000000003;-0.10000000000000009
4942;Charlie;0.7;0.3999999999999999;1.0;1.0;-0.10000000000000003;-0.10000000000000009
4951;Charlie;0.7;0.3999999999999999;1.0;1.0;-0.10000000000000003;-0.10000000000000009
4960;Charlie;0.7;0.3999999999999999;1.0;1.0;-0.10000000000000003;-0.10000000000000009
4974;Charlie;0.7;0.3999999999999999;1.0;1.0;-0.10000000000000003;-0.10000000000000009
4983;Charlie;0.7;0.3999999999999999;1.0;1.0;-0.10000000000000003;-0.10000000000000009
4992;Charlie;0.7;0.3999999999999999;1.0;1.0;-0.10000000000000003;-0.10000000000000009
5001;Charlie;0.7;0.3999999999999999;1.0;1.0;-0.10000000000000003;-0.10000000000000009
5010;Charlie;0.7;0.3999999999999999;1.0;1.0;-0.10000000000000003;-0.10000000000000009
5019;Charlie;0.7;0.3999999999999999;1.0;1.0;-0.10000000000000003;-0.10000000000000009
5045;Charlie;0.7;0.3999999999999999;1.0;1.0;-0.10000000000000003;-0.10000000000000009
5054;Charlie;0.7;0.3999999999999999;1.0;1.0;-0.10000000000000003;-0.10000000000000009
5063;Charlie;0.7;0.3999999999999999;1.0;1.0;-0.10000000000000003;-0.10000000000000009
5072;Charlie;0.7;0.3999999999999999;1.0;1.0;-0.10000000000000003;-0.10000000000000009
5081;Charlie;0.7;0.3999999999999999;1.0;1.0;-0.10000000000000003;-0.10000000000000009
5182;Charlie;0.7;0.3999999999999999;1.0;1.0;-0.10000000000000003;-0.10000000000000009
5191;Charlie;0.7;0.3999999999999999;1.0;1.0;-0.10000000000000003;-0.10000000000000009
5200;Charlie;0.7;0.3999999999999999;1.0;1.0;-0.10000000000000003;-0.10000000000000009
5209;Charlie;0.7;0.3999999999999999;1.0;1.0;-0.10000000000000003;-0.10000000000000009
5218;Charlie;0.7;0.3999999999999999;1.0;1.0;-0.10000000000000003;-0.10000000000000009
5219;Charlie;0.7;0.3999999999999999;1.0;1.0;-0.10000000000000003;-0.10000000000000009
5220;Charlie;0.7;0.3999999999999999;1.0;1.0;-0.10000000000000003;-0.10000000000000009
5221;Charlie;0.7;0.3999999999999999;1.0;1.0;-0.10000000000000003;-0.10000000000000009
5222;Charlie;0.7;0.3999999999999999;1.0;1.0;-0.10000000000000003;-0.10000000000000009
5223;Charlie;0.7;0.3999999999999999;1.0;1.0;-0.10000000000000003;-0.10000000000000009
5224;Charlie;0.7;0.3999999999999999;1.0;1.0;-0.10000000000000003;-0.10000000000000009
5225;Charlie;0.7;0.3999999999999999;1.0;1.0;-0.10000000000000003;-0.10000000000000009
5226;Charlie;0.7;0.3999999999999999;1.0;1.0;-0.10000000000000003;-0.10000000000000009
5227;Charlie;0.7;0.3999999999999999;1.0;1.0;-0.10000000000000003;-0.10000000000000009
5228;Charlie;0.7;0.3999999999999999;1.0;1.0;-0.10000000000000003;-0.10000000000000009
5229;Charlie;0.7;0.3999999999999999;1.0;1.0;-0.10000000000000003;-0.10000000000000009
5230;Charlie;0.7;0.3999999999999999;1.0;1.0;-0.10000000000000003;-0.10000000000000009
5231;Charlie;0.7;0.3999999999999999;1.0;1.0;-0.10000000000000003;-0.10000000000000009
5232;Charlie;0.7;0.3999999999999999;1.0;1.0;-0.10000000000000003;-0.10000000000000009
5233;Charlie;0.7;0.3999999999999999;1.0;1.0;-0.10000000000000003;-0.10000000000000009
5234;Charlie;0.7;0.3999999999999999;1.0;1.0;-0.10000000000000003;-0.10000000000000009
5235;Charlie;0.7;0.3999999999999999;1.0;1.0;-0.10000000000000003;-0.10000000000000009
5236;Charlie;0.7;0.3999999999999999;1.0;1.0;-0.10000000000000003;-0.10000000000000009
5237;Charlie;0.7;0.3999999999999999;1.0;1.0;-0.10000000000000003;-0.10000000000000009
5238;Charlie;0.7;0.3999999999999999;1.0;1.0;-0.10000000000000003;-0.10000000000000009
5239;Charlie;0.7;0.3999999999999999;1.0;1.0;-0.10000000000000003;-0.10000000000000009
5240;Charlie;0.7;0.3999999999999999;1.0;1.0;-0.10000000000000003;-0.10000000000000009
5241;Charlie;0.7;0.3999999999999999;1.0;1.0;-0.10000000000000003;-0.10000000000000009
5242;Charlie;0.7;0.3999999999999999;1.0;1.0;-0.10000000000000003;-0.10000000000000009
5243;Charlie;0.7;0.3999999999999999;1.0;1.0;-0.10000000000000003;-0.10000000000000009
5244;Charlie;0.7;0.3999999999999999;1.0;1.0;-0.10000000000000003;-0.10000000000000009
5245;Charlie;0.7;0.3999999999999999;1.0;1.0;-0.10000000000000003;-0.10000000000000009
5246;Charlie;0.7;0.3999999999999999;1.0;1.0;-0.10000000000000003;-0.10000000000000009
5247;Charlie;0.7;0.3999999999999999;1.0;1.0;-0.10000000000000003;-0.10000000000000009
5248;Charlie;0.7;0.3999999999999999;1.0;1.0;-0.10000000000000003;-0.10000000000000009
5249;Charlie;0.7;0.3999999999999999;1.0;1.0;-0.10000000000000003;-0.10000000000000009
5250;Charlie;0.7;0.3999999999999999;1.0;1.0;-0.10000000000000003;-0.10000000000000009
5251;Charlie;0.7;0.3999999999999999;1.0;1.0;-0.10000000000000003;-0.10000000000000009
5252;Charlie;0.7;0.3999999999999999;1.0;1.0;-0.10000000000000003;-0.10000000000000009
5253;Charlie;0.7;0.3999999999999999;1.0;1.0;-0.10000000000000003;-0.10000000000000009
5254;Charlie;0.7;0.3999999999999999;1.0;1.0;-0.10000000000000003;-0.10000000000000009
5255;Charlie;0.7;0.3999999999999999;1.0;1.0;-0.10000000000000003;-0.10000000000000009
5256;Charlie;0.7;0.3999999999999999;1.0;1.0;-0.10000000000000003;-0.10000000000000009
5257;Charlie;0.7;0.3999999999999999;1.0;1.0;-0.10000000000000003;-0.10000000000000009
5258;Charlie;0.7;0.3999999999999999;1.0;1.0;-0.10000000000000003;-0.10000000000000009
5259;Charlie;0.7;0.3999999999999999;1.0;1.0;-0.10000000000000003;-0.10000000000000009
5260;Charlie;0.7;0.3999999999999999;1.0;1.0;-0.10000000000000003;-0.10000000000000009
5261;Charlie;0.7;0.3999999999999999;1.0;1.0;-0.10000000000000003;-0.10000000000000009
5262;Charlie;0.7;0.3999999999999999;1.0;1.0;-0.10000000000000003;-0.10000000000000009
5263;Charlie;0.7;0.3999999999999999;1.0;1.0;-0.10000000000000003;-0.10000000000000009
5264;Charlie;0.7;0.3999999999999999;1.0;1.0;-0.10000000000000003;-0.10000000000000009
5265;Charlie;0.7;0.3999999999999999;1.0;1.0;-0.10000000000000003;-0.10000000000000009
5266;Charlie;0.7;0.3999999999999999;1.0;1.0;-0.10000000000000003;-0.10000000000000009
5267;Charlie;0.7;0.3999999999999999;1.0;1.0;-0.10000000000000003;-0.10000000000000009
5268;Charlie;0.7;0.3999999999999999;1.0;1.0;-0.10000000000000003;-0.10000000000000009
5269;Charlie;0.7;0.3999999999999999;1.0;1.0;-0.10000000000000003;-0.10000000000000009
5270;Charlie;0.7;0.3999999999999999;1.0;1.0;-0.10000000000000003;-0.10000000000000009
5271;Charlie;0.7;0.3999999999999999;1.0;1.0;-0.10000000000000003;-0.10000000000000009
5297;Charlie;0.7;0.3999999999999999;1.0;1.0;-0.10000000000000003;-0.3000000000000001
5306;Charlie;0.7;0.3999999999999999;1.0;1.0;-0.10000000000000003;-0.3000000000000001
5315;Charlie;0.7;0.3999999999999999;1.0;1.0;-0.10000000000000003;-0.3000000000000001
5316;Charlie;0.7;0.3999999999999999;1.0;1.0;-0.10000000000000003;-0.3000000000000001
5317;Charlie;0.7;0.3999999999999999;1.0;1.0;-0.10000000000000003;-0.3000000000000001
5318;Charlie;0.7;0.3999999999999999;1.0;1.0;-0.10000000000000003;-0.3000000000000001
5319;Charlie;0.7;0.3999999999999999;1.0;1.0;-0.10000000000000003;-0.3000000000000001
5320;Charlie;0.7;0.3999999999999999;1.0;1.0;-0.10000000000000003;-0.3000000000000001
5321;Charlie;0.7;0.3999999999999999;1.0;1.0;-0.10000000000000003;-0.3000000000000001
5322;Charlie;0.7;0.3999999999999999;1.0;1.0;-0.10000000000000003;-0.3000000000000001
5323;Charlie;0.7;0.3999999999999999;1.0;1.0;-0.10000000000000003;-0.3000000000000001
5324;Charlie;0.7;0.3999999999999999;1.0;1.0;-0.10000000000000003;-0.3000000000000001
5325;Charlie;0.7;0.3999999999999999;1.0;1.0;-0.10000000000000003;-0.3000000000000001
5326;Charlie;0.7;0.3999999999999999;1.0;1.0;-0.10000000000000003;-0.3000000000000001
5327;Charlie;0.7;0.3999999999999999;1.0;1.0;-0.10000000000000003;-0.3000000000000001
5328;Charlie;0.7;0.3999999999999999;1.0;1.0;-0.10000000000000003;-0.3000000000000001
5329;Charlie;0.7;0.3999999999999999;1.0;1.0;-0.10000000000000003;-0.3000000000000001
5330;Charlie;0.7;0.3999999999999999;1.0;1.0;-0.10000000000000003;-0.3000000000000001
5331;Charlie;0.7;0.3999999999999999;1.0;1.0;-0.10000000000000003;-0.3000000000000001
5332;Charlie;0.7;0.3999999999999999;1.0;1.0;-0.10000000000000003;-0.3000000000000001
5333;Charlie;0.7;0.3999999999999999;1.0;1.0;-0.10000000000000003;-0.3000000000000001
5334;Charlie;0.7;0.3999999999999999;1.0;1.0;-0.10000000000000003;-0.3000000000000001
5335;Charlie;0.7;0.3999999999999999;1.0;1.0;-0.10000000000000003;-0.3000000000000001
5336;Charlie;0.7;0.3999999999999999;1.0;1.0;-0.10000000000000003;-0.3000000000000001
5337;Charlie;0.7;0.3999999999999999;1.0;1.0;-0.10000000000000003;-0.3000000000000001
5338;Charlie;0.7;0.3999999999999999;1.0;1.0;-0.10000000000000003;-0.3000000000000001
5339;Charlie;0.7;0.3999999999999999;1.0;1.0;-0.10000000000000003;-0.3000000000000001
5340;Charlie;0.7;0.3999999999999999;1.0;1.0;-0.10000000000000003;-0.3000000000000001
5341;Charlie;0.7;0.3999999999999999;1.0;1.0;-0.10000000000000003;-0.3000000000000001
5342;Charlie;0.7;0.3999999999999999;1.0;1.0;-0.10000000000000003;-0.3000000000000001
5343;Charlie;0.7;0.3999999999999999;1.0;1.0;-0.10000000000000003;-0.3000000000000001
5344;Charlie;0.7;0.3999999999999999;1.0;1.0;-0.10000000000000003;-0.3000000000000001
5345;Charlie;0.7;0.3999999999999999;1.0;1.0;-0.10000000000000003;-0.3000000000000001
5346;Charlie;0.7;0.3999999999999999;1.0;1.0;-0.10000000000000003;-0.3000000000000001
5347;Charlie;0.7;0.3999999999999999;1.0;1.0;-0.10000000000000003;-0.3000000000000001
5348;Charlie;0.7;0.3999999999999999;1.0;1.0;-0.10000000000000003;-0.3000000000000001
5349;Charlie;0.7;0.3999999999999999;1.0;1.0;-0.10000000000000003;-0.3000000000000001
5350;Charlie;0.7;0.3999999999999999;1.0;1.0;-0.10000000000000003;-0.3000000000000001
5351;Charlie;0.7;0.3999999999999999;1.0;1.0;-0.10000000000000003;-0.3000000000000001
5352;Charlie;0.7;0.3999999999999999;1.0;1.0;-0.10000000000000003;-0.3000000000000001
5353;Charlie;0.7;0.3999999999999999;1.0;1.0;-0.10000000000000003;-0.3000000000000001
5354;Charlie;0.7;0.3999999999999999;1.0;1.0;-0.10000000000000003;-0.3000000000000001
5355;Charlie;0.7;0.3999999999999999;1.0;1.0;-0.10000000000000003;-0.3000000000000001
5356;Charlie;0.7;0.3999999999999999;1.0;1.0;-0.10000000000000003;-0.3000000000000001
5357;Charlie;0.7;0.3999999999999999;1.0;1.0;-0.10000000000000003;-0.3000000000000001
5358;Charlie;0.7;0.3999999999999999;1.0;1.0;-0.10000000000000003;-0.3000000000000001
5359;Charlie;0.7;0.3999999999999999;1.0;1.0;-0.10000000000000003;-0.3000000000000001
5360;Charlie;0.7;0.3999999999999999;1.0;1.0;-0.10000000000000003;-0.3000000000000001
5361;Charlie;0.7;0.3999999999999999;1.0;1.0;-0.10000000000000003;-0.3000000000000001
5362;Charlie;0.7;0.3999999999999999;1.0;1.0;-0.10000000000000003;-0.3000000000000001
5363;Charlie;0.7;0.3999999999999999;1.0;1.0;-0.10000000000000003;-0.3000000000000001
5364;Charlie;0.7;0.3999999999999999;1.0;1.0;-0.10000000000000003;-0.3000000000000001
5365;Charlie;0.7;0.3999999999999999;1.0;1.0;-0.10000000000000003;-0.3000000000000001
5366;Charlie;0.7;0.3999999999999999;1.0;1.0;-0.10000000000000003;-0.3000000000000001
5367;Charlie;0.7;0.3999999999999999;1.0;1.0;-0.10000000000000003;-0.3000000000000001
5368;Charlie;0.7;0.3999999999999999;1.0;1.0;-0.10000000000000003;-0.3000000000000001
5369;Charlie;0.7;0.3999999999999999;1.0;1.0;-0.10000000000000003;-0.3000000000000001
5370;Charlie;0.7;0.3999999999999999;1.0;1.0;-0.10000000000000003;-0.3000000000000001
5371;Charlie;0.7;0.3999999999999999;1.0;1.0;-0.10000000000000003;-0.3000000000000001
5372;Charlie;0.7;0.3999999999999999;1.0;1.0;-0.10000000000000003;-0.3000000000000001
5373;Charlie;0.7;0.3999999999999999;1.0;1.0;-0.10000000000000003;-0.3000000000000001
5374;Charlie;0.7;0.3999999999999999;1.0;1.0;-0.10000000000000003;-0.3000000000000001
5375;Charlie;0.7;0.3999999999999999;1.0;1.0;-0.10000000000000003;-0.3000000000000001
5376;Charlie;0.7;0.3999999999999999;1.0;1.0;-0.10000000000000003;-0.3000000000000001
5377;Charlie;0.7;0.3999999999999999;1.0;1.0;-0.10000000000000003;-0.3000000000000001
5378;Charlie;0.7;0.3999999999999999;1.0;1.0;-0.10000000000000003;-0.3000000000000001
5379;Charlie;0.7;0.3999999999999999;1.0;1.0;-0.10000000000000003;-0.3000000000000001
5380;Charlie;0.7;0.3999999999999999;1.0;1.0;-0.10000000000000003;-0.3000000000000001
5381;Charlie;0.7;0.3999999999999999;1.0;1.0;-0.10000000000000003;-0.3000000000000001
5382;Charlie;0.7;0.3999999999999999;1.0;1.0;-0.10000000000000003;-0.3000000000000001
5383;Charlie;0.7;0.3999999999999999;1.0;1.0;-0.10000000000000003;-0.3000000000000001
5384;Charlie;0.7;0.3999999999999999;1.0;1.0;-0.10000000000000003;-0.3000000000000001
5385;Charlie;0.7;0.3999999999999999;1.0;1.0;-0.10000000000000003;-0.3000000000000001
5386;Charlie;0.7;0.3999999999999999;1.0;1.0;-0.10000000000000003;-0.3000000000000001
5387;Charlie;0.7;0.3999999999999999;1.0;1.0;-0.10000000000000003;-0.3000000000000001
5388;Charlie;0.7;0.3999999999999999;1.0;1.0;-0.10000000000000003;-0.3000000000000001
5389;Charlie;0.7;0.3999999999999999;1.0;1.0;-0.10000000000000003;-0.3000000000000001
5390;Charlie;0.7;0.3999999999999999;1.0;1.0;-0.10000000000000003;-0.3000000000000001
5391;Charlie;0.7;0.3999999999999999;1.0;1.0;-0.10000000000000003;-0.3000000000000001
5392;Charlie;0.7;0.3999999999999999;1.0;1.0;-0.10000000000000003;-0.3000000000000001
5393;Charlie;0.7;0.3999999999999999;1.0;1.0;-0.10000000000000003;-0.3000000000000001
5394;Charlie;0.7;0.3999999999999999;1.0;1.0;-0.10000000000000003;-0.3000000000000001
5395;Charlie;0.7;0.3999999999999999;1.0;1.0;-0.10000000000000003;-0.3000000000000001
5396;Charlie;0.7;0.3999999999999999;1.0;1.0;-0.10000000000000003;-0.3000000000000001
5397;Charlie;0.7;0.3999999999999999;1.0;1.0;-0.10000000000000003;-0.3000000000000001
5398;Charlie;0.7;0.3999999999999999;1.0;1.0;-0.10000000000000003;-0.3000000000000001
5399;Charlie;0.7;0.3999999999999999;1.0;1.0;-0.10000000000000003;-0.3000000000000001
5400;Charlie;0.7;0.3999999999999999;1.0;1.0;-0.10000000000000003;-0.3000000000000001
5401;Charlie;0.7;0.3999999999999999;1.0;1.0;-0.10000000000000003;-0.3000000000000001
5402;Charlie;0.7;0.3999999999999999;1.0;1.0;-0.10000000000000003;-0.3000000000000001
5403;Charlie;0.7;0.3999999999999999;1.0;1.0;-0.10000000000000003;-0.3000000000000001
5404;Charlie;0.7;0.3999999999999999;1.0;1.0;-0.10000000000000003;-0.3000000000000001
5405;Charlie;0.7;0.3999999999999999;1.0;1.0;-0.10000000000000003;-0.3000000000000001
5406;Charlie;0.7;0.3999999999999999;1.0;1.0;-0.10000000000000003;-0.3000000000000001
5407;Charlie;0.7;0.3999999999999999;1.0;1.0;-0.10000000000000003;-0.3000000000000001
5408;Charlie;0.7;0.3999999999999999;1.0;1.0;-0.10000000000000003;-0.3000000000000001
5409;Charlie;0.7;0.3999999999999999;1.0;1.0;-0.10000000000000003;-0.3000000000000001
5410;Charlie;0.7;0.3999999999999999;1.0;1.0;-0.10000000000000003;-0.3000000000000001
5411;Charlie;0.7;0.3999999999999999;1.0;1.0;-0.10000000000000003;-0.3000000000000001
5412;Charlie;0.7;0.3999999999999999;1.0;1.0;-0.10000000000000003;-0.3000000000000001
5413;Charlie;0.7;0.3999999999999999;1.0;1.0;-0.10000000000000003;-0.3000000000000001
5414;Charlie;0.7;0.3999999999999999;1.0;1.0;-0.10000000000000003;-0.3000000000000001
5415;Charlie;0.7;0.3999999999999999;1.0;1.0;-0.10000000000000003;-0.3000000000000001
5416;Charlie;0.7;0.3999999999999999;1.0;1.0;-0.10000000000000003;-0.3000000000000001
5417;Charlie;0.7;0.3999999999999999;1.0;1.0;-0.10000000000000003;-0.3000000000000001
5418;Charlie;0.7;0.3999999999999999;1.0;1.0;-0.10000000000000003;-0.3000000000000001
5419;Charlie;0.7;0.3999999999999999;1.0;1.0;-0.10000000000000003;-0.3000000000000001
5420;Charlie;0.7;0.3999999999999999;1.0;1.0;-0.10000000000000003;-0.3000000000000001
5421;Charlie;0.7;0.3999999999999999;1.0;1.0;-0.10000000000000003;-0.3000000000000001
5422;Charlie;0.7;0.3999999999999999;1.0;1.0;-0.10000000000000003;-0.3000000000000001
5423;Charlie;0.7;0.3999999999999999;1.0;1.0;-0.10000000000000003;-0.3000000000000001
5424;Charlie;0.7;0.3999999999999999;1.0;1.0;-0.10000000000000003;-0.3000000000000001
5425;Charlie;0.7;0.3999999999999999;1.0;1.0;-0.10000000000000003;-0.3000000000000001
5426;Charlie;0.7;0.3999999999999999;1.0;1.0;-0.10000000000000003;-0.3000000000000001
5427;Charlie;0.7;0.3999999999999999;1.0;1.0;-0.10000000000000003;-0.3000000000000001
5428;Charlie;0.7;0.3999999999999999;1.0;1.0;-0.10000000000000003;-0.3000000000000001
5429;Charlie;0.7;0.3999999999999999;1.0;1.0;-0.10000000000000003;-0.3000000000000001
5430;Charlie;0.7;0.3999999999999999;1.0;1.0;-0.10000000000000003;-0.3000000000000001
5431;Charlie;0.7;0.3999999999999999;1.0;1.0;-0.10000000000000003;-0.3000000000000001
5432;Charlie;0.7;0.3999999999999999;1.0;1.0;-0.10000000000000003;-0.3000000000000001
5433;Charlie;0.7;0.3999999999999999;1.0;1.0;-0.10000000000000003;-0.3000000000000001
5434;Charlie;0.7;0.3999999999999999;1.0;1.0;-0.10000000000000003;-0.3000000000000001
5435;Charlie;0.7;0.3999999999999999;1.0;1.0;-0.10000000000000003;-0.3000000000000001
5436;Charlie;0.7;0.3999999999999999;1.0;1.0;-0.10000000000000003;-0.3000000000000001
5437;Charlie;0.7;0.3999999999999999;1.0;1.0;-0.10000000000000003;-0.3000000000000001
5438;Charlie;0.7;0.3999999999999999;1.0;1.0;-0.10000000000000003;-0.3000000000000001
5439;Charlie;0.7;0.3999999999999999;1.0;1.0;-0.10000000000000003;-0.3000000000000001
5440;Charlie;0.7;0.3999999999999999;1.0;1.0;-0.10000000000000003;-0.3000000000000001
5441;Charlie;0.7;0.3999999999999999;1.0;1.0;-0.10000000000000003;-0.3000000000000001
5442;Charlie;0.7;0.3999999999999999;1.0;1.0;-0.10000000000000003;-0.3000000000000001
5443;Charlie;0.7;0.3999999999999999;1.0;1.0;-0.10000000000000003;-0.3000000000000001
5444;Charlie;0.7;0.3999999999999999;1.0;1.0;-0.10000000000000003;-0.3000000000000001
5445;Charlie;0.7;0.3999999999999999;1.0;1.0;-0.10000000000000003;-0.3000000000000001
5446;Charlie;0.7;0.3999999999999999;1.0;1.0;-0.10000000000000003;-0.3000000000000001
5447;Charlie;0.7;0.3999999999999999;1.0;1.0;-0.10000000000000003;-0.3000000000000001
5448;Charlie;0.7;0.3999999999999999;1.0;1.0;-0.10000000000000003;-0.3000000000000001
5449;Charlie;0.7;0.3999999999999999;1.0;1.0;-0.10000000000000003;-0.3000000000000001
5450;Charlie;0.7;0.3999999999999999;1.0;1.0;-0.10000000000000003;-0.3000000000000001
5451;Charlie;0.7;0.3999999999999999;1.0;1.0;-0.10000000000000003;-0.3000000000000001
5452;Charlie;0.7;0.3999999999999999;1.0;1.0;-0.10000000000000003;-0.3000000000000001
5453;Charlie;0.7;0.3999999999999999;1.0;1.0;-0.10000000000000003;-0.3000000000000001
5454;Charlie;0.7;0.3999999999999999;1.0;1.0;-0.10000000000000003;-0.3000000000000001
5455;Charlie;0.7;0.3999999999999999;1.0;1.0;-0.10000000000000003;-0.3000000000000001
5456;Charlie;0.7;0.3999999999999999;1.0;1.0;-0.10000000000000003;-0.3000000000000001
5457;Charlie;0.7;0.3999999999999999;1.0;1.0;-0.10000000000000003;-0.3000000000000001
5458;Charlie;0.7;0.3999999999999999;1.0;1.0;-0.10000000000000003;-0.3000000000000001
5459;Charlie;0.7;0.3999999999999999;1.0;1.0;-0.10000000000000003;-0.3000000000000001
5460;Charlie;0.7;0.3999999999999999;1.0;1.0;-0.10000000000000003;-0.3000000000000001
5461;Charlie;0.7;0.3999999999999999;1.0;1.0;-0.10000000000000003;-0.3000000000000001
5462;Charlie;0.7;0.3999999999999999;1.0;1.0;-0.10000000000000003;-0.3000000000000001
5463;Charlie;0.7;0.3999999999999999;1.0;1.0;-0.10000000000000003;-0.3000000000000001
5464;Charlie;0.7;0.3999999999999999;1.0;1.0;-0.10000000000000003;-0.3000000000000001
5465;Charlie;0.7;0.3999999999999999;1.0;1.0;-0.10000000000000003;-0.3000000000000001
5466;Charlie;0.7;0.3999999999999999;1.0;1.0;-0.10000000000000003;-0.3000000000000001
5467;Charlie;0.7;0.3999999999999999;1.0;1.0;-0.10000000000000003;-0.3000000000000001
5468;Charlie;0.7;0.3999999999999999;1.0;1.0;-0.10000000000000003;-0.3000000000000001
5469;Charlie;0.7;0.3999999999999999;1.0;1.0;-0.10000000000000003;-0.3000000000000001
5470;Charlie;0.7;0.3999999999999999;1.0;1.0;-0.10000000000000003;-0.3000000000000001
5471;Charlie;0.7;0.3999999999999999;1.0;1.0;-0.10000000000000003;-0.3000000000000001
5472;Charlie;0.7;0.3999999999999999;1.0;1.0;-0.10000000000000003;-0.3000000000000001
5473;Charlie;0.7;0.3999999999999999;1.0;1.0;-0.10000000000000003;-0.3000000000000001
5474;Charlie;0.7;0.3999999999999999;1.0;1.0;-0.10000000000000003;-0.3000000000000001
5475;Charlie;0.7;0.3999999999999999;1.0;1.0;-0.10000000000000003;-0.3000000000000001
5476;Charlie;0.7;0.3999999999999999;1.0;1.0;-0.10000000000000003;-0.3000000000000001
5477;Charlie;0.7;0.3999999999999999;1.0;1.0;-0.10000000000000003;-0.3000000000000001
5478;Charlie;0.7;0.3999999999999999;1.0;1.0;-0.10000000000000003;-0.3000000000000001
5479;Charlie;0.7;0.3999999999999999;1.0;1.0;-0.10000000000000003;-0.3000000000000001
5480;Charlie;0.7;0.3999999999999999;1.0;1.0;-0.10000000000000003;-0.3000000000000001
5481;Charlie;0.7;0.3999999999999999;1.0;1.0;-0.10000000000000003;-0.3000000000000001
5482;Charlie;0.7;0.3999999999999999;1.0;1.0;-0.10000000000000003;-0.3000000000000001
5483;Charlie;0.7;0.3999999999999999;1.0;1.0;-0.10000000000000003;-0.3000000000000001
5484;Charlie;0.7;0.3999999999999999;1.0;1.0;-0.10000000000000003;-0.3000000000000001
5485;Charlie;0.7;0.3999999999999999;1.0;1.0;-0.10000000000000003;-0.3000000000000001
5486;Charlie;0.7;0.3999999999999999;1.0;1.0;-0.10000000000000003;-0.3000000000000001
5487;Charlie;0.7;0.3999999999999999;1.0;1.0;-0.10000000000000003;-0.3000000000000001
5488;Charlie;0.7;0.3999999999999999;1.0;1.0;-0.10000000000000003;-0.3000000000000001
5489;Charlie;0.7;0.3999999999999999;1.0;1.0;-0.10000000000000003;-0.3000000000000001
5490;Charlie;0.7;0.3999999999999999;1.0;1.0;-0.10000000000000003;-0.3000000000000001
5491;Charlie;0.7;0.3999999999999999;1.0;1.0;-0.10000000000000003;-0.3000000000000001
5492;Charlie;0.7;0.3999999999999999;1.0;1.0;-0.10000000000000003;-0.3000000000000001
5493;Charlie;0.7;0.3999999999999999;1.0;1.0;-0.10000000000000003;-0.3000000000000001
5494;Charlie;0.7;0.3999999999999999;1.0;1.0;-0.10000000000000003;-0.3000000000000001
5495;Charlie;0.7;0.3999999999999999;1.0;1.0;-0.10000000000000003;-0.3000000000000001
5496;Charlie;0.7;0.3999999999999999;1.0;1.0;-0.10000000000000003;-0.3000000000000001
5497;Charlie;0.7;0.3999999999999999;1.0;1.0;-0.10000000000000003;-0.3000000000000001
5498;Charlie;0.7;0.3999999999999999;1.0;1.0;-0.10000000000000003;-0.3000000000000001
5499;Charlie;0.7;0.3999999999999999;1.0;1.0;-0.10000000000000003;-0.3000000000000001
5500;Charlie;0.7;0.3999999999999999;1.0;1.0;-0.10000000000000003;-0.3000000000000001
5501;Charlie;0.7;0.3999999999999999;1.0;1.0;-0.10000000000000003;-0.3000000000000001
5502;Charlie;0.7;0.3999999999999999;1.0;1.0;-0.10000000000000003;-0.3000000000000001
5503;Charlie;0.7;0.3999999999999999;1.0;1.0;-0.10000000000000003;-0.3000000000000001
5504;Charlie;0.7;0.3999999999999999;1.0;1.0;-0.10000000000000003;-0.3000000000000001
5505;Charlie;0.7;0.3999999999999999;1.0;1.0;-0.10000000000000003;-0.3000000000000001
5506;Charlie;0.7;0.3999999999999999;1.0;1.0;-0.10000000000000003;-0.3000000000000001
5507;Charlie;0.7;0.3999999999999999;1.0;1.0;-0.10000000000000003;-0.3000000000000001
5508;Charlie;0.7;0.3999999999999999;1.0;1.0;-0.10000000000000003;-0.3000000000000001
5509;Charlie;0.7;0.3999999999999999;1.0;1.0;-0.10000000000000003;-0.3000000000000001
5510;Charlie;0.7;0.3999999999999999;1.0;1.0;-0.10000000000000003;-0.3000000000000001
5511;Charlie;0.7;0.3999999999999999;1.0;1.0;-0.10000000000000003;-0.3000000000000001
5512;Charlie;0.7;0.3999999999999999;1.0;1.0;-0.10000000000000003;-0.3000000000000001
5513;Charlie;0.7;0.3999999999999999;1.0;1.0;-0.10000000000000003;-0.3000000000000001
5514;Charlie;0.7;0.3999999999999999;1.0;1.0;-0.10000000000000003;-0.3000000000000001
5515;Charlie;0.7;0.3999999999999999;1.0;1.0;-0.10000000000000003;-0.3000000000000001
5516;Charlie;0.7;0.3999999999999999;1.0;1.0;-0.10000000000000003;-0.3000000000000001
5517;Charlie;0.7;0.3999999999999999;1.0;1.0;-0.10000000000000003;-0.3000000000000001
5518;Charlie;0.7;0.3999999999999999;1.0;1.0;-0.10000000000000003;-0.3000000000000001
5519;Charlie;0.7;0.3999999999999999;1.0;1.0;-0.10000000000000003;-0.3000000000000001
5520;Charlie;0.7;0.3999999999999999;1.0;1.0;-0.10000000000000003;-0.3000000000000001
5521;Charlie;0.7;0.3999999999999999;1.0;1.0;-0.10000000000000003;-0.3000000000000001
5522;Charlie;0.7;0.3999999999999999;1.0;1.0;-0.10000000000000003;-0.3000000000000001
5523;Charlie;0.7;0.3999999999999999;1.0;1.0;-0.10000000000000003;-0.3000000000000001
5524;Charlie;0.7;0.3999999999999999;1.0;1.0;-0.10000000000000003;-0.3000000000000001
5525;Charlie;0.7;0.3999999999999999;1.0;1.0;-0.10000000000000003;-0.3000000000000001
5526;Charlie;0.7;0.3999999999999999;1.0;1.0;-0.10000000000000003;-0.3000000000000001
5527;Charlie;0.7;0.3999999999999999;1.0;1.0;-0.10000000000000003;-0.3000000000000001
5528;Charlie;0.7;0.3999999999999999;1.0;1.0;-0.10000000000000003;-0.3000000000000001
5529;Charlie;0.7;0.3999999999999999;1.0;1.0;-0.10000000000000003;-0.3000000000000001
5530;Charlie;0.7;0.3999999999999999;1.0;1.0;-0.10000000000000003;-0.3000000000000001
5531;Charlie;0.7;0.3999999999999999;1.0;1.0;-0.10000000000000003;-0.3000000000000001
5532;Charlie;0.7;0.3999999999999999;1.0;1.0;-0.10000000000000003;-0.3000000000000001
5533;Charlie;0.7;0.3999999999999999;1.0;1.0;-0.10000000000000003;-0.3000000000000001
5534;Charlie;0.7;0.3999999999999999;1.0;1.0;-0.10000000000000003;-0.3000000000000001
5535;Charlie;0.7;0.3999999999999999;1.0;1.0;-0.10000000000000003;-0.3000000000000001
5536;Charlie;0.7;0.3999999999999999;1.0;1.0;-0.10000000000000003;-0.3000000000000001
5537;Charlie;0.7;0.3999999999999999;1.0;1.0;-0.10000000000000003;-0.3000000000000001
5538;Charlie;0.7;0.3999999999999999;1.0;1.0;-0.10000000000000003;-0.3000000000000001
5539;Charlie;0.7;0.3999999999999999;1.0;1.0;-0.10000000000000003;-0.3000000000000001
5540;Charlie;0.7;0.3999999999999999;1.0;1.0;-0.10000000000000003;-0.3000000000000001
5541;Charlie;0.7;0.3999999999999999;1.0;1.0;-0.10000000000000003;-0.3000000000000001
5542;Charlie;0.7;0.3999999999999999;1.0;1.0;-0.10000000000000003;-0.3000000000000001
5543;Charlie;0.7;0.3999999999999999;1.0;1.0;-0.10000000000000003;-0.3000000000000001
5544;Charlie;0.7;0.3999999999999999;1.0;1.0;-0.10000000000000003;-0.3000000000000001
5545;Charlie;0.7;0.3999999999999999;1.0;1.0;-0.10000000000000003;-0.3000000000000001
5546;Charlie;0.7;0.3999999999999999;1.0;1.0;-0.10000000000000003;-0.3000000000000001
5547;Charlie;0.7;0.3999999999999999;1.0;1.0;-0.10000000000000003;-0.3000000000000001
5548;Charlie;0.7;0.3999999999999999;1.0;1.0;-0.10000000000000003;-0.3000000000000001
5549;Charlie;0.7;0.3999999999999999;1.0;1.0;-0.10000000000000003;-0.3000000000000001
5550;Charlie;0.7;0.3999999999999999;1.0;1.0;-0.10000000000000003;-0.3000000000000001
5551;Charlie;0.7;0.3999999999999999;1.0;1.0;-0.10000000000000003;-0.3000000000000001
5552;Charlie;0.7;0.3999999999999999;1.0;1.0;-0.10000000000000003;-0.3000000000000001
5553;Charlie;0.7;0.3999999999999999;1.0;1.0;-0.10000000000000003;-0.3000000000000001
5554;Charlie;0.7;0.3999999999999999;1.0;1.0;-0.10000000000000003;-0.3000000000000001
5555;Charlie;0.7;0.3999999999999999;1.0;1.0;-0.10000000000000003;-0.3000000000000001
5556;Charlie;0.7;0.3999999999999999;1.0;1.0;-0.10000000000000003;-0.3000000000000001
5557;Charlie;0.7;0.3999999999999999;1.0;1.0;-0.10000000000000003;-0.3000000000000001
5558;Charlie;0.7;0.3999999999999999;1.0;1.0;-0.10000000000000003;-0.3000000000000001
5559;Charlie;0.7;0.3999999999999999;1.0;1.0;-0.10000000000000003;-0.3000000000000001
5560;Charlie;0.7;0.3999999999999999;1.0;1.0;-0.10000000000000003;-0.3000000000000001
5561;Charlie;0.7;0.3999999999999999;1.0;1.0;-0.10000000000000003;-0.3000000000000001
5562;Charlie;0.7;0.3999999999999999;1.0;1.0;-0.10000000000000003;-0.3000000000000001
5563;Charlie;0.7;0.3999999999999999;1.0;1.0;-0.10000000000000003;-0.3000000000000001
5564;Charlie;0.7;0.3999999999999999;1.0;1.0;-0.10000000000000003;-0.3000000000000001
5565;Charlie;0.7;0.3999999999999999;1.0;1.0;-0.10000000000000003;-0.3000000000000001
5566;Charlie;0.7;0.3999999999999999;1.0;1.0;-0.10000000000000003;-0.3000000000000001
5567;Charlie;0.7;0.3999999999999999;1.0;1.0;-0.10000000000000003;-0.3000000000000001
5568;Charlie;0.7;0.3999999999999999;1.0;1.0;-0.10000000000000003;-0.3000000000000001
5569;Charlie;0.7;0.3999999999999999;1.0;1.0;-0.10000000000000003;-0.3000000000000001
5570;Charlie;0.7;0.3999999999999999;1.0;1.0;-0.10000000000000003;-0.3000000000000001
5571;Charlie;0.7;0.3999999999999999;1.0;1.0;-0.10000000000000003;-0.3000000000000001
5572;Charlie;0.7;0.3999999999999999;1.0;1.0;-0.10000000000000003;-0.3000000000000001
5573;Charlie;0.7;0.3999999999999999;1.0;1.0;-0.10000000000000003;-0.3000000000000001
5574;Charlie;0.7;0.3999999999999999;1.0;1.0;-0.10000000000000003;-0.3000000000000001
5575;Charlie;0.7;0.3999999999999999;1.0;1.0;-0.10000000000000003;-0.3000000000000001
5576;Charlie;0.7;0.3999999999999999;1.0;1.0;-0.10000000000000003;-0.3000000000000001
5577;Charlie;0.7;0.3999999999999999;1.0;1.0;-0.10000000000000003;-0.3000000000000001
5578;Charlie;0.7;0.3999999999999999;1.0;1.0;-0.10000000000000003;-0.3000000000000001
5579;Charlie;0.7;0.3999999999999999;1.0;1.0;-0.10000000000000003;-0.3000000000000001
5580;Charlie;0.7;0.3999999999999999;1.0;1.0;-0.10000000000000003;-0.3000000000000001
5581;Charlie;0.7;0.3999999999999999;1.0;1.0;-0.10000000000000003;-0.3000000000000001
5582;Charlie;0.7;0.3999999999999999;1.0;1.0;-0.10000000000000003;-0.3000000000000001
5583;Charlie;0.7;0.3999999999999999;1.0;1.0;-0.10000000000000003;-0.3000000000000001
5584;Charlie;0.7;0.3999999999999999;1.0;1.0;-0.10000000000000003;-0.3000000000000001
5585;Charlie;0.7;0.3999999999999999;1.0;1.0;-0.10000000000000003;-0.3000000000000001
5586;Charlie;0.7;0.3999999999999999;1.0;1.0;-0.10000000000000003;-0.3000000000000001
5587;Charlie;0.7;0.3999999999999999;1.0;1.0;-0.10000000000000003;-0.3000000000000001
5588;Charlie;0.7;0.3999999999999999;1.0;1.0;-0.10000000000000003;-0.3000000000000001
5589;Charlie;0.7;0.3999999999999999;1.0;1.0;-0.10000000000000003;-0.3000000000000001
5590;Charlie;0.7;0.3999999999999999;1.0;1.0;-0.10000000000000003;-0.3000000000000001
5591;Charlie;0.7;0.3999999999999999;1.0;1.0;-0.10000000000000003;-0.3000000000000001
5592;Charlie;0.7;0.3999999999999999;1.0;1.0;-0.10000000000000003;-0.3000000000000001
5593;Charlie;0.7;0.3999999999999999;1.0;1.0;-0.10000000000000003;-0.3000000000000001
5594;Charlie;0.7;0.3999999999999999;1.0;1.0;-0.10000000000000003;-0.3000000000000001
5595;Charlie;0.7;0.3999999999999999;1.0;1.0;-0.10000000000000003;-0.3000000000000001
5596;Charlie;0.7;0.3999999999999999;1.0;1.0;-0.10000000000000003;-0.3000000000000001
5597;Charlie;0.7;0.3999999999999999;1.0;1.0;-0.10000000000000003;-0.3000000000000001
5598;Charlie;0.7;0.3999999999999999;1.0;1.0;-0.10000000000000003;-0.3000000000000001
5599;Charlie;0.7;0.3999999999999999;1.0;1.0;-0.10000000000000003;-0.3000000000000001
5600;Charlie;0.7;0.3999999999999999;1.0;1.0;-0.10000000000000003;-0.3000000000000001
5601;Charlie;0.7;0.3999999999999999;1.0;1.0;-0.10000000000000003;-0.3000000000000001
5602;Charlie;0.7;0.3999999999999999;1.0;1.0;-0.10000000000000003;-0.3000000000000001
5603;Charlie;0.7;0.3999999999999999;1.0;1.0;-0.10000000000000003;-0.3000000000000001
5604;Charlie;0.7;0.3999999999999999;1.0;1.0;-0.10000000000000003;-0.3000000000000001
5605;Charlie;0.7;0.3999999999999999;1.0;1.0;-0.10000000000000003;-0.3000000000000001
5606;Charlie;0.7;0.3999999999999999;1.0;1.0;-0.10000000000000003;-0.3000000000000001
5607;Charlie;0.7;0.3999999999999999;1.0;1.0;-0.10000000000000003;-0.3000000000000001
5608;Charlie;0.7;0.3999999999999999;1.0;1.0;-0.10000000000000003;-0.3000000000000001
5609;Charlie;0.7;0.3999999999999999;1.0;1.0;-0.10000000000000003;-0.3000000000000001
5610;Charlie;0.7;0.3999999999999999;1.0;1.0;-0.10000000000000003;-0.3000000000000001
5611;Charlie;0.7;0.3999999999999999;1.0;1.0;-0.10000000000000003;-0.3000000000000001
5612;Charlie;0.7;0.3999999999999999;1.0;1.0;-0.10000000000000003;-0.3000000000000001
5613;Charlie;0.7;0.3999999999999999;1.0;1.0;-0.10000000000000003;-0.3000000000000001
5614;Charlie;0.7;0.3999999999999999;1.0;1.0;-0.10000000000000003;-0.3000000000000001
5615;Charlie;0.7;0.3999999999999999;1.0;1.0;-0.10000000000000003;-0.3000000000000001
5616;Charlie;0.7;0.3999999999999999;1.0;1.0;-0.10000000000000003;-0.3000000000000001
5617;Charlie;0.7;0.3999999999999999;1.0;1.0;-0.10000000000000003;-0.3000000000000001
5618;Charlie;0.7;0.3999999999999999;1.0;1.0;-0.10000000000000003;-0.3000000000000001
5619;Charlie;0.7;0.3999999999999999;1.0;1.0;-0.10000000000000003;-0.3000000000000001
5620;Charlie;0.7;0.3999999999999999;1.0;1.0;-0.10000000000000003;-0.3000000000000001
5621;Charlie;0.7;0.3999999999999999;1.0;1.0;-0.10000000000000003;-0.3000000000000001
5622;Charlie;0.7;0.3999999999999999;1.0;1.0;-0.10000000000000003;-0.3000000000000001
5623;Charlie;0.7;0.3999999999999999;1.0;1.0;-0.10000000000000003;-0.3000000000000001
5624;Charlie;0.7;0.3999999999999999;1.0;1.0;-0.10000000000000003;-0.3000000000000001
5625;Charlie;0.7;0.3999999999999999;1.0;1.0;-0.10000000000000003;-0.3000000000000001
5626;Charlie;0.7;0.3999999999999999;1.0;1.0;-0.10000000000000003;-0.3000000000000001
5627;Charlie;0.7;0.3999999999999999;1.0;1.0;-0.10000000000000003;-0.3000000000000001
5628;Charlie;0.7;0.3999999999999999;1.0;1.0;-0.10000000000000003;-0.3000000000000001
5629;Charlie;0.7;0.3999999999999999;1.0;1.0;-0.10000000000000003;-0.3000000000000001
5630;Charlie;0.7;0.3999999999999999;1.0;1.0;-0.10000000000000003;-0.3000000000000001
5631;Charlie;0.7;0.3999999999999999;1.0;1.0;-0.10000000000000003;-0.3000000000000001
5632;Charlie;0.7;0.3999999999999999;1.0;1.0;-0.10000000000000003;-0.3000000000000001
5633;Charlie;0.7;0.3999999999999999;1.0;1.0;-0.10000000000000003;-0.3000000000000001
5634;Charlie;0.7;0.3999999999999999;1.0;1.0;-0.10000000000000003;-0.3000000000000001
5635;Charlie;0.7;0.3999999999999999;1.0;1.0;-0.10000000000000003;-0.3000000000000001
5636;Charlie;0.7;0.3999999999999999;1.0;1.0;-0.10000000000000003;-0.3000000000000001
5637;Charlie;0.7;0.3999999999999999;1.0;1.0;-0.10000000000000003;-0.3000000000000001
5638;Charlie;0.7;0.3999999999999999;1.0;1.0;-0.10000000000000003;-0.3000000000000001
5639;Charlie;0.7;0.3999999999999999;1.0;1.0;-0.10000000000000003;-0.3000000000000001
5640;Charlie;0.7;0.3999999999999999;1.0;1.0;-0.10000000000000003;-0.3000000000000001
5641;Charlie;0.7;0.3999999999999999;1.0;1.0;-0.10000000000000003;-0.3000000000000001
5642;Charlie;0.7;0.3999999999999999;1.0;1.0;-0.10000000000000003;-0.3000000000000001
5643;Charlie;0.7;0.3999999999999999;1.0;1.0;-0.10000000000000003;-0.3000000000000001
5644;Charlie;0.7;0.3999999999999999;1.0;1.0;-0.10000000000000003;-0.3000000000000001
5645;Charlie;0.7;0.3999999999999999;1.0;1.0;-0.10000000000000003;-0.3000000000000001
5646;Charlie;0.7;0.3999999999999999;1.0;1.0;-0.10000000000000003;-0.3000000000000001
5647;Charlie;0.7;0.3999999999999999;1.0;1.0;-0.10000000000000003;-0.3000000000000001
5648;Charlie;0.7;0.3999999999999999;1.0;1.0;-0.10000000000000003;-0.3000000000000001
5649;Charlie;0.7;0.3999999999999999;1.0;1.0;-0.10000000000000003;-0.3000000000000001
5650;Charlie;0.7;0.3999999999999999;1.0;1.0;-0.10000000000000003;-0.3000000000000001
5651;Charlie;0.7;0.3999999999999999;1.0;1.0;-0.10000000000000003;-0.3000000000000001
5652;Charlie;0.7;0.3999999999999999;1.0;1.0;-0.10000000000000003;-0.3000000000000001
5653;Charlie;0.7;0.3999999999999999;1.0;1.0;-0.10000000000000003;-0.3000000000000001
5654;Charlie;0.7;0.3999999999999999;1.0;1.0;-0.10000000000000003;-0.3000000000000001
5655;Charlie;0.7;0.3999999999999999;1.0;1.0;-0.10000000000000003;-0.3000000000000001
5656;Charlie;0.7;0.3999999999999999;1.0;1.0;-0.10000000000000003;-0.3000000000000001
5657;Charlie;0.7;0.3999999999999999;1.0;1.0;-0.10000000000000003;-0.3000000000000001
5658;Charlie;0.7;0.3999999999999999;1.0;1.0;-0.10000000000000003;-0.3000000000000001
5659;Charlie;0.7;0.3999999999999999;1.0;1.0;-0.10000000000000003;-0.3000000000000001
5660;Charlie;0.7;0.3999999999999999;1.0;1.0;-0.10000000000000003;-0.3000000000000001
5661;Charlie;0.7;0.3999999999999999;1.0;1.0;-0.10000000000000003;-0.3000000000000001
5662;Charlie;0.7;0.3999999999999999;1.0;1.0;-0.10000000000000003;-0.3000000000000001
5663;Charlie;0.7;0.3999999999999999;1.0;1.0;-0.10000000000000003;-0.3000000000000001
5664;Charlie;0.7;0.3999999999999999;1.0;1.0;-0.10000000000000003;-0.3000000000000001
5665;Charlie;0.7;0.3999999999999999;1.0;1.0;-0.10000000000000003;-0.3000000000000001
5666;Charlie;0.7;0.3999999999999999;1.0;1.0;-0.10000000000000003;-0.3000000000000001
5667;Charlie;0.7;0.3999999999999999;1.0;1.0;-0.10000000000000003;-0.3000000000000001
5668;Charlie;0.7;0.3999999999999999;1.0;1.0;-0.10000000000000003;-0.3000000000000001
5669;Charlie;0.7;0.3999999999999999;1.0;1.0;-0.10000000000000003;-0.3000000000000001
5670;Charlie;0.7;0.3999999999999999;1.0;1.0;-0.10000000000000003;-0.3000000000000001
5671;Charlie;0.7;0.3999999999999999;1.0;1.0;-0.10000000000000003;-0.3000000000000001
5672;Charlie;0.7;0.3999999999999999;1.0;1.0;-0.10000000000000003;-0.3000000000000001
5673;Charlie;0.7;0.3999999999999999;1.0;1.0;-0.10000000000000003;-0.3000000000000001
5674;Charlie;0.7;0.3999999999999999;1.0;1.0;-0.10000000000000003;-0.3000000000000001
5675;Charlie;0.7;0.3999999999999999;1.0;1.0;-0.10000000000000003;-0.3000000000000001
5676;Charlie;0.7;0.3999999999999999;1.0;1.0;-0.10000000000000003;-0.3000000000000001
5677;Charlie;0.7;0.3999999999999999;1.0;1.0;-0.10000000000000003;-0.3000000000000001
5678;Charlie;0.7;0.3999999999999999;1.0;1.0;-0.10000000000000003;-0.3000000000000001
5679;Charlie;0.7;0.3999999999999999;1.0;1.0;-0.10000000000000003;-0.3000000000000001
5680;Charlie;0.7;0.3999999999999999;1.0;1.0;-0.10000000000000003;-0.3000000000000001
5681;Charlie;0.7;0.3999999999999999;1.0;1.0;-0.10000000000000003;-0.3000000000000001
5682;Charlie;0.7;0.3999999999999999;1.0;1.0;-0.10000000000000003;-0.3000000000000001
5683;Charlie;0.7;0.3999999999999999;1.0;1.0;-0.10000000000000003;-0.3000000000000001
5684;Charlie;0.7;0.3999999999999999;1.0;1.0;-0.10000000000000003;-0.3000000000000001
5685;Charlie;0.7;0.3999999999999999;1.0;1.0;-0.10000000000000003;-0.3000000000000001
5686;Charlie;0.7;0.3999999999999999;1.0;1.0;-0.10000000000000003;-0.3000000000000001
5687;Charlie;0.7;0.3999999999999999;1.0;1.0;-0.10000000000000003;-0.3000000000000001
5688;Charlie;0.7;0.3999999999999999;1.0;1.0;-0.10000000000000003;-0.3000000000000001
5689;Charlie;0.7;0.3999999999999999;1.0;1.0;-0.10000000000000003;-0.3000000000000001
5690;Charlie;0.7;0.3999999999999999;1.0;1.0;-0.10000000000000003;-0.3000000000000001
5691;Charlie;0.7;0.3999999999999999;1.0;1.0;-0.10000000000000003;-0.3000000000000001
5692;Charlie;0.7;0.3999999999999999;1.0;1.0;-0.10000000000000003;-0.3000000000000001
5693;Charlie;0.7;0.3999999999999999;1.0;1.0;-0.10000000000000003;-0.3000000000000001
5694;Charlie;0.7;0.3999999999999999;1.0;1.0;-0.10000000000000003;-0.3000000000000001
5695;Charlie;0.7;0.3999999999999999;1.0;1.0;-0.10000000000000003;-0.3000000000000001
5696;Charlie;0.7;0.3999999999999999;1.0;1.0;-0.10000000000000003;-0.3000000000000001
5697;Charlie;0.7;0.3999999999999999;1.0;1.0;-0.10000000000000003;-0.3000000000000001
5698;Charlie;0.7;0.3999999999999999;1.0;1.0;-0.10000000000000003;-0.3000000000000001
5699;Charlie;0.7;0.3999999999999999;1.0;1.0;-0.10000000000000003;-0.3000000000000001
5700;Charlie;0.7;0.3999999999999999;1.0;1.0;-0.10000000000000003;-0.3000000000000001
5701;Charlie;0.7;0.3999999999999999;1.0;1.0;-0.10000000000000003;-0.3000000000000001
5702;Charlie;0.7;0.3999999999999999;1.0;1.0;-0.10000000000000003;-0.3000000000000001
5703;Charlie;0.7;0.3999999999999999;1.0;1.0;-0.10000000000000003;-0.3000000000000001
5704;Charlie;0.7;0.3999999999999999;1.0;1.0;-0.10000000000000003;-0.3000000000000001
5705;Charlie;0.7;0.3999999999999999;1.0;1.0;-0.10000000000000003;-0.3000000000000001
5706;Charlie;0.7;0.3999999999999999;1.0;1.0;-0.10000000000000003;-0.3000000000000001
5707;Charlie;0.7;0.3999999999999999;1.0;1.0;-0.10000000000000003;-0.3000000000000001
5708;Charlie;0.7;0.3999999999999999;1.0;1.0;-0.10000000000000003;-0.3000000000000001
5709;Charlie;0.7;0.3999999999999999;1.0;1.0;-0.10000000000000003;-0.3000000000000001
5710;Charlie;0.7;0.3999999999999999;1.0;1.0;-0.10000000000000003;-0.3000000000000001
5711;Charlie;0.7;0.3999999999999999;1.0;1.0;-0.10000000000000003;-0.3000000000000001
5712;Charlie;0.7;0.3999999999999999;1.0;1.0;-0.10000000000000003;-0.3000000000000001
5713;Charlie;0.7;0.3999999999999999;1.0;1.0;-0.10000000000000003;-0.3000000000000001
5714;Charlie;0.7;0.3999999999999999;1.0;1.0;-0.10000000000000003;-0.3000000000000001
5715;Charlie;0.7;0.3999999999999999;1.0;1.0;-0.10000000000000003;-0.3000000000000001
5716;Charlie;0.7;0.3999999999999999;1.0;1.0;-0.10000000000000003;-0.3000000000000001
5717;Charlie;0.7;0.3999999999999999;1.0;1.0;-0.10000000000000003;-0.3000000000000001
5718;Charlie;0.7;0.3999999999999999;1.0;1.0;-0.10000000000000003;-0.3000000000000001
5719;Charlie;0.7;0.3999999999999999;1.0;1.0;-0.10000000000000003;-0.3000000000000001
5720;Charlie;0.7;0.3999999999999999;1.0;1.0;-0.10000000000000003;-0.3000000000000001
5721;Charlie;0.7;0.3999999999999999;1.0;1.0;-0.10000000000000003;-0.3000000000000001
5722;Charlie;0.7;0.3999999999999999;1.0;1.0;-0.10000000000000003;-0.3000000000000001
5723;Charlie;0.7;0.3999999999999999;1.0;1.0;-0.10000000000000003;-0.3000000000000001
5724;Charlie;0.7;0.3999999999999999;1.0;1.0;-0.10000000000000003;-0.3000000000000001
5725;Charlie;0.7;0.3999999999999999;1.0;1.0;-0.10000000000000003;-0.3000000000000001
5726;Charlie;0.7;0.3999999999999999;1.0;1.0;-0.10000000000000003;-0.3000000000000001
5727;Charlie;0.7;0.3999999999999999;1.0;1.0;-0.10000000000000003;-0.3000000000000001
5728;Charlie;0.7;0.3999999999999999;1.0;1.0;-0.10000000000000003;-0.3000000000000001
5729;Charlie;0.7;0.3999999999999999;1.0;1.0;-0.10000000000000003;-0.3000000000000001
5730;Charlie;0.7;0.3999999999999999;1.0;1.0;-0.10000000000000003;-0.3000000000000001
5731;Charlie;0.7;0.3999999999999999;1.0;1.0;-0.10000000000000003;-0.3000000000000001
5732;Charlie;0.7;0.3999999999999999;1.0;1.0;-0.10000000000000003;-0.3000000000000001
5733;Charlie;0.7;0.3999999999999999;1.0;1.0;-0.10000000000000003;-0.3000000000000001
5734;Charlie;0.7;0.3999999999999999;1.0;1.0;-0.10000000000000003;-0.3000000000000001
5735;Charlie;0.7;0.3999999999999999;1.0;1.0;-0.10000000000000003;-0.3000000000000001
5736;Charlie;0.7;0.3999999999999999;1.0;1.0;-0.10000000000000003;-0.3000000000000001
5737;Charlie;0.7;0.3999999999999999;1.0;1.0;-0.10000000000000003;-0.3000000000000001
5738;Charlie;0.7;0.3999999999999999;1.0;1.0;-0.10000000000000003;-0.3000000000000001
5739;Charlie;0.7;0.3999999999999999;1.0;1.0;-0.10000000000000003;-0.3000000000000001
5740;Charlie;0.7;0.3999999999999999;1.0;1.0;-0.10000000000000003;-0.3000000000000001
5741;Charlie;0.7;0.3999999999999999;1.0;1.0;-0.10000000000000003;-0.3000000000000001
5742;Charlie;0.7;0.3999999999999999;1.0;1.0;-0.10000000000000003;-0.3000000000000001
5743;Charlie;0.7;0.3999999999999999;1.0;1.0;-0.10000000000000003;-0.3000000000000001
5744;Charlie;0.7;0.3999999999999999;1.0;1.0;-0.10000000000000003;-0.3000000000000001
5745;Charlie;0.7;0.3999999999999999;1.0;1.0;-0.10000000000000003;-0.3000000000000001
5746;Charlie;0.7;0.3999999999999999;1.0;1.0;-0.10000000000000003;-0.3000000000000001
5747;Charlie;0.7;0.3999999999999999;1.0;1.0;-0.10000000000000003;-0.3000000000000001
5748;Charlie;0.7;0.3999999999999999;1.0;1.0;-0.10000000000000003;-0.3000000000000001
5749;Charlie;0.7;0.3999999999999999;1.0;1.0;-0.10000000000000003;-0.3000000000000001
5750;Charlie;0.7;0.3999999999999999;1.0;1.0;-0.10000000000000003;-0.3000000000000001
5751;Charlie;0.7;0.3999999999999999;1.0;1.0;-0.10000000000000003;-0.3000000000000001
5752;Charlie;0.7;0.3999999999999999;1.0;1.0;-0.10000000000000003;-0.3000000000000001
5753;Charlie;0.7;0.3999999999999999;1.0;1.0;-0.10000000000000003;-0.3000000000000001
5754;Charlie;0.7;0.3999999999999999;1.0;1.0;-0.10000000000000003;-0.3000000000000001
5755;Charlie;0.7;0.3999999999999999;1.0;1.0;-0.10000000000000003;-0.3000000000000001
5756;Charlie;0.7;0.3999999999999999;1.0;1.0;-0.10000000000000003;-0.3000000000000001
5757;Charlie;0.7;0.3999999999999999;1.0;1.0;-0.10000000000000003;-0.3000000000000001
5758;Charlie;0.7;0.3999999999999999;1.0;1.0;-0.10000000000000003;-0.3000000000000001
5759;Charlie;0.7;0.3999999999999999;1.0;1.0;-0.10000000000000003;-0.3000000000000001
5760;Charlie;0.7;0.3999999999999999;1.0;1.0;-0.10000000000000003;-0.3000000000000001
5761;Charlie;0.7;0.3999999999999999;1.0;1.0;-0.10000000000000003;-0.3000000000000001
5762;Charlie;0.7;0.3999999999999999;1.0;1.0;-0.10000000000000003;-0.3000000000000001
5763;Charlie;0.7;0.3999999999999999;1.0;1.0;-0.10000000000000003;-0.3000000000000001
5764;Charlie;0.7;0.3999999999999999;1.0;1.0;-0.10000000000000003;-0.3000000000000001
5765;Charlie;0.7;0.3999999999999999;1.0;1.0;-0.10000000000000003;-0.3000000000000001
5766;Charlie;0.7;0.3999999999999999;1.0;1.0;-0.10000000000000003;-0.3000000000000001
5767;Charlie;0.7;0.3999999999999999;1.0;1.0;-0.10000000000000003;-0.3000000000000001
5768;Charlie;0.7;0.3999999999999999;1.0;1.0;-0.10000000000000003;-0.3000000000000001
5769;Charlie;0.7;0.3999999999999999;1.0;1.0;-0.10000000000000003;-0.3000000000000001
5770;Charlie;0.7;0.3999999999999999;1.0;1.0;-0.10000000000000003;-0.3000000000000001
5771;Charlie;0.7;0.3999999999999999;1.0;1.0;-0.10000000000000003;-0.3000000000000001
0;Charlie;0.7;0.3999999999999999;1.0;1.0;-0.10000000000000003;-0.3000000000000001
1;Charlie;0.7;0.3999999999999999;1.0;1.0;-0.10000000000000003;-0.3000000000000001
2;Charlie;0.7;0.3999999999999999;1.0;1.0;-0.10000000000000003;-0.3000000000000001
3;Charlie;0.7;0.3999999999999999;1.0;1.0;-0.10000000000000003;-0.3000000000000001
4;Charlie;0.7;0.3999999999999999;1.0;1.0;-0.10000000000000003;-0.3000000000000001
5;Charlie;0.7;0.3999999999999999;1.0;1.0;-0.10000000000000003;-0.3000000000000001
6;Charlie;0.7;0.3999999999999999;1.0;1.0;-0.10000000000000003;-0.3000000000000001
7;Charlie;0.7;0.3999999999999999;1.0;1.0;-0.10000000000000003;-0.3000000000000001
8;Charlie;0.7;0.3999999999999999;1.0;1.0;-0.10000000000000003;-0.3000000000000001
9;Charlie;0.7;0.3999999999999999;1.0;1.0;-0.10000000000000003;-0.3000000000000001
10;Charlie;0.7;0.3999999999999999;1.0;1.0;-0.10000000000000003;-0.3000000000000001
11;Charlie;0.7;0.3999999999999999;1.0;1.0;-0.10000000000000003;-0.3000000000000001
12;Charlie;0.7;0.3999999999999999;1.0;1.0;-0.10000000000000003;-0.3000000000000001
13;Charlie;0.7;0.3999999999999999;1.0;1.0;-0.10000000000000003;-0.3000000000000001
14;Charlie;0.7;0.3999999999999999;1.0;1.0;-0.10000000000000003;-0.3000000000000001
15;Charlie;0.7;0.3999999999999999;1.0;1.0;-0.10000000000000003;-0.3000000000000001
16;Charlie;0.7;0.3999999999999999;1.0;1.0;-0.10000000000000003;-0.3000000000000001
17;Charlie;0.7;0.3999999999999999;1.0;1.0;-0.10000000000000003;-0.3000000000000001
18;Charlie;0.7;0.3999999999999999;1.0;1.0;-0.10000000000000003;-0.3000000000000001
19;Charlie;0.7;0.3999999999999999;1.0;1.0;-0.10000000000000003;-0.3000000000000001
20;Charlie;0.7;0.3999999999999999;1.0;1.0;-0.10000000000000003;-0.3000000000000001
21;Charlie;0.7;0.3999999999999999;1.0;1.0;-0.10000000000000003;-0.3000000000000001
22;Charlie;0.7;0.3999999999999999;1.0;1.0;-0.10000000000000003;-0.3000000000000001
23;Charlie;0.7;0.3999999999999999;1.0;1.0;-0.10000000000000003;-0.3000000000000001
24;Charlie;0.7;0.3999999999999999;1.0;1.0;-0.10000000000000003;-0.3000000000000001
25;Charlie;0.7;0.3999999999999999;1.0;1.0;-0.10000000000000003;-0.3000000000000001
26;Charlie;0.7;0.3999999999999999;1.0;1.0;-0.10000000000000003;-0.3000000000000001
27;Charlie;0.7;0.3999999999999999;1.0;1.0;-0.10000000000000003;-0.3000000000000001
28;Charlie;0.7;0.3999999999999999;1.0;1.0;-0.10000000000000003;-0.3000000000000001
29;Charlie;0.7;0.3999999999999999;1.0;1.0;-0.10000000000000003;-0.3000000000000001
30;Charlie;0.7;0.3999999999999999;1.0;1.0;-0.10000000000000003;-0.3000000000000001
31;Charlie;0.7;0.3999999999999999;1.0;1.0;-0.10000000000000003;-0.3000000000000001
32;Charlie;0.7;0.3999999999999999;1.0;1.0;-0.10000000000000003;-0.3000000000000001
33;Charlie;0.7;0.3999999999999999;1.0;1.0;-0.10000000000000003;-0.3000000000000001
34;Charlie;0.7;0.3999999999999999;1.0;1.0;-0.10000000000000003;-0.3000000000000001
35;Charlie;0.7;0.3999999999999999;1.0;1.0;-0.10000000000000003;-0.3000000000000001
36;Charlie;0.7;0.3999999999999999;1.0;1.0;-0.10000000000000003;-0.3000000000000001
37;Charlie;0.7;0.3999999999999999;1.0;1.0;-0.10000000000000003;-0.3000000000000001
38;Charlie;0.7;0.3999999999999999;1.0;1.0;-0.10000000000000003;-0.3000000000000001
39;Charlie;0.7;0.3999999999999999;1.0;1.0;-0.10000000000000003;-0.3000000000000001
40;Charlie;0.7;0.3999999999999999;1.0;1.0;-0.10000000000000003;-0.3000000000000001
41;Charlie;0.7;0.3999999999999999;1.0;1.0;-0.10000000000000003;-0.3000000000000001
42;Charlie;0.7;0.3999999999999999;1.0;1.0;-0.10000000000000003;-0.3000000000000001
43;Charlie;0.7;0.3999999999999999;1.0;1.0;-0.10000000000000003;-0.3000000000000001
44;Charlie;0.7;0.3999999999999999;1.0;1.0;-0.10000000000000003;-0.3000000000000001
45;Charlie;0.7;0.3999999999999999;1.0;1.0;-0.10000000000000003;-0.3000000000000001
46;Charlie;0.7;0.3999999999999999;1.0;1.0;-0.10000000000000003;-0.3000000000000001
47;Charlie;0.7;0.3999999999999999;1.0;1.0;-0.10000000000000003;-0.3000000000000001
48;Charlie;0.7;0.3999999999999999;1.0;1.0;-0.10000000000000003;-0.3000000000000001
49;Charlie;0.7;0.3999999999999999;1.0;1.0;-0.10000000000000003;-0.3000000000000001
50;Charlie;0.7;0.3999999999999999;1.0;1.0;-0.10000000000000003;-0.3000000000000001
51;Charlie;0.7;0.3999999999999999;1.0;1.0;-0.10000000000000003;-0.3000000000000001
52;Charlie;0.7;0.3999999999999999;1.0;1.0;-0.10000000000000003;-0.3000000000000001
53;Charlie;0.7;0.3999999999999999;1.0;1.0;-0.10000000000000003;-0.3000000000000001
54;Charlie;0.7;0.3999999999999999;1.0;1.0;-0.10000000000000003;-0.3000000000000001
55;Charlie;0.7;0.3999999999999999;1.0;1.0;-0.10000000000000003;-0.3000000000000001
56;Charlie;0.7;0.3999999999999999;1.0;1.0;-0.10000000000000003;-0.3000000000000001
57;Charlie;0.7;0.3999999999999999;1.0;1.0;-0.10000000000000003;-0.3000000000000001
58;Charlie;0.7;0.3999999999999999;1.0;1.0;-0.10000000000000003;-0.3000000000000001
59;Charlie;0.7;0.3999999999999999;1.0;1.0;-0.10000000000000003;-0.3000000000000001
60;Charlie;0.7;0.3999999999999999;1.0;1.0;-0.10000000000000003;-0.3000000000000001
61;Charlie;0.7;0.3999999999999999;1.0;1.0;-0.10000000000000003;-0.3000000000000001
62;Charlie;0.7;0.3999999999999999;1.0;1.0;-0.10000000000000003;-0.3000000000000001
63;Charlie;0.7;0.3999999999999999;1.0;1.0;-0.10000000000000003;-0.3000000000000001
64;Charlie;0.7;0.3999999999999999;1.0;1.0;-0.10000000000000003;-0.3000000000000001
65;Charlie;0.7;0.3999999999999999;1.0;1.0;-0.10000000000000003;-0.3000000000000001
66;Charlie;0.7;0.3999999999999999;1.0;1.0;-0.10000000000000003;-0.3000000000000001
67;Charlie;0.7;0.3999999999999999;1.0;1.0;-0.10000000000000003;-0.3000000000000001
68;Charlie;0.7;0.3999999999999999;1.0;1.0;-0.10000000000000003;-0.3000000000000001
69;Charlie;0.7;0.3999999999999999;1.0;1.0;-0.10000000000000003;-0.3000000000000001
70;Charlie;0.7;0.3999999999999999;1.0;1.0;-0.10000000000000003;-0.3000000000000001
71;Charlie;0.7;0.3999999999999999;1.0;1.0;-0.10000000000000003;-0.3000000000000001
72;Charlie;0.7;0.3999999999999999;1.0;1.0;-0.10000000000000003;-0.3000000000000001
73;Charlie;0.7;0.3999999999999999;1.0;1.0;-0.10000000000000003;-0.3000000000000001
74;Charlie;0.7;0.3999999999999999;1.0;1.0;-0.10000000000000003;-0.3000000000000001
75;Charlie;0.7;0.3999999999999999;1.0;1.0;-0.10000000000000003;-0.3000000000000001
76;Charlie;0.7;0.3999999999999999;1.0;1.0;-0.10000000000000003;-0.3000000000000001
77;Charlie;0.7;0.3999999999999999;1.0;1.0;-0.10000000000000003;-0.3000000000000001
78;Charlie;0.7;0.3999999999999999;1.0;1.0;-0.10000000000000003;-0.3000000000000001
79;Charlie;0.7;0.3999999999999999;1.0;1.0;-0.10000000000000003;-0.3000000000000001
80;Charlie;0.7;0.3999999999999999;1.0;1.0;-0.10000000000000003;-0.3000000000000001
81;Charlie;0.7;0.3999999999999999;1.0;1.0;-0.10000000000000003;-0.3000000000000001
82;Charlie;0.7;0.3999999999999999;1.0;1.0;-0.10000000000000003;-0.3000000000000001
83;Charlie;0.7;0.3999999999999999;1.0;1.0;-0.10000000000000003;-0.3000000000000001
84;Charlie;0.7;0.3999999999999999;1.0;1.0;-0.10000000000000003;-0.3000000000000001
85;Charlie;0.7;0.3999999999999999;1.0;1.0;-0.10000000000000003;-0.3000000000000001
86;Charlie;0.7;0.3999999999999999;1.0;1.0;-0.10000000000000003;-0.3000000000000001
87;Charlie;0.7;0.3999999999999999;1.0;1.0;-0.10000000000000003;-0.3000000000000001
88;Charlie;0.7;0.3999999999999999;1.0;1.0;-0.10000000000000003;-0.3000000000000001
89;Charlie;0.7;0.3999999999999999;1.0;1.0;-0.10000000000000003;-0.3000000000000001
90;Charlie;0.7;0.3999999999999999;1.0;1.0;-0.10000000000000003;-0.3000000000000001
91;Charlie;0.7;0.3999999999999999;1.0;1.0;-0.10000000000000003;-0.3000000000000001
92;Charlie;0.7;0.3999999999999999;1.0;1.0;-0.10000000000000003;-0.3000000000000001
93;Charlie;0.7;0.3999999999999999;1.0;1.0;-0.10000000000000003;-0.3000000000000001
94;Charlie;0.7;0.3999999999999999;1.0;1.0;-0.10000000000000003;-0.3000000000000001
95;Charlie;0.7;0.3999999999999999;1.0;1.0;-0.10000000000000003;-0.3000000000000001
96;Charlie;0.7;0.3999999999999999;1.0;1.0;-0.10000000000000003;-0.3000000000000001
97;Charlie;0.7;0.3999999999999999;1.0;1.0;-0.10000000000000003;-0.3000000000000001
98;Charlie;0.7;0.3999999999999999;1.0;1.0;-0.10000000000000003;-0.3000000000000001
99;Charlie;0.7;0.3999999999999999;1.0;1.0;-0.10000000000000003;-0.3000000000000001
100;Charlie;0.7;0.3999999999999999;1.0;1.0;-0.10000000000000003;-0.3000000000000001
101;Charlie;0.7;0.3999999999999999;1.0;1.0;-0.10000000000000003;-0.3000000000000001
102;Charlie;0.7;0.3999999999999999;1.0;1.0;-0.10000000000000003;-0.3000000000000001
103;Charlie;0.7;0.3999999999999999;1.0;1.0;-0.10000000000000003;-0.3000000000000001
104;Charlie;0.7;0.3999999999999999;1.0;1.0;-0.10000000000000003;-0.3000000000000001
105;Charlie;0.7;0.3999999999999999;1.0;1.0;-0.10000000000000003;-0.3000000000000001
106;Charlie;0.7;0.3999999999999999;1.0;1.0;-0.10000000000000003;-0.3000000000000001
107;Charlie;0.7;0.3999999999999999;1.0;1.0;-0.10000000000000003;-0.3000000000000001
108;Charlie;0.7;0.3999999999999999;1.0;1.0;-0.10000000000000003;-0.3000000000000001
109;Charlie;0.7;0.3999999999999999;1.0;1.0;-0.10000000000000003;-0.3000000000000001
110;Charlie;0.7;0.3999999999999999;1.0;1.0;-0.10000000000000003;-0.3000000000000001
111;Charlie;0.7;0.3999999999999999;1.0;1.0;-0.10000000000000003;-0.3000000000000001
112;Charlie;0.7;0.3999999999999999;1.0;1.0;-0.10000000000000003;-0.3000000000000001
113;Charlie;0.7;0.3999999999999999;1.0;1.0;-0.10000000000000003;-0.3000000000000001
114;Charlie;0.7;0.3999999999999999;1.0;1.0;-0.10000000000000003;-0.3000000000000001
115;Charlie;0.7;0.3999999999999999;1.0;1.0;-0.10000000000000003;-0.3000000000000001
116;Charlie;0.7;0.3999999999999999;1.0;1.0;-0.10000000000000003;-0.3000000000000001
117;Charlie;0.7;0.3999999999999999;1.0;1.0;-0.10000000000000003;-0.3000000000000001
118;Charlie;0.7;0.3999999999999999;1.0;1.0;-0.10000000000000003;-0.3000000000000001
119;Charlie;0.7;0.3999999999999999;1.0;1.0;-0.10000000000000003;-0.3000000000000001
120;Charlie;0.7;0.3999999999999999;1.0;1.0;-0.10000000000000003;-0.3000000000000001
121;Charlie;0.7;0.3999999999999999;1.0;1.0;-0.10000000000000003;-0.3000000000000001
122;Charlie;0.7;0.3999999999999999;1.0;1.0;-0.10000000000000003;-0.3000000000000001
123;Charlie;0.7;0.3999999999999999;1.0;1.0;-0.10000000000000003;-0.3000000000000001
124;Charlie;0.7;0.3999999999999999;1.0;1.0;-0.10000000000000003;-0.3000000000000001
125;Charlie;0.7;0.3999999999999999;1.0;1.0;-0.10000000000000003;-0.3000000000000001
126;Charlie;0.7;0.3999999999999999;1.0;1.0;-0.10000000000000003;-0.3000000000000001
135;Charlie;0.7;0.3999999999999999;1.0;1.0;-0.10000000000000003;-0.3000000000000001
144;Charlie;0.7;0.3999999999999999;1.0;1.0;-0.10000000000000003;-0.3000000000000001
153;Charlie;0.7;0.3999999999999999;1.0;1.0;-0.10000000000000003;-0.3000000000000001
162;Charlie;0.7;0.3999999999999999;1.0;1.0;-0.10000000000000003;-0.3000000000000001
171;Charlie;0.7;0.3999999999999999;1.0;1.0;-0.10000000000000003;-0.3000000000000001
180;Charlie;0.7;0.3999999999999999;1.0;1.0;-0.10000000000000003;-0.3000000000000001
189;Charlie;0.7;0.3999999999999999;1.0;1.0;-0.10000000000000003;-0.3000000000000001
198;Charlie;0.7;0.3999999999999999;1.0;1.0;-0.10000000000000003;-0.3000000000000001
207;Charlie;0.7;0.3999999999999999;1.0;1.0;-0.10000000000000003;-0.3000000000000001
216;Charlie;0.7;0.3999999999999999;1.0;1.0;-0.10000000000000003;-0.3000000000000001
225;Charlie;0.7;0.3999999999999999;1.0;1.0;-0.10000000000000003;-0.3000000000000001
251;Charlie;0.7;0.3999999999999999;1.0;1.0;-0.10000000000000003;-0.3000000000000001
260;Charlie;0.7;0.3999999999999999;1.0;1.0;-0.10000000000000003;-0.3000000000000001
269;Charlie;0.7;0.3999999999999999;1.0;1.0;-0.10000000000000003;-0.3000000000000001
278;Charlie;0.7;0.3999999999999999;1.0;1.0;-0.10000000000000003;-0.3000000000000001
292;Charlie;0.7;0.3999999999999999;1.0;1.0;-2.7755575615628914e-17;-0.3000000000000001
306;Charlie;0.7;0.3999999999999999;1.0;1.0;-2.7755575615628914e-17;-0.3000000000000001
315;Charlie;0.7;0.3999999999999999;1.0;1.0;-2.7755575615628914e-17;-0.3000000000000001
324;Charlie;0.7;0.3999999999999999;1.0;1.0;-2.7755575615628914e-17;-0.3000000000000001
333;Charlie;0.7;0.3999999999999999;1.0;1.0;-2.7755575615628914e-17;-0.3000000000000001
342;Charlie;0.7;0.3999999999999999;1.0;1.0;-2.7755575615628914e-17;-0.3000000000000001
351;Charlie;0.7;0.3999999999999999;1.0;1.0;-2.7755575615628914e-17;-0.3000000000000001
360;Charlie;0.7;0.3999999999999999;1.0;1.0;-2.7755575615628914e-17;-0.3000000000000001
369;Charlie;0.7;0.3999999999999999;1.0;1.0;-2.7755575615628914e-17;-0.3000000000000001
378;Charlie;0.7;0.3999999999999999;1.0;1.0;-2.7755575615628914e-17;-0.3000000000000001
387;Charlie;0.7;0.3999999999999999;1.0;1.0;-2.7755575615628914e-17;-0.3000000000000001
413;Charlie;0.7;0.3999999999999999;1.0;1.0;-2.7755575615628914e-17;-0.3000000000000001
422;Charlie;0.7;0.3999999999999999;1.0;1.0;-2.7755575615628914e-17;-0.3000000000000001
431;Charlie;0.7;0.3999999999999999;1.0;1.0;-2.7755575615628914e-17;-0.3000000000000001
440;Charlie;0.7;0.3999999999999999;1.0;1.0;-2.7755575615628914e-17;-0.3000000000000001
449;Charlie;0.7;0.3999999999999999;1.0;1.0;-2.7755575615628914e-17;-0.3000000000000001
550;Charlie;0.7;0.3999999999999999;1.0;1.0;-2.7755575615628914e-17;-0.3000000000000001
559;Charlie;0.7;0.3999999999999999;1.0;1.0;-2.7755575615628914e-17;-0.3000000000000001
568;Charlie;0.7;0.3999999999999999;1.0;1.0;-2.7755575615628914e-17;-0.3000000000000001
577;Charlie;0.7;0.3999999999999999;1.0;1.0;-2.7755575615628914e-17;-0.3000000000000001
586;Charlie;0.7;0.3999999999999999;1.0;1.0;-2.7755575615628914e-17;-0.3000000000000001
587;Charlie;0.7;-1.1102230246251565e-16;1.0;1.0;-2.7755575615628914e-17;-0.3000000000000001
588;Charlie;0.7;-1.1102230246251565e-16;1.0;1.0;-2.7755575615628914e-17;-0.3000000000000001
589;Charlie;0.7;-1.1102230246251565e-16;1.0;1.0;-2.7755575615628914e-17;-0.3000000000000001
590;Charlie;0.7;-1.1102230246251565e-16;1.0;1.0;-2.7755575615628914e-17;-0.3000000000000001
591;Charlie;0.7;-1.1102230246251565e-16;1.0;1.0;-2.7755575615628914e-17;-0.3000000000000001
592;Charlie;0.7;-1.1102230246251565e-16;1.0;1.0;-2.7755575615628914e-17;-0.3000000000000001
593;Charlie;0.7;-1.1102230246251565e-16;1.0;1.0;-2.7755575615628914e-17;-0.3000000000000001
594;Charlie;0.7;-1.1102230246251565e-16;1.0;1.0;-2.7755575615628914e-17;-0.3000000000000001
595;Charlie;0.7;-1.1102230246251565e-16;1.0;1.0;-2.7755575615628914e-17;-0.3000000000000001
596;Charlie;0.7;-1.1102230246251565e-16;1.0;1.0;-2.7755575615628914e-17;-0.3000000000000001
597;Charlie;0.7;-1.1102230246251565e-16;1.0;1.0;-2.7755575615628914e-17;-0.3000000000000001
598;Charlie;0.7;-1.1102230246251565e-16;1.0;1.0;-2.7755575615628914e-17;-0.3000000000000001
599;Charlie;0.7;-1.1102230246251565e-16;1.0;1.0;-2.7755575615628914e-17;-0.3000000000000001
600;Charlie;0.7;-1.1102230246251565e-16;1.0;1.0;-2.7755575615628914e-17;-0.3000000000000001
601;Charlie;0.7;-1.1102230246251565e-16;1.0;1.0;-2.7755575615628914e-17;-0.3000000000000001
602;Charlie;0.7;-1.1102230246251565e-16;1.0;1.0;-2.7755575615628914e-17;-0.3000000000000001
603;Charlie;0.7;-1.1102230246251565e-16;1.0;1.0;-2.7755575615628914e-17;-0.3000000000000001
604;Charlie;0.7;-1.1102230246251565e-16;1.0;1.0;-2.7755575615628914e-17;-0.3000000000000001
605;Charlie;0.7;-1.1102230246251565e-16;1.0;1.0;-2.7755575615628914e-17;-0.3000000000000001
606;Charlie;0.7;-1.1102230246251565e-16;1.0;1.0;-2.7755575615628914e-17;-0.3000000000000001
607;Charlie;0.7;-1.1102230246251565e-16;1.0;1.0;-2.7755575615628914e-17;-0.3000000000000001
608;Charlie;0.7;-1.1102230246251565e-16;1.0;1.0;-2.7755575615628914e-17;-0.3000000000000001
609;Charlie;0.7;-1.1102230246251565e-16;1.0;1.0;-2.7755575615628914e-17;-0.3000000000000001
610;Charlie;0.7;-1.1102230246251565e-16;1.0;1.0;-2.7755575615628914e-17;-0.3000000000000001
611;Charlie;0.7;-1.1102230246251565e-16;1.0;1.0;-2.7755575615628914e-17;-0.3000000000000001
612;Charlie;0.7;-1.1102230246251565e-16;1.0;1.0;-2.7755575615628914e-17;-0.3000000000000001
613;Charlie;0.7;-1.1102230246251565e-16;1.0;1.0;-2.7755575615628914e-17;-0.3000000000000001
614;Charlie;0.7;-1.1102230246251565e-16;1.0;1.0;-2.7755575615628914e-17;-0.3000000000000001
615;Charlie;0.7;-1.1102230246251565e-16;1.0;1.0;-2.7755575615628914e-17;-0.3000000000000001
616;Charlie;0.7;-1.1102230246251565e-16;1.0;1.0;-2.7755575615628914e-17;-0.3000000000000001
617;Charlie;0.7;-1.1102230246251565e-16;1.0;1.0;-2.7755575615628914e-17;-0.3000000000000001
618;Charlie;0.7;-1.1102230246251565e-16;1.0;1.0;-2.7755575615628914e-17;-0.3000000000000001
619;Charlie;0.7;-1.1102230246251565e-16;1.0;1.0;-2.7755575615628914e-17;-0.3000000000000001
620;Charlie;0.7;-1.1102230246251565e-16;1.0;1.0;-2.7755575615628914e-17;-0.3000000000000001
621;Charlie;0.7;-1.1102230246251565e-16;1.0;1.0;-2.7755575615628914e-17;-0.3000000000000001
622;Charlie;0.7;-1.1102230246251565e-16;1.0;1.0;-2.7755575615628914e-17;-0.3000000000000001
623;Charlie;0.7;-1.1102230246251565e-16;1.0;1.0;-2.7755575615628914e-17;-0.3000000000000001
624;Charlie;0.7;-1.1102230246251565e-16;1.0;1.0;-2.7755575615628914e-17;-0.3000000000000001
625;Charlie;0.7;-1.1102230246251565e-16;1.0;1.0;-2.7755575615628914e-17;-0.3000000000000001
626;Charlie;0.7;-1.1102230246251565e-16;1.0;1.0;-2.7755575615628914e-17;-0.3000000000000001
627;Charlie;0.7;-1.1102230246251565e-16;1.0;1.0;-2.7755575615628914e-17;-0.3000000000000001
628;Charlie;0.7;-1.1102230246251565e-16;1.0;1.0;-2.7755575615628914e-17;-0.3000000000000001
629;Charlie;0.7;-1.1102230246251565e-16;1.0;1.0;-2.7755575615628914e-17;-0.3000000000000001
630;Charlie;0.7;-1.1102230246251565e-16;1.0;1.0;-2.7755575615628914e-17;-0.3000000000000001
631;Charlie;0.7;-1.1102230246251565e-16;1.0;1.0;-2.7755575615628914e-17;-0.3000000000000001
632;Charlie;0.7;-1.1102230246251565e-16;1.0;1.0;-2.7755575615628914e-17;-0.3000000000000001
633;Charlie;0.7;-1.1102230246251565e-16;1.0;1.0;-2.7755575615628914e-17;-0.3000000000000001
634;Charlie;0.7;-1.1102230246251565e-16;1.0;1.0;-2.7755575615628914e-17;-0.3000000000000001
635;Charlie;0.7;-1.1102230246251565e-16;1.0;1.0;-2.7755575615628914e-17;-0.3000000000000001
636;Charlie;0.7;-1.1102230246251565e-16;1.0;1.0;-2.7755575615628914e-17;-0.3000000000000001
637;Charlie;0.7;-1.1102230246251565e-16;1.0;1.0;-2.7755575615628914e-17;-0.3000000000000001
638;Charlie;0.7;-1.1102230246251565e-16;1.0;1.0;-2.7755575615628914e-17;-0.3000000000000001
639;Charlie;0.7;-1.1102230246251565e-16;1.0;1.0;-2.7755575615628914e-17;-0.3000000000000001
640;Charlie;0.7;-1.1102230246251565e-16;1.0;1.0;-2.7755575615628914e-17;-0.3000000000000001
641;Charlie;0.7;-1.1102230246251565e-16;1.0;1.0;-2.7755575615628914e-17;-0.3000000000000001
642;Charlie;0.7;-1.1102230246251565e-16;1.0;1.0;-2.7755575615628914e-17;-0.3000000000000001
643;Charlie;0.7;-1.1102230246251565e-16;1.0;1.0;-2.7755575615628914e-17;-0.3000000000000001
644;Charlie;0.7;-1.1102230246251565e-16;1.0;1.0;-2.7755575615628914e-17;-0.3000000000000001
645;Charlie;0.7;-1.1102230246251565e-16;1.0;1.0;-2.7755575615628914e-17;-0.3000000000000001
646;Charlie;0.7;-1.1102230246251565e-16;1.0;1.0;-2.7755575615628914e-17;-0.3000000000000001
647;Charlie;0.7;-1.1102230246251565e-16;1.0;1.0;-2.7755575615628914e-17;-0.3000000000000001
648;Charlie;0.7;-1.1102230246251565e-16;1.0;1.0;-2.7755575615628914e-17;-0.3000000000000001
649;Charlie;0.7;-1.1102230246251565e-16;1.0;1.0;-2.7755575615628914e-17;-0.3000000000000001
650;Charlie;0.7;-1.1102230246251565e-16;1.0;1.0;-2.7755575615628914e-17;-0.3000000000000001
651;Charlie;0.7;-1.1102230246251565e-16;1.0;1.0;-2.7755575615628914e-17;-0.3000000000000001
652;Charlie;0.7;-1.1102230246251565e-16;1.0;1.0;-2.7755575615628914e-17;-0.3000000000000001
653;Charlie;0.7;-1.1102230246251565e-16;1.0;1.0;-2.7755575615628914e-17;-0.3000000000000001
654;Charlie;0.7;-1.1102230246251565e-16;1.0;1.0;-2.7755575615628914e-17;-0.3000000000000001
655;Charlie;0.7;-1.1102230246251565e-16;1.0;1.0;-2.7755575615628914e-17;-0.3000000000000001
656;Charlie;0.7;-1.1102230246251565e-16;1.0;1.0;-2.7755575615628914e-17;-0.3000000000000001
657;Charlie;0.7;-1.1102230246251565e-16;1.0;1.0;-2.7755575615628914e-17;-0.3000000000000001
658;Charlie;0.7;-1.1102230246251565e-16;1.0;1.0;-2.7755575615628914e-17;-0.3000000000000001
659;Charlie;0.7;-1.1102230246251565e-16;1.0;1.0;-2.7755575615628914e-17;-0.3000000000000001
660;Charlie;0.7;-1.1102230246251565e-16;1.0;1.0;-2.7755575615628914e-17;-0.3000000000000001
661;Charlie;0.7;-1.1102230246251565e-16;1.0;1.0;-2.7755575615628914e-17;-0.3000000000000001
662;Charlie;0.7;-1.1102230246251565e-16;1.0;1.0;-2.7755575615628914e-17;-0.3000000000000001
663;Charlie;0.7;-1.1102230246251565e-16;1.0;1.0;-2.7755575615628914e-17;-0.3000000000000001
664;Charlie;0.7;-1.1102230246251565e-16;1.0;1.0;-2.7755575615628914e-17;-0.3000000000000001
665;Charlie;0.7;-1.1102230246251565e-16;1.0;1.0;-2.7755575615628914e-17;-0.3000000000000001
666;Charlie;0.7;-1.1102230246251565e-16;1.0;1.0;-2.7755575615628914e-17;-0.3000000000000001
667;Charlie;0.7;-1.1102230246251565e-16;1.0;1.0;-2.7755575615628914e-17;-0.3000000000000001
668;Charlie;0.7;-1.1102230246251565e-16;1.0;1.0;-2.7755575615628914e-17;-0.3000000000000001
669;Charlie;0.7;-1.1102230246251565e-16;1.0;1.0;-2.7755575615628914e-17;-0.3000000000000001
670;Charlie;0.7;-1.1102230246251565e-16;1.0;1.0;-2.7755575615628914e-17;-0.3000000000000001
671;Charlie;0.7;-1.1102230246251565e-16;1.0;1.0;-2.7755575615628914e-17;-0.3000000000000001
672;Charlie;0.7;-1.1102230246251565e-16;1.0;1.0;-2.7755575615628914e-17;-0.3000000000000001
673;Charlie;0.7;-1.1102230246251565e-16;1.0;1.0;-2.7755575615628914e-17;-0.3000000000000001
674;Charlie;0.7;-1.1102230246251565e-16;1.0;1.0;-2.7755575615628914e-17;-0.3000000000000001
675;Charlie;0.7;-1.1102230246251565e-16;1.0;1.0;-2.7755575615628914e-17;-0.3000000000000001
676;Charlie;0.7;-1.1102230246251565e-16;1.0;1.0;-2.7755575615628914e-17;-0.3000000000000001
702;Charlie;0.7;-1.1102230246251565e-16;0.9;1.0;-2.7755575615628914e-17;-0.10000000000000009
711;Charlie;0.7;-1.1102230246251565e-16;0.9;1.0;-2.7755575615628914e-17;-0.10000000000000009
720;Charlie;0.7;-1.1102230246251565e-16;0.9;1.0;-2.7755575615628914e-17;-0.10000000000000009
721;Charlie;0.7;-1.1102230246251565e-16;0.9;1.0;-2.7755575615628914e-17;-0.10000000000000009
722;Charlie;0.7;-1.1102230246251565e-16;0.9;1.0;-2.7755575615628914e-17;-0.10000000000000009
723;Charlie;0.7;-1.1102230246251565e-16;0.9;1.0;-2.7755575615628914e-17;-0.10000000000000009
724;Charlie;0.7;-1.1102230246251565e-16;0.9;1.0;-2.7755575615628914e-17;-0.10000000000000009
725;Charlie;0.7;-1.1102230246251565e-16;0.9;1.0;-2.7755575615628914e-17;-0.10000000000000009
726;Charlie;0.7;-1.1102230246251565e-16;0.9;1.0;-2.7755575615628914e-17;-0.10000000000000009
727;Charlie;0.7;-1.1102230246251565e-16;0.9;1.0;-2.7755575615628914e-17;-0.10000000000000009
728;Charlie;0.7;-1.1102230246251565e-16;0.9;1.0;-2.7755575615628914e-17;-0.10000000000000009
729;Charlie;0.7;-1.1102230246251565e-16;0.9;1.0;-2.7755575615628914e-17;-0.10000000000000009
730;Charlie;0.7;-1.1102230246251565e-16;0.9;1.0;-2.7755575615628914e-17;-0.10000000000000009
731;Charlie;0.7;-1.1102230246251565e-16;0.9;1.0;-2.7755575615628914e-17;-0.10000000000000009
732;Charlie;0.7;-1.1102230246251565e-16;0.9;1.0;-2.7755575615628914e-17;-0.10000000000000009
733;Charlie;0.7;-1.1102230246251565e-16;0.9;1.0;-2.7755575615628914e-17;-0.10000000000000009
734;Charlie;0.7;-1.1102230246251565e-16;0.9;1.0;-2.7755575615628914e-17;-0.10000000000000009
735;Charlie;0.7;-1.1102230246251565e-16;0.9;1.0;-2.7755575615628914e-17;-0.10000000000000009
736;Charlie;0.7;-1.1102230246251565e-16;0.9;1.0;-2.7755575615628914e-17;-0.10000000000000009
737;Charlie;0.7;-1.1102230246251565e-16;0.9;1.0;-2.7755575615628914e-17;-0.10000000000000009
738;Charlie;0.7;-1.1102230246251565e-16;0.9;1.0;-2.7755575615628914e-17;-0.10000000000000009
739;Charlie;0.7;-1.1102230246251565e-16;0.9;1.0;-2.7755575615628914e-17;-0.10000000000000009
740;Charlie;0.7;-1.1102230246251565e-16;0.9;1.0;-2.7755575615628914e-17;-0.10000000000000009
741;Charlie;0.7;-1.1102230246251565e-16;0.9;1.0;-2.7755575615628914e-17;-0.10000000000000009
742;Charlie;0.7;-1.1102230246251565e-16;0.9;1.0;-2.7755575615628914e-17;-0.10000000000000009
743;Charlie;0.7;-1.1102230246251565e-16;0.9;1.0;-2.7755575615628914e-17;-0.10000000000000009
744;Charlie;0.7;-1.1102230246251565e-16;0.9;1.0;-2.7755575615628914e-17;-0.10000000000000009
745;Charlie;0.7;-1.1102230246251565e-16;0.9;1.0;-2.7755575615628914e-17;-0.10000000000000009
746;Charlie;0.7;-1.1102230246251565e-16;0.9;1.0;-2.7755575615628914e-17;-0.10000000000000009
747;Charlie;0.7;-1.1102230246251565e-16;0.9;1.0;-2.7755575615628914e-17;-0.10000000000000009
748;Charlie;0.7;-1.1102230246251565e-16;0.9;1.0;-2.7755575615628914e-17;-0.10000000000000009
749;Charlie;0.7;-1.1102230246251565e-16;0.9;1.0;-2.7755575615628914e-17;-0.10000000000000009
750;Charlie;0.7;-1.1102230246251565e-16;0.9;1.0;-2.7755575615628914e-17;-0.10000000000000009
751;Charlie;0.7;-1.1102230246251565e-16;0.9;1.0;-2.7755575615628914e-17;-0.10000000000000009
752;Charlie;0.7;-1.1102230246251565e-16;0.9;1.0;-2.7755575615628914e-17;-0.10000000000000009
753;Charlie;0.7;-1.1102230246251565e-16;0.9;1.0;-2.7755575615628914e-17;-0.10000000000000009
754;Charlie;0.7;-1.1102230246251565e-16;0.9;1.0;-2.7755575615628914e-17;-0.10000000000000009
755;Charlie;0.7;-1.1102230246251565e-16;0.9;1.0;-2.7755575615628914e-17;-0.10000000000000009
756;Charlie;0.7;-1.1102230246251565e-16;0.9;1.0;-2.7755575615628914e-17;-0.10000000000000009
757;Charlie;0.7;-1.1102230246251565e-16;0.9;1.0;-2.7755575615628914e-17;-0.10000000000000009
758;Charlie;0.7;-1.1102230246251565e-16;0.9;1.0;-2.7755575615628914e-17;-0.10000000000000009
759;Charlie;0.7;-1.1102230246251565e-16;0.9;1.0;-2.7755575615628914e-17;-0.10000000000000009
760;Charlie;0.7;-1.1102230246251565e-16;0.9;1.0;-2.7755575615628914e-17;-0.10000000000000009
761;Charlie;0.7;-1.1102230246251565e-16;0.9;1.0;-2.7755575615628914e-17;-0.10000000000000009
762;Charlie;0.7;-1.1102230246251565e-16;0.9;1.0;-2.7755575615628914e-17;-0.10000000000000009
763;Charlie;0.7;-1.1102230246251565e-16;0.9;1.0;-2.7755575615628914e-17;-0.10000000000000009
764;Charlie;0.7;-1.1102230246251565e-16;0.9;1.0;-2.7755575615628914e-17;-0.10000000000000009
765;Charlie;0.7;-1.1102230246251565e-16;0.9;1.0;-2.7755575615628914e-17;-0.10000000000000009
766;Charlie;0.7;-1.1102230246251565e-16;0.9;1.0;-2.7755575615628914e-17;-0.10000000000000009
767;Charlie;0.7;-1.1102230246251565e-16;0.9;1.0;-2.7755575615628914e-17;-0.10000000000000009
768;Charlie;0.7;-1.1102230246251565e-16;0.9;1.0;-2.7755575615628914e-17;-0.10000000000000009
769;Charlie;0.7;-1.1102230246251565e-16;0.9;1.0;-2.7755575615628914e-17;-0.10000000000000009
770;Charlie;0.7;-1.1102230246251565e-16;0.9;1.0;-2.7755575615628914e-17;-0.10000000000000009
771;Charlie;0.7;-1.1102230246251565e-16;0.9;1.0;-2.7755575615628914e-17;-0.10000000000000009
772;Charlie;0.7;-1.1102230246251565e-16;0.9;1.0;-2.7755575615628914e-17;-0.10000000000000009
773;Charlie;0.7;-1.1102230246251565e-16;0.9;1.0;-2.7755575615628914e-17;-0.10000000000000009
774;Charlie;0.7;-1.1102230246251565e-16;0.9;1.0;-2.7755575615628914e-17;-0.10000000000000009
775;Charlie;0.7;-1.1102230246251565e-16;0.9;1.0;-2.7755575615628914e-17;-0.10000000000000009
776;Charlie;0.7;-1.1102230246251565e-16;0.9;1.0;-2.7755575615628914e-17;-0.10000000000000009
777;Charlie;0.7;-1.1102230246251565e-16;0.9;1.0;-2.7755575615628914e-17;-0.10000000000000009
778;Charlie;0.7;-1.1102230246251565e-16;0.9;1.0;-2.7755575615628914e-17;-0.10000000000000009
779;Charlie;0.7;-1.1102230246251565e-16;0.9;1.0;-2.7755575615628914e-17;-0.10000000000000009
780;Charlie;0.7;-1.1102230246251565e-16;0.9;1.0;-2.7755575615628914e-17;-0.10000000000000009
781;Charlie;0.7;-1.1102230246251565e-16;0.9;1.0;-2.7755575615628914e-17;-0.10000000000000009
782;Charlie;0.7;-1.1102230246251565e-16;0.9;1.0;-2.7755575615628914e-17;-0.10000000000000009
783;Charlie;0.7;-1.1102230246251565e-16;0.9;1.0;-2.7755575615628914e-17;-0.10000000000000009
784;Charlie;0.7;-1.1102230246251565e-16;0.9;1.0;-2.7755575615628914e-17;-0.10000000000000009
785;Charlie;0.7;-1.1102230246251565e-16;0.9;1.0;-2.7755575615628914e-17;-0.10000000000000009
786;Charlie;0.7;-1.1102230246251565e-16;0.9;1.0;-2.7755575615628914e-17;-0.10000000000000009
787;Charlie;0.7;-1.1102230246251565e-16;0.9;1.0;-2.7755575615628914e-17;-0.10000000000000009
788;Charlie;0.7;-1.1102230246251565e-16;0.9;1.0;-2.7755575615628914e-17;-0.10000000000000009
789;Charlie;0.7;-1.1102230246251565e-16;0.9;1.0;-2.7755575615628914e-17;-0.10000000000000009
790;Charlie;0.7;-1.1102230246251565e-16;0.9;1.0;-2.7755575615628914e-17;-0.10000000000000009
791;Charlie;0.7;-1.1102230246251565e-16;0.9;1.0;-2.7755575615628914e-17;-0.10000000000000009
792;Charlie;0.7;-1.1102230246251565e-16;0.9;1.0;-2.7755575615628914e-17;-0.10000000000000009
793;Charlie;0.7;-1.1102230246251565e-16;0.9;1.0;-2.7755575615628914e-17;-0.10000000000000009
794;Charlie;0.7;-1.1102230246251565e-16;0.9;1.0;-2.7755575615628914e-17;-0.10000000000000009
795;Charlie;0.7;-1.1102230246251565e-16;0.9;1.0;-2.7755575615628914e-17;-0.10000000000000009
796;Charlie;0.7;-1.1102230246251565e-16;0.9;1.0;-2.7755575615628914e-17;-0.10000000000000009
797;Charlie;0.7;-1.1102230246251565e-16;0.9;1.0;-2.7755575615628914e-17;-0.10000000000000009
798;Charlie;0.7;-1.1102230246251565e-16;0.9;1.0;-2.7755575615628914e-17;-0.10000000000000009
799;Charlie;0.7;-1.1102230246251565e-16;0.9;1.0;-2.7755575615628914e-17;-0.10000000000000009
800;Charlie;0.7;-1.1102230246251565e-16;0.9;1.0;-2.7755575615628914e-17;-0.10000000000000009
801;Charlie;0.7;-1.1102230246251565e-16;0.9;1.0;-2.7755575615628914e-17;-0.10000000000000009
802;Charlie;0.7;-1.1102230246251565e-16;0.9;1.0;-2.7755575615628914e-17;-0.10000000000000009
803;Charlie;0.7;-1.1102230246251565e-16;0.9;1.0;-2.7755575615628914e-17;-0.10000000000000009
804;Charlie;0.7;-1.1102230246251565e-16;0.9;1.0;-2.7755575615628914e-17;-0.10000000000000009
805;Charlie;0.7;-1.1102230246251565e-16;0.9;1.0;-2.7755575615628914e-17;-0.10000000000000009
806;Charlie;0.7;-1.1102230246251565e-16;0.9;1.0;-2.7755575615628914e-17;-0.10000000000000009
807;Charlie;0.7;-1.1102230246251565e-16;0.9;1.0;-2.7755575615628914e-17;-0.10000000000000009
808;Charlie;0.7;-1.1102230246251565e-16;0.9;1.0;-2.7755575615628914e-17;-0.10000000000000009
809;Charlie;0.7;-1.1102230246251565e-16;0.9;1.0;-2.7755575615628914e-17;-0.10000000000000009
810;Charlie;0.7;-1.1102230246251565e-16;0.9;1.0;-2.7755575615628914e-17;-0.10000000000000009
811;Charlie;0.7;-1.1102230246251565e-16;0.9;1.0;-2.7755575615628914e-17;-0.10000000000000009
812;Charlie;0.7;-1.1102230246251565e-16;0.9;1.0;-2.7755575615628914e-17;-0.10000000000000009
813;Charlie;0.7;-1.1102230246251565e-16;0.9;1.0;-2.7755575615628914e-17;-0.10000000000000009
814;Charlie;0.7;-1.1102230246251565e-16;0.9;1.0;-2.7755575615628914e-17;-0.10000000000000009
815;Charlie;0.7;-1.1102230246251565e-16;0.9;1.0;-2.7755575615628914e-17;-0.10000000000000009
816;Charlie;0.7;-1.1102230246251565e-16;0.9;1.0;-2.7755575615628914e-17;-0.10000000000000009
817;Charlie;0.7;-1.1102230246251565e-16;0.9;1.0;-2.7755575615628914e-17;-0.10000000000000009
818;Charlie;0.7;-1.1102230246251565e-16;0.9;1.0;-2.7755575615628914e-17;-0.10000000000000009
819;Charlie;0.7;-1.1102230246251565e-16;0.9;1.0;-2.7755575615628914e-17;-0.10000000000000009
820;Charlie;0.7;-1.1102230246251565e-16;0.9;1.0;-2.7755575615628914e-17;-0.10000000000000009
821;Charlie;0.7;-1.1102230246251565e-16;0.9;1.0;-2.7755575615628914e-17;-0.10000000000000009
822;Charlie;0.7;-1.1102230246251565e-16;0.9;1.0;-2.7755575615628914e-17;-0.10000000000000009
823;Charlie;0.7;-1.1102230246251565e-16;0.9;1.0;-2.7755575615628914e-17;-0.10000000000000009
824;Charlie;0.7;-1.1102230246251565e-16;0.9;1.0;-2.7755575615628914e-17;-0.10000000000000009
825;Charlie;0.7;-1.1102230246251565e-16;0.9;1.0;-2.7755575615628914e-17;-0.10000000000000009
826;Charlie;0.7;-1.1102230246251565e-16;0.9;1.0;-2.7755575615628914e-17;-0.10000000000000009
827;Charlie;0.7;-1.1102230246251565e-16;0.9;1.0;-2.7755575615628914e-17;-0.10000000000000009
828;Charlie;0.7;-1.1102230246251565e-16;0.9;1.0;-2.7755575615628914e-17;-0.10000000000000009
829;Charlie;0.7;-1.1102230246251565e-16;0.9;1.0;-2.7755575615628914e-17;-0.10000000000000009
830;Charlie;0.7;-1.1102230246251565e-16;0.9;1.0;-2.7755575615628914e-17;-0.10000000000000009
831;Charlie;0.7;-1.1102230246251565e-16;0.9;1.0;-2.7755575615628914e-17;-0.10000000000000009
832;Charlie;0.7;-1.1102230246251565e-16;0.9;1.0;-2.7755575615628914e-17;-0.10000000000000009
833;Charlie;0.7;-1.1102230246251565e-16;0.9;1.0;-2.7755575615628914e-17;-0.10000000000000009
834;Charlie;0.7;-1.1102230246251565e-16;0.9;1.0;-2.7755575615628914e-17;-0.10000000000000009
835;Charlie;0.7;-1.1102230246251565e-16;0.9;1.0;-2.7755575615628914e-17;-0.10000000000000009
836;Charlie;0.7;-1.1102230246251565e-16;0.9;1.0;-2.7755575615628914e-17;-0.10000000000000009
837;Charlie;0.7;-1.1102230246251565e-16;0.9;1.0;-2.7755575615628914e-17;-0.10000000000000009
838;Charlie;0.7;-1.1102230246251565e-16;0.9;1.0;-2.7755575615628914e-17;-0.10000000000000009
839;Charlie;0.7;-1.1102230246251565e-16;0.9;1.0;-2.7755575615628914e-17;-0.10000000000000009
840;Charlie;0.7;-1.1102230246251565e-16;0.9;1.0;-2.7755575615628914e-17;-0.10000000000000009
841;Charlie;0.7;-1.1102230246251565e-16;0.9;1.0;-2.7755575615628914e-17;-0.10000000000000009
842;Charlie;0.7;-1.1102230246251565e-16;0.9;1.0;-2.7755575615628914e-17;-0.10000000000000009
843;Charlie;0.7;-1.1102230246251565e-16;0.9;1.0;-2.7755575615628914e-17;-0.10000000000000009
844;Charlie;0.7;-1.1102230246251565e-16;0.9;1.0;-2.7755575615628914e-17;-0.10000000000000009
845;Charlie;0.7;-1.1102230246251565e-16;0.9;1.0;-2.7755575615628914e-17;-0.10000000000000009
846;Charlie;0.7;-1.1102230246251565e-16;0.9;1.0;-2.7755575615628914e-17;-0.10000000000000009
847;Charlie;0.7;-1.1102230246251565e-16;0.9;1.0;-2.7755575615628914e-17;-0.10000000000000009
848;Charlie;0.7;-1.1102230246251565e-16;0.9;1.0;-2.7755575615628914e-17;-0.10000000000000009
849;Charlie;0.7;-1.1102230246251565e-16;0.9;1.0;-2.7755575615628914e-17;-0.10000000000000009
850;Charlie;0.7;-1.1102230246251565e-16;0.9;1.0;-2.7755575615628914e-17;-0.10000000000000009
851;Charlie;0.7;-1.1102230246251565e-16;0.9;1.0;-2.7755575615628914e-17;-0.10000000000000009
852;Charlie;0.7;-1.1102230246251565e-16;0.9;1.0;-2.7755575615628914e-17;-0.10000000000000009
853;Charlie;0.7;-1.1102230246251565e-16;0.9;1.0;-2.7755575615628914e-17;-0.10000000000000009
854;Charlie;0.7;-1.1102230246251565e-16;0.9;1.0;-2.7755575615628914e-17;-0.10000000000000009
855;Charlie;0.7;-1.1102230246251565e-16;0.9;1.0;-2.7755575615628914e-17;-0.10000000000000009
856;Charlie;0.7;-1.1102230246251565e-16;0.9;1.0;-2.7755575615628914e-17;-0.10000000000000009
857;Charlie;0.7;-1.1102230246251565e-16;0.9;1.0;-2.7755575615628914e-17;-0.10000000000000009
858;Charlie;0.7;-1.1102230246251565e-16;0.9;1.0;-2.7755575615628914e-17;-0.10000000000000009
859;Charlie;0.7;-1.1102230246251565e-16;0.9;1.0;-2.7755575615628914e-17;-0.10000000000000009
860;Charlie;0.7;-1.1102230246251565e-16;0.9;1.0;-2.7755575615628914e-17;-0.10000000000000009
861;Charlie;0.7;-1.1102230246251565e-16;0.9;1.0;-2.7755575615628914e-17;-0.10000000000000009
862;Charlie;0.7;-1.1102230246251565e-16;0.9;1.0;-2.7755575615628914e-17;-0.10000000000000009
863;Charlie;0.7;-1.1102230246251565e-16;0.9;1.0;-2.7755575615628914e-17;-0.10000000000000009
864;Charlie;0.7;-1.1102230246251565e-16;0.9;1.0;-2.7755575615628914e-17;-0.10000000000000009
865;Charlie;0.7;-1.1102230246251565e-16;0.9;1.0;-2.7755575615628914e-17;-0.10000000000000009
866;Charlie;0.7;-1.1102230246251565e-16;0.9;1.0;-2.7755575615628914e-17;-0.10000000000000009
867;Charlie;0.7;-1.1102230246251565e-16;0.9;1.0;-2.7755575615628914e-17;-0.10000000000000009
868;Charlie;0.7;-1.1102230246251565e-16;0.9;1.0;-2.7755575615628914e-17;-0.10000000000000009
869;Charlie;0.7;-1.1102230246251565e-16;0.9;1.0;-2.7755575615628914e-17;-0.10000000000000009
870;Charlie;0.7;-1.1102230246251565e-16;0.9;1.0;-2.7755575615628914e-17;-0.10000000000000009
871;Charlie;0.7;-1.1102230246251565e-16;0.9;1.0;-2.7755575615628914e-17;-0.10000000000000009
872;Charlie;0.7;-1.1102230246251565e-16;0.9;1.0;-2.7755575615628914e-17;-0.10000000000000009
873;Charlie;0.7;-1.1102230246251565e-16;0.9;1.0;-2.7755575615628914e-17;-0.10000000000000009
874;Charlie;0.7;-1.1102230246251565e-16;0.9;1.0;-2.7755575615628914e-17;-0.10000000000000009
875;Charlie;0.7;-1.1102230246251565e-16;0.9;1.0;-2.7755575615628914e-17;-0.10000000000000009
876;Charlie;0.7;-1.1102230246251565e-16;0.9;1.0;-2.7755575615628914e-17;-0.10000000000000009
877;Charlie;0.7;-1.1102230246251565e-16;0.9;1.0;-2.7755575615628914e-17;-0.10000000000000009
878;Charlie;0.7;-1.1102230246251565e-16;0.9;1.0;-2.7755575615628914e-17;-0.10000000000000009
879;Charlie;0.7;-1.1102230246251565e-16;0.9;1.0;-2.7755575615628914e-17;-0.10000000000000009
880;Charlie;0.7;-1.1102230246251565e-16;0.9;1.0;-2.7755575615628914e-17;-0.10000000000000009
881;Charlie;0.7;-1.1102230246251565e-16;0.9;1.0;-2.7755575615628914e-17;-0.10000000000000009
882;Charlie;0.7;-1.1102230246251565e-16;0.9;1.0;-2.7755575615628914e-17;-0.10000000000000009
883;Charlie;0.7;-1.1102230246251565e-16;0.9;1.0;-2.7755575615628914e-17;-0.10000000000000009
884;Charlie;0.7;-1.1102230246251565e-16;0.9;1.0;-2.7755575615628914e-17;-0.10000000000000009
885;Charlie;0.7;-1.1102230246251565e-16;0.9;1.0;-2.7755575615628914e-17;-0.10000000000000009
886;Charlie;0.7;-1.1102230246251565e-16;0.9;1.0;-2.7755575615628914e-17;-0.10000000000000009
887;Charlie;0.7;-1.1102230246251565e-16;0.9;1.0;-2.7755575615628914e-17;-0.10000000000000009
888;Charlie;0.7;-1.1102230246251565e-16;0.9;1.0;-2.7755575615628914e-17;-0.10000000000000009
889;Charlie;0.7;-1.1102230246251565e-16;0.9;1.0;-2.7755575615628914e-17;-0.10000000000000009
890;Charlie;0.7;-1.1102230246251565e-16;0.9;1.0;-2.7755575615628914e-17;-0.10000000000000009
891;Charlie;0.7;-1.1102230246251565e-16;0.9;1.0;-2.7755575615628914e-17;-0.10000000000000009
892;Charlie;0.7;-1.1102230246251565e-16;0.9;1.0;-2.7755575615628914e-17;-0.10000000000000009
893;Charlie;0.7;-1.1102230246251565e-16;0.9;1.0;-2.7755575615628914e-17;-0.10000000000000009
894;Charlie;0.7;-1.1102230246251565e-16;0.9;1.0;-2.7755575615628914e-17;-0.10000000000000009
895;Charlie;0.7;-1.1102230246251565e-16;0.9;1.0;-2.7755575615628914e-17;-0.10000000000000009
896;Charlie;0.7;-1.1102230246251565e-16;0.9;1.0;-2.7755575615628914e-17;-0.10000000000000009
897;Charlie;0.7;-1.1102230246251565e-16;0.9;1.0;-2.7755575615628914e-17;-0.10000000000000009
898;Charlie;0.7;-1.1102230246251565e-16;0.9;1.0;-2.7755575615628914e-17;-0.10000000000000009
899;Charlie;0.7;-1.1102230246251565e-16;0.9;1.0;-2.7755575615628914e-17;-0.10000000000000009
900;Charlie;0.7;-1.1102230246251565e-16;0.9;1.0;-2.7755575615628914e-17;-0.10000000000000009
901;Charlie;0.7;-1.1102230246251565e-16;0.9;1.0;-2.7755575615628914e-17;-0.10000000000000009
902;Charlie;0.7;-1.1102230246251565e-16;0.9;1.0;-2.7755575615628914e-17;-0.10000000000000009
903;Charlie;0.7;-1.1102230246251565e-16;0.9;1.0;-2.7755575615628914e-17;-0.10000000000000009
904;Charlie;0.7;-1.1102230246251565e-16;0.9;1.0;-2.7755575615628914e-17;-0.10000000000000009
905;Charlie;0.7;-1.1102230246251565e-16;0.9;1.0;-2.7755575615628914e-17;-0.10000000000000009
906;Charlie;0.7;-1.1102230246251565e-16;0.9;1.0;-2.7755575615628914e-17;-0.10000000000000009
907;Charlie;0.7;-1.1102230246251565e-16;0.9;1.0;-2.7755575615628914e-17;-0.10000000000000009
908;Charlie;0.7;-1.1102230246251565e-16;0.9;1.0;-2.7755575615628914e-17;-0.10000000000000009
909;Charlie;0.7;-1.1102230246251565e-16;0.9;1.0;-2.7755575615628914e-17;-0.10000000000000009
910;Charlie;0.7;-1.1102230246251565e-16;0.9;1.0;-2.7755575615628914e-17;-0.10000000000000009
911;Charlie;0.7;-1.1102230246251565e-16;0.9;1.0;-2.7755575615628914e-17;-0.10000000000000009
912;Charlie;0.7;-1.1102230246251565e-16;0.9;1.0;-2.7755575615628914e-17;-0.10000000000000009
913;Charlie;0.7;-1.1102230246251565e-16;0.9;1.0;-2.7755575615628914e-17;-0.10000000000000009
914;Charlie;0.7;-1.1102230246251565e-16;0.9;1.0;-2.7755575615628914e-17;-0.10000000000000009
915;Charlie;0.7;-1.1102230246251565e-16;0.9;1.0;-2.7755575615628914e-17;-0.10000000000000009
916;Charlie;0.7;-1.1102230246251565e-16;0.9;1.0;-2.7755575615628914e-17;-0.10000000000000009
917;Charlie;0.7;-1.1102230246251565e-16;0.9;1.0;-2.7755575615628914e-17;-0.10000000000000009
918;Charlie;0.7;-1.1102230246251565e-16;0.9;1.0;-2.7755575615628914e-17;-0.10000000000000009
919;Charlie;0.7;-1.1102230246251565e-16;0.9;1.0;-2.7755575615628914e-17;-0.10000000000000009
920;Charlie;0.7;-1.1102230246251565e-16;0.9;1.0;-2.7755575615628914e-17;-0.10000000000000009
921;Charlie;0.7;-1.1102230246251565e-16;0.9;1.0;-2.7755575615628914e-17;-0.10000000000000009
922;Charlie;0.7;-1.1102230246251565e-16;0.9;1.0;-2.7755575615628914e-17;-0.10000000000000009
923;Charlie;0.7;-1.1102230246251565e-16;0.9;1.0;-2.7755575615628914e-17;-0.10000000000000009
924;Charlie;0.7;-1.1102230246251565e-16;0.9;1.0;-2.7755575615628914e-17;-0.10000000000000009
925;Charlie;0.7;-1.1102230246251565e-16;0.9;1.0;-2.7755575615628914e-17;-0.10000000000000009
926;Charlie;0.7;-1.1102230246251565e-16;0.9;1.0;-2.7755575615628914e-17;-0.10000000000000009
927;Charlie;0.7;-1.1102230246251565e-16;0.9;1.0;-2.7755575615628914e-17;-0.10000000000000009
928;Charlie;0.7;-1.1102230246251565e-16;0.9;1.0;-2.7755575615628914e-17;-0.10000000000000009
929;Charlie;0.7;-1.1102230246251565e-16;0.9;1.0;-2.7755575615628914e-17;-0.10000000000000009
930;Charlie;0.7;-1.1102230246251565e-16;0.9;1.0;-2.7755575615628914e-17;-0.10000000000000009
931;Charlie;0.7;-1.1102230246251565e-16;0.9;1.0;-2.7755575615628914e-17;-0.10000000000000009
932;Charlie;0.7;-1.1102230246251565e-16;0.9;1.0;-2.7755575615628914e-17;-0.10000000000000009
933;Charlie;0.7;-1.1102230246251565e-16;0.9;1.0;-2.7755575615628914e-17;-0.10000000000000009
934;Charlie;0.7;-1.1102230246251565e-16;0.9;1.0;-2.7755575615628914e-17;-0.10000000000000009
935;Charlie;0.7;-1.1102230246251565e-16;0.9;1.0;-2.7755575615628914e-17;-0.10000000000000009
936;Charlie;0.7;-1.1102230246251565e-16;0.9;1.0;-2.7755575615628914e-17;-0.10000000000000009
937;Charlie;0.7;-1.1102230246251565e-16;0.9;1.0;-2.7755575615628914e-17;-0.10000000000000009
938;Charlie;0.7;-1.1102230246251565e-16;0.9;1.0;-2.7755575615628914e-17;-0.10000000000000009
939;Charlie;0.7;-1.1102230246251565e-16;0.9;1.0;-2.7755575615628914e-17;-0.10000000000000009
940;Charlie;0.7;-1.1102230246251565e-16;0.9;1.0;-2.7755575615628914e-17;-0.10000000000000009
941;Charlie;0.7;-1.1102230246251565e-16;0.9;1.0;-2.7755575615628914e-17;-0.10000000000000009
942;Charlie;0.7;-1.1102230246251565e-16;0.9;1.0;-2.7755575615628914e-17;-0.10000000000000009
943;Charlie;0.7;-1.1102230246251565e-16;0.9;1.0;-2.7755575615628914e-17;-0.10000000000000009
944;Charlie;0.7;-1.1102230246251565e-16;0.9;1.0;-2.7755575615628914e-17;-0.10000000000000009
945;Charlie;0.7;-1.1102230246251565e-16;0.9;1.0;-2.7755575615628914e-17;-0.10000000000000009
946;Charlie;0.7;-1.1102230246251565e-16;0.9;1.0;-2.7755575615628914e-17;-0.10000000000000009
947;Charlie;0.7;-1.1102230246251565e-16;0.9;1.0;-2.7755575615628914e-17;-0.10000000000000009
948;Charlie;0.7;-1.1102230246251565e-16;0.9;1.0;-2.7755575615628914e-17;-0.10000000000000009
949;Charlie;0.7;-1.1102230246251565e-16;0.9;1.0;-2.7755575615628914e-17;-0.10000000000000009
950;Charlie;0.7;-1.1102230246251565e-16;0.9;1.0;-2.7755575615628914e-17;-0.10000000000000009
951;Charlie;0.7;-1.1102230246251565e-16;0.9;1.0;-2.7755575615628914e-17;-0.10000000000000009
952;Charlie;0.7;-1.1102230246251565e-16;0.9;1.0;-2.7755575615628914e-17;-0.10000000000000009
953;Charlie;0.7;-1.1102230246251565e-16;0.9;1.0;-2.7755575615628914e-17;-0.10000000000000009
954;Charlie;0.7;-1.1102230246251565e-16;0.9;1.0;-2.7755575615628914e-17;-0.10000000000000009
955;Charlie;0.7;-1.1102230246251565e-16;0.9;1.0;-2.7755575615628914e-17;-0.10000000000000009
956;Charlie;0.7;-1.1102230246251565e-16;0.9;1.0;-2.7755575615628914e-17;-0.10000000000000009
957;Charlie;0.7;-1.1102230246251565e-16;0.9;1.0;-2.7755575615628914e-17;-0.10000000000000009
958;Charlie;0.7;-1.1102230246251565e-16;0.9;1.0;-2.7755575615628914e-17;-0.10000000000000009
959;Charlie;0.7;-1.1102230246251565e-16;0.9;1.0;-2.7755575615628914e-17;-0.10000000000000009
960;Charlie;0.7;-1.1102230246251565e-16;0.9;1.0;-2.7755575615628914e-17;-0.10000000000000009
961;Charlie;0.7;-1.1102230246251565e-16;0.9;1.0;-2.7755575615628914e-17;-0.10000000000000009
962;Charlie;0.7;-1.1102230246251565e-16;0.9;1.0;-2.7755575615628914e-17;-0.10000000000000009
963;Charlie;0.7;-1.1102230246251565e-16;0.9;1.0;-2.7755575615628914e-17;-0.10000000000000009
964;Charlie;0.7;-1.1102230246251565e-16;0.9;1.0;-2.7755575615628914e-17;-0.10000000000000009
965;Charlie;0.7;-1.1102230246251565e-16;0.9;1.0;-2.7755575615628914e-17;-0.10000000000000009
966;Charlie;0.7;-1.1102230246251565e-16;0.9;1.0;-2.7755575615628914e-17;-0.10000000000000009
967;Charlie;0.7;-1.1102230246251565e-16;0.9;1.0;-2.7755575615628914e-17;-0.10000000000000009
968;Charlie;0.7;-1.1102230246251565e-16;0.9;1.0;-2.7755575615628914e-17;-0.10000000000000009
969;Charlie;0.7;-1.1102230246251565e-16;0.9;1.0;-2.7755575615628914e-17;-0.10000000000000009
970;Charlie;0.7;-1.1102230246251565e-16;0.9;1.0;-2.7755575615628914e-17;-0.10000000000000009
971;Charlie;0.7;-1.1102230246251565e-16;0.9;1.0;-2.7755575615628914e-17;-0.10000000000000009
972;Charlie;0.7;-1.1102230246251565e-16;0.9;1.0;-2.7755575615628914e-17;-0.10000000000000009
973;Charlie;0.7;-1.1102230246251565e-16;0.9;1.0;-2.7755575615628914e-17;-0.10000000000000009
982;Charlie;0.7;-1.1102230246251565e-16;1.0;1.0;-2.7755575615628914e-17;-0.10000000000000009
991;Charlie;0.7;-1.1102230246251565e-16;1.0;1.0;-2.7755575615628914e-17;-0.10000000000000009
1000;Charlie;0.7;-1.1102230246251565e-16;1.0;1.0;-2.7755575615628914e-17;-0.10000000000000009
1009;Charlie;0.7;-1.1102230246251565e-16;1.0;1.0;-2.7755575615628914e-17;-0.10000000000000009
1018;Charlie;0.7;-1.1102230246251565e-16;1.0;1.0;-2.7755575615628914e-17;-0.10000000000000009
1032;Charlie;0.7;-1.1102230246251565e-16;1.0;1.0;-2.7755575615628914e-17;-0.10000000000000009
1041;Charlie;0.7;-1.1102230246251565e-16;1.0;1.0;-2.7755575615628914e-17;-0.10000000000000009
1050;Charlie;0.7;-1.1102230246251565e-16;1.0;1.0;-2.7755575615628914e-17;-0.10000000000000009
1059;Charlie;0.7;-1.1102230246251565e-16;1.0;1.0;-2.7755575615628914e-17;-0.10000000000000009
1068;Charlie;0.7;-1.1102230246251565e-16;1.0;1.0;-2.7755575615628914e-17;-0.10000000000000009
1077;Charlie;0.7;-1.1102230246251565e-16;1.0;1.0;-2.7755575615628914e-17;-0.10000000000000009
1086;Charlie;0.7;-1.1102230246251565e-16;1.0;1.0;-2.7755575615628914e-17;-0.10000000000000009
1095;Charlie;0.7;-1.1102230246251565e-16;1.0;1.0;-2.7755575615628914e-17;-0.10000000000000009
1109;Charlie;0.7;-1.1102230246251565e-16;1.0;1.0;-2.7755575615628914e-17;-0.10000000000000009
1123;Charlie;0.7;-1.1102230246251565e-16;1.0;1.0;-2.7755575615628914e-17;-0.10000000000000009
1137;Charlie;0.7;-1.1102230246251565e-16;1.0;1.0;-2.7755575615628914e-17;-0.10000000000000009
1338;Charlie;0.7;-1.1102230246251565e-16;1.0;1.0;-2.7755575615628914e-17;-0.10000000000000009
1347;Charlie;0.7;-1.1102230246251565e-16;1.0;1.0;-2.7755575615628914e-17;-0.10000000000000009
1356;Charlie;0.7;-1.1102230246251565e-16;1.0;1.0;-2.7755575615628914e-17;-0.10000000000000009
1365;Charlie;0.7;-1.1102230246251565e-16;1.0;1.0;-2.7755575615628914e-17;-0.10000000000000009
1374;Charlie;0.7;-1.1102230246251565e-16;1.0;1.0;-2.7755575615628914e-17;-0.10000000000000009
1383;Charlie;0.7;-1.1102230246251565e-16;1.0;1.0;-2.7755575615628914e-17;-0.10000000000000009
1384;Charlie;0.7;-1.1102230246251565e-16;1.0;1.0;-2.7755575615628914e-17;-0.10000000000000009
1385;Charlie;0.7;-1.1102230246251565e-16;1.0;1.0;-2.7755575615628914e-17;-0.10000000000000009
1386;Charlie;0.7;-1.1102230246251565e-16;1.0;1.0;-2.7755575615628914e-17;-0.10000000000000009
1387;Charlie;0.7;-1.1102230246251565e-16;1.0;1.0;-2.7755575615628914e-17;-0.10000000000000009
1388;Charlie;0.7;-1.1102230246251565e-16;1.0;1.0;-2.7755575615628914e-17;-0.10000000000000009
1389;Charlie;0.7;-1.1102230246251565e-16;1.0;1.0;-2.7755575615628914e-17;-0.10000000000000009
1390;Charlie;0.7;-1.1102230246251565e-16;1.0;1.0;-2.7755575615628914e-17;-0.10000000000000009
1391;Charlie;0.7;-1.1102230246251565e-16;1.0;1.0;-2.7755575615628914e-17;-0.10000000000000009
1392;Charlie;0.7;-1.1102230246251565e-16;1.0;1.0;-2.7755575615628914e-17;-0.10000000000000009
1393;Charlie;0.7;-1.1102230246251565e-16;1.0;1.0;-2.7755575615628914e-17;-0.10000000000000009
1394;Charlie;0.7;-1.1102230246251565e-16;1.0;1.0;-2.7755575615628914e-17;-0.10000000000000009
1395;Charlie;0.7;-1.1102230246251565e-16;1.0;1.0;-2.7755575615628914e-17;-0.10000000000000009
1396;Charlie;0.7;-1.1102230246251565e-16;1.0;1.0;-2.7755575615628914e-17;-0.10000000000000009
1397;Charlie;0.7;-1.1102230246251565e-16;1.0;1.0;-2.7755575615628914e-17;-0.10000000000000009
1398;Charlie;0.7;-1.1102230246251565e-16;1.0;1.0;-2.7755575615628914e-17;-0.10000000000000009
1399;Charlie;0.7;-1.1102230246251565e-16;1.0;1.0;-2.7755575615628914e-17;-0.10000000000000009
1400;Charlie;0.7;-1.1102230246251565e-16;1.0;1.0;-2.7755575615628914e-17;-0.10000000000000009
1401;Charlie;0.7;-1.1102230246251565e-16;1.0;1.0;-2.7755575615628914e-17;-0.10000000000000009
1402;Charlie;0.7;-1.1102230246251565e-16;1.0;1.0;-2.7755575615628914e-17;-0.10000000000000009
1403;Charlie;0.7;-1.1102230246251565e-16;1.0;1.0;-2.7755575615628914e-17;-0.10000000000000009
1404;Charlie;0.7;-1.1102230246251565e-16;1.0;1.0;-2.7755575615628914e-17;-0.10000000000000009
1405;Charlie;0.7;-1.1102230246251565e-16;1.0;1.0;-2.7755575615628914e-17;-0.10000000000000009
1406;Charlie;0.7;-1.1102230246251565e-16;1.0;1.0;-2.7755575615628914e-17;-0.10000000000000009
1407;Charlie;0.7;-1.1102230246251565e-16;1.0;1.0;-2.7755575615628914e-17;-0.10000000000000009
1408;Charlie;0.7;-1.1102230246251565e-16;1.0;1.0;-2.7755575615628914e-17;-0.10000000000000009
1409;Charlie;0.7;-1.1102230246251565e-16;1.0;1.0;-2.7755575615628914e-17;-0.10000000000000009
1410;Charlie;0.7;-1.1102230246251565e-16;1.0;1.0;-2.7755575615628914e-17;-0.10000000000000009
1411;Charlie;0.7;-1.1102230246251565e-16;1.0;1.0;-2.7755575615628914e-17;-0.10000000000000009
1412;Charlie;0.7;-1.1102230246251565e-16;1.0;1.0;-2.7755575615628914e-17;-0.10000000000000009
1413;Charlie;0.7;-1.1102230246251565e-16;1.0;1.0;-2.7755575615628914e-17;-0.10000000000000009
1414;Charlie;0.7;-1.1102230246251565e-16;1.0;1.0;-2.7755575615628914e-17;-0.10000000000000009
1415;Charlie;0.7;-1.1102230246251565e-16;1.0;1.0;-2.7755575615628914e-17;-0.10000000000000009
1416;Charlie;0.7;-1.1102230246251565e-16;1.0;1.0;-2.7755575615628914e-17;-0.10000000000000009
1417;Charlie;0.7;-1.1102230246251565e-16;1.0;1.0;-2.7755575615628914e-17;-0.10000000000000009
1418;Charlie;0.7;-1.1102230246251565e-16;1.0;1.0;-2.7755575615628914e-17;-0.10000000000000009
1419;Charlie;0.7;-1.1102230246251565e-16;1.0;1.0;-2.7755575615628914e-17;-0.10000000000000009
1420;Charlie;0.7;-1.1102230246251565e-16;1.0;1.0;-2.7755575615628914e-17;-0.10000000000000009
1421;Charlie;0.7;-1.1102230246251565e-16;1.0;1.0;-2.7755575615628914e-17;-0.10000000000000009
1422;Charlie;0.7;-1.1102230246251565e-16;1.0;1.0;-2.7755575615628914e-17;-0.10000000000000009
1423;Charlie;0.7;-1.1102230246251565e-16;1.0;1.0;-2.7755575615628914e-17;-0.10000000000000009
1424;Charlie;0.7;-1.1102230246251565e-16;1.0;1.0;-2.7755575615628914e-17;-0.10000000000000009
1425;Charlie;0.7;-1.1102230246251565e-16;1.0;1.0;-2.7755575615628914e-17;-0.10000000000000009
1426;Charlie;0.7;-1.1102230246251565e-16;1.0;1.0;-2.7755575615628914e-17;-0.10000000000000009
1427;Charlie;0.7;-1.1102230246251565e-16;1.0;1.0;-2.7755575615628914e-17;-0.10000000000000009
1428;Charlie;0.7;-1.1102230246251565e-16;1.0;1.0;-2.7755575615628914e-17;-0.10000000000000009
1429;Charlie;0.7;-1.1102230246251565e-16;1.0;1.0;-2.7755575615628914e-17;-0.10000000000000009
1430;Charlie;0.7;-1.1102230246251565e-16;1.0;1.0;-2.7755575615628914e-17;-0.10000000000000009
1431;Charlie;0.7;-1.1102230246251565e-16;1.0;1.0;-2.7755575615628914e-17;-0.10000000000000009
1432;Charlie;0.7;-1.1102230246251565e-16;1.0;1.0;-2.7755575615628914e-17;-0.10000000000000009
1433;Charlie;0.7;-1.1102230246251565e-16;1.0;1.0;-2.7755575615628914e-17;-0.10000000000000009
1434;Charlie;0.7;-1.1102230246251565e-16;1.0;1.0;-2.7755575615628914e-17;-0.10000000000000009
1435;Charlie;0.7;-1.1102230246251565e-16;1.0;1.0;-2.7755575615628914e-17;-0.10000000000000009
1436;Charlie;0.7;-1.1102230246251565e-16;1.0;1.0;-2.7755575615628914e-17;-0.10000000000000009
1437;Charlie;0.7;-1.1102230246251565e-16;1.0;1.0;-2.7755575615628914e-17;-0.10000000000000009
1438;Charlie;0.7;-1.1102230246251565e-16;1.0;1.0;-2.7755575615628914e-17;-0.10000000000000009
1439;Charlie;0.7;-1.1102230246251565e-16;1.0;1.0;-2.7755575615628914e-17;-0.10000000000000009
1440;Charlie;0.7;-1.1102230246251565e-16;1.0;1.0;-2.7755575615628914e-17;-0.10000000000000009
1441;Charlie;0.7;-1.1102230246251565e-16;1.0;1.0;-2.7755575615628914e-17;-0.10000000000000009
1442;Charlie;0.7;-1.1102230246251565e-16;1.0;1.0;-2.7755575615628914e-17;-0.10000000000000009
1443;Charlie;0.7;-1.1102230246251565e-16;1.0;1.0;-2.7755575615628914e-17;-0.10000000000000009
1444;Charlie;0.7;-1.1102230246251565e-16;1.0;1.0;-2.7755575615628914e-17;-0.10000000000000009
1445;Charlie;0.7;-1.1102230246251565e-16;1.0;1.0;-2.7755575615628914e-17;-0.10000000000000009
1446;Charlie;0.7;-1.1102230246251565e-16;1.0;1.0;-2.7755575615628914e-17;-0.10000000000000009
1447;Charlie;0.7;-1.1102230246251565e-16;1.0;1.0;-2.7755575615628914e-17;-0.10000000000000009
1448;Charlie;0.7;-1.1102230246251565e-16;1.0;1.0;-2.7755575615628914e-17;-0.10000000000000009
1449;Charlie;0.7;-1.1102230246251565e-16;1.0;1.0;-2.7755575615628914e-17;-0.10000000000000009
1450;Charlie;0.7;-1.1102230246251565e-16;1.0;1.0;-2.7755575615628914e-17;-0.10000000000000009
1451;Charlie;0.7;-1.1102230246251565e-16;1.0;1.0;-2.7755575615628914e-17;-0.10000000000000009
1452;Charlie;0.7;-1.1102230246251565e-16;1.0;1.0;-2.7755575615628914e-17;-0.10000000000000009
1453;Charlie;0.7;-1.1102230246251565e-16;1.0;1.0;-2.7755575615628914e-17;-0.10000000000000009
1454;Charlie;0.7;-1.1102230246251565e-16;1.0;1.0;-2.7755575615628914e-17;-0.10000000000000009
1455;Charlie;0.7;-1.1102230246251565e-16;1.0;1.0;-2.7755575615628914e-17;-0.10000000000000009
1456;Charlie;0.7;-1.1102230246251565e-16;1.0;1.0;-2.7755575615628914e-17;-0.10000000000000009
1457;Charlie;0.7;-1.1102230246251565e-16;1.0;1.0;-2.7755575615628914e-17;-0.10000000000000009
1458;Charlie;0.7;-1.1102230246251565e-16;1.0;1.0;-2.7755575615628914e-17;-0.10000000000000009
1459;Charlie;0.7;-1.1102230246251565e-16;1.0;1.0;-2.7755575615628914e-17;-0.10000000000000009
1460;Charlie;0.7;-1.1102230246251565e-16;1.0;1.0;-2.7755575615628914e-17;-0.10000000000000009
1461;Charlie;0.7;-1.1102230246251565e-16;1.0;1.0;-2.7755575615628914e-17;-0.10000000000000009
1462;Charlie;0.7;-1.1102230246251565e-16;1.0;1.0;-2.7755575615628914e-17;-0.10000000000000009
1463;Charlie;0.7;-1.1102230246251565e-16;1.0;1.0;-2.7755575615628914e-17;-0.10000000000000009
1464;Charlie;0.7;-1.1102230246251565e-16;1.0;1.0;-2.7755575615628914e-17;-0.10000000000000009
1465;Charlie;0.7;-1.1102230246251565e-16;1.0;1.0;-2.7755575615628914e-17;-0.10000000000000009
1466;Charlie;0.7;-1.1102230246251565e-16;1.0;1.0;-2.7755575615628914e-17;-0.10000000000000009
1467;Charlie;0.7;-1.1102230246251565e-16;1.0;1.0;-2.7755575615628914e-17;-0.10000000000000009
1468;Charlie;0.7;-1.1102230246251565e-16;1.0;1.0;-2.7755575615628914e-17;-0.10000000000000009
1469;Charlie;0.7;-1.1102230246251565e-16;1.0;1.0;-2.7755575615628914e-17;-0.10000000000000009
1470;Charlie;0.7;-1.1102230246251565e-16;1.0;1.0;-2.7755575615628914e-17;-0.10000000000000009
1471;Charlie;0.7;-1.1102230246251565e-16;1.0;1.0;-2.7755575615628914e-17;-0.10000000000000009
1472;Charlie;0.7;-1.1102230246251565e-16;1.0;1.0;-2.7755575615628914e-17;-0.10000000000000009
1473;Charlie;0.7;-1.1102230246251565e-16;1.0;1.0;-2.7755575615628914e-17;-0.10000000000000009
1474;Charlie;0.7;-1.1102230246251565e-16;1.0;1.0;-2.7755575615628914e-17;-0.10000000000000009
1475;Charlie;0.7;-1.1102230246251565e-16;1.0;1.0;-2.7755575615628914e-17;-0.10000000000000009
1476;Charlie;0.7;-1.1102230246251565e-16;1.0;1.0;-2.7755575615628914e-17;-0.10000000000000009
1477;Charlie;0.7;-1.1102230246251565e-16;1.0;1.0;-2.7755575615628914e-17;-0.10000000000000009
1478;Charlie;0.7;-1.1102230246251565e-16;1.0;1.0;-2.7755575615628914e-17;-0.10000000000000009
1479;Charlie;0.7;-1.1102230246251565e-16;1.0;1.0;-2.7755575615628914e-17;-0.10000000000000009
1480;Charlie;0.7;-1.1102230246251565e-16;1.0;1.0;-2.7755575615628914e-17;-0.10000000000000009
1481;Charlie;0.7;-1.1102230246251565e-16;1.0;1.0;-2.7755575615628914e-17;-0.10000000000000009
1482;Charlie;0.7;-1.1102230246251565e-16;1.0;1.0;-2.7755575615628914e-17;-0.10000000000000009
1483;Charlie;0.7;-1.1102230246251565e-16;1.0;1.0;-2.7755575615628914e-17;-0.10000000000000009
1484;Charlie;0.7;-1.1102230246251565e-16;1.0;1.0;-2.7755575615628914e-17;-0.10000000000000009
1485;Charlie;0.7;-1.1102230246251565e-16;1.0;1.0;-2.7755575615628914e-17;-0.10000000000000009
1486;Charlie;0.7;-1.1102230246251565e-16;1.0;1.0;-2.7755575615628914e-17;-0.10000000000000009
1487;Charlie;0.7;-1.1102230246251565e-16;1.0;1.0;-2.7755575615628914e-17;-0.10000000000000009
1488;Charlie;0.7;-1.1102230246251565e-16;1.0;1.0;-2.7755575615628914e-17;-0.10000000000000009
1489;Charlie;0.7;-1.1102230246251565e-16;1.0;1.0;-2.7755575615628914e-17;-0.10000000000000009
1490;Charlie;0.7;-1.1102230246251565e-16;1.0;1.0;-2.7755575615628914e-17;-0.10000000000000009
1491;Charlie;0.7;-1.1102230246251565e-16;1.0;1.0;-2.7755575615628914e-17;-0.10000000000000009
1492;Charlie;0.7;-1.1102230246251565e-16;1.0;1.0;-2.7755575615628914e-17;-0.10000000000000009
1493;Charlie;0.7;-1.1102230246251565e-16;1.0;1.0;-2.7755575615628914e-17;-0.10000000000000009
1494;Charlie;0.7;-1.1102230246251565e-16;1.0;1.0;-2.7755575615628914e-17;-0.10000000000000009
1495;Charlie;0.7;-1.1102230246251565e-16;1.0;1.0;-2.7755575615628914e-17;-0.10000000000000009
1496;Charlie;0.7;-1.1102230246251565e-16;1.0;1.0;-2.7755575615628914e-17;-0.10000000000000009
1497;Charlie;0.7;-1.1102230246251565e-16;1.0;1.0;-2.7755575615628914e-17;-0.10000000000000009
1498;Charlie;0.7;-1.1102230246251565e-16;1.0;1.0;-2.7755575615628914e-17;-0.10000000000000009
1499;Charlie;0.7;-1.1102230246251565e-16;1.0;1.0;-2.7755575615628914e-17;-0.10000000000000009
1500;Charlie;0.7;-1.1102230246251565e-16;1.0;1.0;-2.7755575615628914e-17;-0.10000000000000009
1501;Charlie;0.7;-1.1102230246251565e-16;1.0;1.0;-2.7755575615628914e-17;-0.10000000000000009
1502;Charlie;0.7;-1.1102230246251565e-16;1.0;1.0;-2.7755575615628914e-17;-0.10000000000000009
1503;Charlie;0.7;-1.1102230246251565e-16;1.0;1.0;-2.7755575615628914e-17;-0.10000000000000009
1504;Charlie;0.7;-1.1102230246251565e-16;1.0;1.0;-2.7755575615628914e-17;-0.10000000000000009
1505;Charlie;0.7;-1.1102230246251565e-16;1.0;1.0;-2.7755575615628914e-17;-0.10000000000000009
1506;Charlie;0.7;-1.1102230246251565e-16;1.0;1.0;-2.7755575615628914e-17;-0.10000000000000009
1507;Charlie;0.7;-1.1102230246251565e-16;1.0;1.0;-2.7755575615628914e-17;-0.10000000000000009
1508;Charlie;0.7;-1.1102230246251565e-16;1.0;1.0;-2.7755575615628914e-17;-0.10000000000000009
1509;Charlie;0.7;-1.1102230246251565e-16;1.0;1.0;-2.7755575615628914e-17;-0.10000000000000009
1510;Charlie;0.7;-1.1102230246251565e-16;1.0;1.0;-2.7755575615628914e-17;-0.10000000000000009
1511;Charlie;0.7;-1.1102230246251565e-16;1.0;1.0;-2.7755575615628914e-17;-0.10000000000000009
1512;Charlie;0.7;-1.1102230246251565e-16;1.0;1.0;-2.7755575615628914e-17;-0.10000000000000009
1513;Charlie;0.7;-1.1102230246251565e-16;1.0;1.0;-2.7755575615628914e-17;-0.10000000000000009
1514;Charlie;0.7;-1.1102230246251565e-16;1.0;1.0;-2.7755575615628914e-17;-0.10000000000000009
1515;Charlie;0.7;-1.1102230246251565e-16;1.0;1.0;-2.7755575615628914e-17;-0.10000000000000009
1516;Charlie;0.7;-1.1102230246251565e-16;1.0;1.0;-2.7755575615628914e-17;-0.10000000000000009
1517;Charlie;0.7;-1.1102230246251565e-16;1.0;1.0;-2.7755575615628914e-17;-0.10000000000000009
1518;Charlie;0.7;-1.1102230246251565e-16;1.0;1.0;-2.7755575615628914e-17;-0.10000000000000009
1544;Charlie;0.7;-1.1102230246251565e-16;0.9;1.0;-2.7755575615628914e-17;-0.5000000000000001
1553;Charlie;0.7;-1.1102230246251565e-16;0.9;1.0;-2.7755575615628914e-17;-0.5000000000000001
1562;Charlie;0.7;-1.1102230246251565e-16;0.9;1.0;-2.7755575615628914e-17;-0.5000000000000001
1571;Charlie;0.7;-1.1102230246251565e-16;0.9;1.0;-2.7755575615628914e-17;-0.5000000000000001
1585;Charlie;0.7;-1.1102230246251565e-16;0.9;1.0;-2.7755575615628914e-17;-0.5000000000000001
1599;Charlie;0.7;-1.1102230246251565e-16;0.9;1.0;-2.7755575615628914e-17;-0.5000000000000001
1613;Charlie;0.7;-1.1102230246251565e-16;0.9;1.0;-2.7755575615628914e-17;-0.5000000000000001
1622;Charlie;0.7;-1.1102230246251565e-16;0.9;1.0;-2.7755575615628914e-17;-0.5000000000000001
1631;Charlie;0.7;-1.1102230246251565e-16;0.9;1.0;0.09999999999999998;-0.5000000000000001
1640;Charlie;0.7;-1.1102230246251565e-16;0.9;1.0;0.09999999999999998;-0.5000000000000001
1649;Charlie;0.7;-1.1102230246251565e-16;0.9;1.0;0.09999999999999998;-0.5000000000000001
1658;Charlie;0.7;0.2999999999999999;0.9;1.0;0.09999999999999998;-0.5000000000000001
1667;Charlie;0.7;0.2999999999999999;0.9;1.0;0.09999999999999998;-0.5000000000000001
1676;Charlie;0.7;0.2999999999999999;0.9;1.0;0.09999999999999998;-0.5000000000000001
1685;Charlie;0.7;0.2999999999999999;0.9;1.0;0.09999999999999998;-0.5000000000000001
1686;Charlie;0.7;0.2999999999999999;0.9;1.0;0.09999999999999998;-0.5000000000000001
1687;Charlie;0.7;0.2999999999999999;0.9;1.0;0.09999999999999998;-0.5000000000000001
1688;Charlie;0.7;0.2999999999999999;0.9;1.0;0.09999999999999998;-0.5000000000000001
1689;Charlie;0.7;0.2999999999999999;0.9;1.0;0.09999999999999998;-0.5000000000000001
1690;Charlie;0.7;0.2999999999999999;0.9;1.0;0.09999999999999998;-0.5000000000000001
1691;Charlie;0.7;0.2999999999999999;0.9;1.0;0.09999999999999998;-0.5000000000000001
1692;Charlie;0.7;0.2999999999999999;0.9;1.0;0.09999999999999998;-0.5000000000000001
1693;Charlie;0.7;0.2999999999999999;0.9;1.0;0.09999999999999998;-0.5000000000000001
1694;Charlie;0.7;0.2999999999999999;0.9;1.0;0.09999999999999998;-0.5000000000000001
1695;Charlie;0.7;0.2999999999999999;0.9;1.0;0.09999999999999998;-0.5000000000000001
1696;Charlie;0.7;0.2999999999999999;0.9;1.0;0.09999999999999998;-0.5000000000000001
1697;Charlie;0.7;0.2999999999999999;0.9;1.0;0.09999999999999998;-0.5000000000000001
1698;Charlie;0.7;0.2999999999999999;0.9;1.0;0.09999999999999998;-0.5000000000000001
1699;Charlie;0.7;0.2999999999999999;0.9;1.0;0.09999999999999998;-0.5000000000000001
1700;Charlie;0.7;0.2999999999999999;0.9;1.0;0.09999999999999998;-0.5000000000000001
1701;Charlie;0.7;0.2999999999999999;0.9;1.0;0.09999999999999998;-0.5000000000000001
1702;Charlie;0.7;0.2999999999999999;0.9;1.0;0.09999999999999998;-0.5000000000000001
1703;Charlie;0.7;0.2999999999999999;0.9;1.0;0.09999999999999998;-0.5000000000000001
1704;Charlie;0.7;0.2999999999999999;0.9;1.0;0.09999999999999998;-0.5000000000000001
1705;Charlie;0.7;0.2999999999999999;0.9;1.0;0.09999999999999998;-0.5000000000000001
1706;Charlie;0.7;0.2999999999999999;0.9;1.0;0.09999999999999998;-0.5000000000000001
1707;Charlie;0.7;0.2999999999999999;0.9;1.0;0.09999999999999998;-0.5000000000000001
1708;Charlie;0.7;0.2999999999999999;0.9;1.0;0.09999999999999998;-0.5000000000000001
1709;Charlie;0.7;0.2999999999999999;0.9;1.0;0.09999999999999998;-0.5000000000000001
1710;Charlie;0.7;0.2999999999999999;0.9;1.0;0.09999999999999998;-0.5000000000000001
1711;Charlie;0.7;0.2999999999999999;0.9;1.0;0.09999999999999998;-0.5000000000000001
1712;Charlie;0.7;0.2999999999999999;0.9;1.0;0.09999999999999998;-0.5000000000000001
1713;Charlie;0.7;0.2999999999999999;0.9;1.0;0.09999999999999998;-0.5000000000000001
1714;Charlie;0.7;0.2999999999999999;0.9;1.0;0.09999999999999998;-0.5000000000000001
1715;Charlie;0.7;0.2999999999999999;0.9;1.0;0.09999999999999998;-0.5000000000000001
1716;Charlie;0.7;0.2999999999999999;0.9;1.0;0.09999999999999998;-0.5000000000000001
1717;Charlie;0.7;0.2999999999999999;0.9;1.0;0.09999999999999998;-0.5000000000000001
1718;Charlie;0.7;0.2999999999999999;0.9;1.0;0.09999999999999998;-0.5000000000000001
1719;Charlie;0.7;0.2999999999999999;0.9;1.0;0.09999999999999998;-0.5000000000000001
1720;Charlie;0.7;0.2999999999999999;0.9;1.0;0.09999999999999998;-0.5000000000000001
1721;Charlie;0.7;0.2999999999999999;0.9;1.0;0.09999999999999998;-0.5000000000000001
1722;Charlie;0.7;0.2999999999999999;0.9;1.0;0.09999999999999998;-0.5000000000000001
1723;Charlie;0.7;0.2999999999999999;0.9;1.0;0.09999999999999998;-0.5000000000000001
1724;Charlie;0.7;0.2999999999999999;0.9;1.0;0.09999999999999998;-0.5000000000000001
1725;Charlie;0.7;0.2999999999999999;0.9;1.0;0.09999999999999998;-0.5000000000000001
1726;Charlie;0.7;0.2999999999999999;0.9;1.0;0.09999999999999998;-0.5000000000000001
1727;Charlie;0.7;0.2999999999999999;0.9;1.0;0.09999999999999998;-0.5000000000000001
1728;Charlie;0.7;0.2999999999999999;0.9;1.0;0.09999999999999998;-0.5000000000000001
1729;Charlie;0.7;0.2999999999999999;0.9;1.0;0.09999999999999998;-0.5000000000000001
1730;Charlie;0.7;0.2999999999999999;0.9;1.0;0.09999999999999998;-0.5000000000000001
1731;Charlie;0.7;0.2999999999999999;0.9;1.0;0.09999999999999998;-0.5000000000000001
1732;Charlie;0.7;0.2999999999999999;0.9;1.0;0.09999999999999998;-0.5000000000000001
1733;Charlie;0.7;0.2999999999999999;0.9;1.0;0.09999999999999998;-0.5000000000000001
1734;Charlie;0.7;0.2999999999999999;0.9;1.0;0.09999999999999998;-0.5000000000000001
1735;Charlie;0.7;0.2999999999999999;0.9;1.0;0.09999999999999998;-0.5000000000000001
1736;Charlie;0.7;0.2999999999999999;0.9;1.0;0.09999999999999998;-0.5000000000000001
1737;Charlie;0.7;0.2999999999999999;0.9;1.0;0.09999999999999998;-0.5000000000000001
1738;Charlie;0.7;0.2999999999999999;0.9;1.0;0.09999999999999998;-0.5000000000000001
1739;Charlie;0.7;0.2999999999999999;0.9;1.0;0.09999999999999998;-0.5000000000000001
1740;Charlie;0.7;0.2999999999999999;0.9;1.0;0.09999999999999998;-0.5000000000000001
1741;Charlie;0.7;0.2999999999999999;0.9;1.0;0.09999999999999998;-0.5000000000000001
1742;Charlie;0.7;0.2999999999999999;0.9;1.0;0.09999999999999998;-0.5000000000000001
1743;Charlie;0.7;0.2999999999999999;0.9;1.0;0.09999999999999998;-0.5000000000000001
1744;Charlie;0.7;0.2999999999999999;0.9;1.0;0.09999999999999998;-0.5000000000000001
1745;Charlie;0.7;0.2999999999999999;0.9;1.0;0.09999999999999998;-0.5000000000000001
1746;Charlie;0.7;0.2999999999999999;0.9;1.0;0.09999999999999998;-0.5000000000000001
1747;Charlie;0.7;0.2999999999999999;0.9;1.0;0.09999999999999998;-0.5000000000000001
1748;Charlie;0.7;0.2999999999999999;0.9;1.0;0.09999999999999998;-0.5000000000000001
1749;Charlie;0.7;0.2999999999999999;0.9;1.0;0.09999999999999998;-0.5000000000000001
1750;Charlie;0.7;0.2999999999999999;0.9;1.0;0.09999999999999998;-0.5000000000000001
1751;Charlie;0.7;0.2999999999999999;0.9;1.0;0.09999999999999998;-0.5000000000000001
1752;Charlie;0.7;0.2999999999999999;0.9;1.0;0.09999999999999998;-0.5000000000000001
1753;Charlie;0.7;0.2999999999999999;0.9;1.0;0.09999999999999998;-0.5000000000000001
1754;Charlie;0.7;0.2999999999999999;0.9;1.0;0.09999999999999998;-0.5000000000000001
1755;Charlie;0.7;0.2999999999999999;0.9;1.0;0.09999999999999998;-0.5000000000000001
1756;Charlie;0.7;0.2999999999999999;0.9;1.0;0.09999999999999998;-0.5000000000000001
1757;Charlie;0.7;0.2999999999999999;0.9;1.0;0.09999999999999998;-0.5000000000000001
1758;Charlie;0.7;0.2999999999999999;0.9;1.0;0.09999999999999998;-0.5000000000000001
1759;Charlie;0.7;0.2999999999999999;0.9;1.0;0.09999999999999998;-0.5000000000000001
1760;Charlie;0.7;0.2999999999999999;0.9;1.0;0.09999999999999998;-0.5000000000000001
1761;Charlie;0.7;0.2999999999999999;0.9;1.0;0.09999999999999998;-0.5000000000000001
1762;Charlie;0.7;0.2999999999999999;0.9;1.0;0.09999999999999998;-0.5000000000000001
1763;Charlie;0.7;0.2999999999999999;0.9;1.0;0.09999999999999998;-0.5000000000000001
1764;Charlie;0.7;0.2999999999999999;0.9;1.0;0.09999999999999998;-0.5000000000000001
1765;Charlie;0.7;0.2999999999999999;0.9;1.0;0.09999999999999998;-0.5000000000000001
1766;Charlie;0.7;0.2999999999999999;0.9;1.0;0.09999999999999998;-0.5000000000000001
1767;Charlie;0.7;0.2999999999999999;0.9;1.0;0.09999999999999998;-0.5000000000000001
1793;Charlie;0.7;0.2999999999999999;0.8;1.0;0.09999999999999998;-0.7000000000000002
1802;Charlie;0.7;0.2999999999999999;0.8;1.0;0.09999999999999998;-0.7000000000000002
1811;Charlie;0.7;0.2999999999999999;0.8;1.0;0.09999999999999998;-0.7000000000000002
1812;Charlie;0.7;0.2999999999999999;0.8;1.0;0.09999999999999998;-0.7000000000000002
1813;Charlie;0.7;0.2999999999999999;0.8;1.0;0.09999999999999998;-0.7000000000000002
1814;Charlie;0.7;0.2999999999999999;0.8;1.0;0.09999999999999998;-0.7000000000000002
1815;Charlie;0.7;0.2999999999999999;0.8;1.0;0.09999999999999998;-0.7000000000000002
1816;Charlie;0.7;0.2999999999999999;0.8;1.0;0.09999999999999998;-0.7000000000000002
1817;Charlie;0.7;0.2999999999999999;0.8;1.0;0.09999999999999998;-0.7000000000000002
1818;Charlie;0.7;0.2999999999999999;0.8;1.0;0.09999999999999998;-0.7000000000000002
1819;Charlie;0.7;0.2999999999999999;0.8;1.0;0.09999999999999998;-0.7000000000000002
1820;Charlie;0.7;0.2999999999999999;0.8;1.0;0.09999999999999998;-0.7000000000000002
1821;Charlie;0.7;0.2999999999999999;0.8;1.0;0.09999999999999998;-0.7000000000000002
1822;Charlie;0.7;0.2999999999999999;0.8;1.0;0.09999999999999998;-0.7000000000000002
1823;Charlie;0.7;0.2999999999999999;0.8;1.0;0.09999999999999998;-0.7000000000000002
1824;Charlie;0.7;0.2999999999999999;0.8;1.0;0.09999999999999998;-0.7000000000000002
1825;Charlie;0.7;0.2999999999999999;0.8;1.0;0.09999999999999998;-0.7000000000000002
1826;Charlie;0.7;0.2999999999999999;0.8;1.0;0.09999999999999998;-0.7000000000000002
1827;Charlie;0.7;0.2999999999999999;0.8;1.0;0.09999999999999998;-0.7000000000000002
1828;Charlie;0.7;0.2999999999999999;0.8;1.0;0.09999999999999998;-0.7000000000000002
1829;Charlie;0.7;0.2999999999999999;0.8;1.0;0.09999999999999998;-0.7000000000000002
1830;Charlie;0.7;0.2999999999999999;0.8;1.0;0.09999999999999998;-0.7000000000000002
1831;Charlie;0.7;0.2999999999999999;0.8;1.0;0.09999999999999998;-0.7000000000000002
1832;Charlie;0.7;0.2999999999999999;0.8;1.0;0.09999999999999998;-0.7000000000000002
1833;Charlie;0.7;0.2999999999999999;0.8;1.0;0.09999999999999998;-0.7000000000000002
1834;Charlie;0.7;0.2999999999999999;0.8;1.0;0.09999999999999998;-0.7000000000000002
1835;Charlie;0.7;0.2999999999999999;0.8;1.0;0.09999999999999998;-0.7000000000000002
1836;Charlie;0.7;0.2999999999999999;0.8;1.0;0.09999999999999998;-0.7000000000000002
1837;Charlie;0.7;0.2999999999999999;0.8;1.0;0.09999999999999998;-0.7000000000000002
1838;Charlie;0.7;0.2999999999999999;0.8;1.0;0.09999999999999998;-0.7000000000000002
1839;Charlie;0.7;0.2999999999999999;0.8;1.0;0.09999999999999998;-0.7000000000000002
1840;Charlie;0.7;0.2999999999999999;0.8;1.0;0.09999999999999998;-0.7000000000000002
1841;Charlie;0.7;0.2999999999999999;0.8;1.0;0.09999999999999998;-0.7000000000000002
1842;Charlie;0.7;0.2999999999999999;0.8;1.0;0.09999999999999998;-0.7000000000000002
1843;Charlie;0.7;0.2999999999999999;0.8;1.0;0.09999999999999998;-0.7000000000000002
1844;Charlie;0.7;0.2999999999999999;0.8;1.0;0.09999999999999998;-0.7000000000000002
1845;Charlie;0.7;0.2999999999999999;0.8;1.0;0.09999999999999998;-0.7000000000000002
1846;Charlie;0.7;0.2999999999999999;0.8;1.0;0.09999999999999998;-0.7000000000000002
1847;Charlie;0.7;0.2999999999999999;0.8;1.0;0.09999999999999998;-0.7000000000000002
1848;Charlie;0.7;0.2999999999999999;0.8;1.0;0.09999999999999998;-0.7000000000000002
1849;Charlie;0.7;0.2999999999999999;0.8;1.0;0.09999999999999998;-0.7000000000000002
1850;Charlie;0.7;0.2999999999999999;0.8;1.0;0.09999999999999998;-0.7000000000000002
1851;Charlie;0.7;0.2999999999999999;0.8;1.0;0.09999999999999998;-0.7000000000000002
1852;Charlie;0.7;0.2999999999999999;0.8;1.0;0.09999999999999998;-0.7000000000000002
1853;Charlie;0.7;0.2999999999999999;0.8;1.0;0.09999999999999998;-0.7000000000000002
1854;Charlie;0.7;0.2999999999999999;0.8;1.0;0.09999999999999998;-0.7000000000000002
1855;Charlie;0.7;0.2999999999999999;0.8;1.0;0.09999999999999998;-0.7000000000000002
1856;Charlie;0.7;0.2999999999999999;0.8;1.0;0.09999999999999998;-0.7000000000000002
1857;Charlie;0.7;0.2999999999999999;0.8;1.0;0.09999999999999998;-0.7000000000000002
1858;Charlie;0.7;0.2999999999999999;0.8;1.0;0.09999999999999998;-0.7000000000000002
1859;Charlie;0.7;0.2999999999999999;0.8;1.0;0.09999999999999998;-0.7000000000000002
1860;Charlie;0.7;0.2999999999999999;0.8;1.0;0.09999999999999998;-0.7000000000000002
1861;Charlie;0.7;0.2999999999999999;0.8;1.0;0.09999999999999998;-0.7000000000000002
1862;Charlie;0.7;0.2999999999999999;0.8;1.0;0.09999999999999998;-0.7000000000000002
1863;Charlie;0.7;0.2999999999999999;0.8;1.0;0.09999999999999998;-0.7000000000000002
1864;Charlie;0.7;0.2999999999999999;0.8;1.0;0.09999999999999998;-0.7000000000000002
1865;Charlie;0.7;0.2999999999999999;0.8;1.0;0.09999999999999998;-0.7000000000000002
1866;Charlie;0.7;0.2999999999999999;0.8;1.0;0.09999999999999998;-0.7000000000000002
1867;Charlie;0.7;0.2999999999999999;0.8;1.0;0.09999999999999998;-0.7000000000000002
1868;Charlie;0.7;0.2999999999999999;0.8;1.0;0.09999999999999998;-0.7000000000000002
1869;Charlie;0.7;0.2999999999999999;0.8;1.0;0.09999999999999998;-0.7000000000000002
1870;Charlie;0.7;0.2999999999999999;0.8;1.0;0.09999999999999998;-0.7000000000000002
1871;Charlie;0.7;0.2999999999999999;0.8;1.0;0.09999999999999998;-0.7000000000000002
1872;Charlie;0.7;0.2999999999999999;0.8;1.0;0.09999999999999998;-0.7000000000000002
1873;Charlie;0.7;0.2999999999999999;0.8;1.0;0.09999999999999998;-0.7000000000000002
1874;Charlie;0.7;0.2999999999999999;0.8;1.0;0.09999999999999998;-0.7000000000000002
1875;Charlie;0.7;0.2999999999999999;0.8;1.0;0.09999999999999998;-0.7000000000000002
1876;Charlie;0.7;0.2999999999999999;0.8;1.0;0.09999999999999998;-0.7000000000000002
1877;Charlie;0.7;0.2999999999999999;0.8;1.0;0.09999999999999998;-0.7000000000000002
1878;Charlie;0.7;0.2999999999999999;0.8;1.0;0.09999999999999998;-0.7000000000000002
1879;Charlie;0.7;0.2999999999999999;0.8;1.0;0.09999999999999998;-0.7000000000000002
1880;Charlie;0.7;0.2999999999999999;0.8;1.0;0.09999999999999998;-0.7000000000000002
1881;Charlie;0.7;0.2999999999999999;0.8;1.0;0.09999999999999998;-0.7000000000000002
1882;Charlie;0.7;0.2999999999999999;0.8;1.0;0.09999999999999998;-0.7000000000000002
1883;Charlie;0.7;0.2999999999999999;0.8;1.0;0.09999999999999998;-0.7000000000000002
1884;Charlie;0.7;0.2999999999999999;0.8;1.0;0.09999999999999998;-0.7000000000000002
1885;Charlie;0.7;0.2999999999999999;0.8;1.0;0.09999999999999998;-0.7000000000000002
1886;Charlie;0.7;0.2999999999999999;0.8;1.0;0.09999999999999998;-0.7000000000000002
1887;Charlie;0.7;0.2999999999999999;0.8;1.0;0.09999999999999998;-0.7000000000000002
1888;Charlie;0.7;0.2999999999999999;0.8;1.0;0.09999999999999998;-0.7000000000000002
1889;Charlie;0.7;0.2999999999999999;0.8;1.0;0.09999999999999998;-0.7000000000000002
1890;Charlie;0.7;0.2999999999999999;0.8;1.0;0.09999999999999998;-0.7000000000000002
1891;Charlie;0.7;0.2999999999999999;0.8;1.0;0.09999999999999998;-0.7000000000000002
1892;Charlie;0.7;0.2999999999999999;0.8;1.0;0.09999999999999998;-0.7000000000000002
1893;Charlie;0.7;0.2999999999999999;0.8;1.0;0.09999999999999998;-0.7000000000000002
1894;Charlie;0.7;0.2999999999999999;0.8;1.0;0.09999999999999998;-0.7000000000000002
1895;Charlie;0.7;0.2999999999999999;0.8;1.0;0.09999999999999998;-0.7000000000000002
1896;Charlie;0.7;0.2999999999999999;0.8;1.0;0.09999999999999998;-0.7000000000000002
1897;Charlie;0.7;0.2999999999999999;0.8;1.0;0.09999999999999998;-0.7000000000000002
1898;Charlie;0.7;0.2999999999999999;0.8;1.0;0.09999999999999998;-0.7000000000000002
1899;Charlie;0.7;0.2999999999999999;0.8;1.0;0.09999999999999998;-0.7000000000000002
1900;Charlie;0.7;0.2999999999999999;0.8;1.0;0.09999999999999998;-0.7000000000000002
1901;Charlie;0.7;0.2999999999999999;0.8;1.0;0.09999999999999998;-0.7000000000000002
1902;Charlie;0.7;0.2999999999999999;0.8;1.0;0.09999999999999998;-0.7000000000000002
1903;Charlie;0.7;0.2999999999999999;0.8;1.0;0.09999999999999998;-0.7000000000000002
1904;Charlie;0.7;0.2999999999999999;0.8;1.0;0.09999999999999998;-0.7000000000000002
1905;Charlie;0.7;0.2999999999999999;0.8;1.0;0.09999999999999998;-0.7000000000000002
1906;Charlie;0.7;0.2999999999999999;0.8;1.0;0.09999999999999998;-0.7000000000000002
1907;Charlie;0.7;0.2999999999999999;0.8;1.0;0.09999999999999998;-0.7000000000000002
1908;Charlie;0.7;0.2999999999999999;0.8;1.0;0.09999999999999998;-0.7000000000000002
1909;Charlie;0.7;0.2999999999999999;0.8;1.0;0.09999999999999998;-0.7000000000000002
1910;Charlie;0.7;0.2999999999999999;0.8;1.0;0.09999999999999998;-0.7000000000000002
1911;Charlie;0.7;0.2999999999999999;0.8;1.0;0.09999999999999998;-0.7000000000000002
1912;Charlie;0.7;0.2999999999999999;0.8;1.0;0.09999999999999998;-0.7000000000000002
1913;Charlie;0.7;0.2999999999999999;0.8;1.0;0.09999999999999998;-0.7000000000000002
1914;Charlie;0.7;0.2999999999999999;0.8;1.0;0.09999999999999998;-0.7000000000000002
1915;Charlie;0.7;0.2999999999999999;0.8;1.0;0.09999999999999998;-0.7000000000000002
1916;Charlie;0.7;0.2999999999999999;0.8;1.0;0.09999999999999998;-0.7000000000000002
1917;Charlie;0.7;0.2999999999999999;0.8;1.0;0.09999999999999998;-0.7000000000000002
1918;Charlie;0.7;0.2999999999999999;0.8;1.0;0.09999999999999998;-0.7000000000000002
1919;Charlie;0.7;0.2999999999999999;0.8;1.0;0.09999999999999998;-0.7000000000000002
1920;Charlie;0.7;0.2999999999999999;0.8;1.0;0.09999999999999998;-0.7000000000000002
1921;Charlie;0.7;0.2999999999999999;0.8;1.0;0.09999999999999998;-0.7000000000000002
1922;Charlie;0.7;0.2999999999999999;0.8;1.0;0.09999999999999998;-0.7000000000000002
1923;Charlie;0.7;0.2999999999999999;0.8;1.0;0.09999999999999998;-0.7000000000000002
1924;Charlie;0.7;0.2999999999999999;0.8;1.0;0.09999999999999998;-0.7000000000000002
1925;Charlie;0.7;0.2999999999999999;0.8;1.0;0.09999999999999998;-0.7000000000000002
1926;Charlie;0.7;0.2999999999999999;0.8;1.0;0.09999999999999998;-0.7000000000000002
1927;Charlie;0.7;0.2999999999999999;0.8;1.0;0.09999999999999998;-0.7000000000000002
1928;Charlie;0.7;0.2999999999999999;0.8;1.0;0.09999999999999998;-0.7000000000000002
1929;Charlie;0.7;0.2999999999999999;0.8;1.0;0.09999999999999998;-0.7000000000000002
1930;Charlie;0.7;0.2999999999999999;0.8;1.0;0.09999999999999998;-0.7000000000000002
1931;Charlie;0.7;0.2999999999999999;0.8;1.0;0.09999999999999998;-0.7000000000000002
1932;Charlie;0.7;0.2999999999999999;0.8;1.0;0.09999999999999998;-0.7000000000000002
1933;Charlie;0.7;0.2999999999999999;0.8;1.0;0.09999999999999998;-0.7000000000000002
1934;Charlie;0.7;0.2999999999999999;0.8;1.0;0.09999999999999998;-0.7000000000000002
1935;Charlie;0.7;0.2999999999999999;0.8;1.0;0.09999999999999998;-0.7000000000000002
1936;Charlie;0.7;0.2999999999999999;0.8;1.0;0.09999999999999998;-0.7000000000000002
1937;Charlie;0.7;0.2999999999999999;0.8;1.0;0.09999999999999998;-0.7000000000000002
1938;Charlie;0.7;0.2999999999999999;0.8;1.0;0.09999999999999998;-0.7000000000000002
1939;Charlie;0.7;0.2999999999999999;0.8;1.0;0.09999999999999998;-0.7000000000000002
1940;Charlie;0.7;0.2999999999999999;0.8;1.0;0.09999999999999998;-0.7000000000000002
1941;Charlie;0.7;0.2999999999999999;0.8;1.0;0.09999999999999998;-0.7000000000000002
1942;Charlie;0.7;0.2999999999999999;0.8;1.0;0.09999999999999998;-0.7000000000000002
1943;Charlie;0.7;0.2999999999999999;0.8;1.0;0.09999999999999998;-0.7000000000000002
1944;Charlie;0.7;0.2999999999999999;0.8;1.0;0.09999999999999998;-0.7000000000000002
1945;Charlie;0.7;0.2999999999999999;0.8;1.0;0.09999999999999998;-0.7000000000000002
1946;Charlie;0.7;0.2999999999999999;0.8;1.0;0.09999999999999998;-0.7000000000000002
1947;Charlie;0.7;0.2999999999999999;0.8;1.0;0.09999999999999998;-0.7000000000000002
1948;Charlie;0.7;0.2999999999999999;0.8;1.0;0.09999999999999998;-0.7000000000000002
1949;Charlie;0.7;0.2999999999999999;0.8;1.0;0.09999999999999998;-0.7000000000000002
1950;Charlie;0.7;0.2999999999999999;0.8;1.0;0.09999999999999998;-0.7000000000000002
1951;Charlie;0.7;0.2999999999999999;0.8;1.0;0.09999999999999998;-0.7000000000000002
1952;Charlie;0.7;0.2999999999999999;0.8;1.0;0.09999999999999998;-0.7000000000000002
1953;Charlie;0.7;0.2999999999999999;0.8;1.0;0.09999999999999998;-0.7000000000000002
1954;Charlie;0.7;0.2999999999999999;0.8;1.0;0.09999999999999998;-0.7000000000000002
1955;Charlie;0.7;0.2999999999999999;0.8;1.0;0.09999999999999998;-0.7000000000000002
1956;Charlie;0.7;0.2999999999999999;0.8;1.0;0.09999999999999998;-0.7000000000000002
1957;Charlie;0.7;0.2999999999999999;0.8;1.0;0.09999999999999998;-0.7000000000000002
1958;Charlie;0.7;0.2999999999999999;0.8;1.0;0.09999999999999998;-0.7000000000000002
1959;Charlie;0.7;0.2999999999999999;0.8;1.0;0.09999999999999998;-0.7000000000000002
1960;Charlie;0.7;0.2999999999999999;0.8;1.0;0.09999999999999998;-0.7000000000000002
1961;Charlie;0.7;0.2999999999999999;0.8;1.0;0.09999999999999998;-0.7000000000000002
1962;Charlie;0.7;0.2999999999999999;0.8;1.0;0.09999999999999998;-0.7000000000000002
1963;Charlie;0.7;0.2999999999999999;0.8;1.0;0.09999999999999998;-0.7000000000000002
1964;Charlie;0.7;0.2999999999999999;0.8;1.0;0.09999999999999998;-0.7000000000000002
1965;Charlie;0.7;0.2999999999999999;0.8;1.0;0.09999999999999998;-0.7000000000000002
1966;Charlie;0.7;0.2999999999999999;0.8;1.0;0.09999999999999998;-0.7000000000000002
1967;Charlie;0.7;0.2999999999999999;0.8;1.0;0.09999999999999998;-0.7000000000000002
1968;Charlie;0.7;0.2999999999999999;0.8;1.0;0.09999999999999998;-0.7000000000000002
1969;Charlie;0.7;0.2999999999999999;0.8;1.0;0.09999999999999998;-0.7000000000000002
1970;Charlie;0.7;0.2999999999999999;0.8;1.0;0.09999999999999998;-0.7000000000000002
1971;Charlie;0.7;0.2999999999999999;0.8;1.0;0.09999999999999998;-0.7000000000000002
1972;Charlie;0.7;0.2999999999999999;0.8;1.0;0.09999999999999998;-0.7000000000000002
1973;Charlie;0.7;0.2999999999999999;0.8;1.0;0.09999999999999998;-0.7000000000000002
1974;Charlie;0.7;0.2999999999999999;0.8;1.0;0.09999999999999998;-0.7000000000000002
1975;Charlie;0.7;0.2999999999999999;0.8;1.0;0.09999999999999998;-0.7000000000000002
1976;Charlie;0.7;0.2999999999999999;0.8;1.0;0.09999999999999998;-0.7000000000000002
1977;Charlie;0.7;0.2999999999999999;0.8;1.0;0.09999999999999998;-0.7000000000000002
1978;Charlie;0.7;0.2999999999999999;0.8;1.0;0.09999999999999998;-0.7000000000000002
1979;Charlie;0.7;0.2999999999999999;0.8;1.0;0.09999999999999998;-0.7000000000000002
1980;Charlie;0.7;0.2999999999999999;0.8;1.0;0.09999999999999998;-0.7000000000000002
1981;Charlie;0.7;0.2999999999999999;0.8;1.0;0.09999999999999998;-0.7000000000000002
1982;Charlie;0.7;0.2999999999999999;0.8;1.0;0.09999999999999998;-0.7000000000000002
1983;Charlie;0.7;0.2999999999999999;0.8;1.0;0.09999999999999998;-0.7000000000000002
1984;Charlie;0.7;0.2999999999999999;0.8;1.0;0.09999999999999998;-0.7000000000000002
1985;Charlie;0.7;0.2999999999999999;0.8;1.0;0.09999999999999998;-0.7000000000000002
1986;Charlie;0.7;0.2999999999999999;0.8;1.0;0.09999999999999998;-0.7000000000000002
1987;Charlie;0.7;0.2999999999999999;0.8;1.0;0.09999999999999998;-0.7000000000000002
1988;Charlie;0.7;0.2999999999999999;0.8;1.0;0.09999999999999998;-0.7000000000000002
1989;Charlie;0.7;0.2999999999999999;0.8;1.0;0.09999999999999998;-0.7000000000000002
1990;Charlie;0.7;0.2999999999999999;0.8;1.0;0.09999999999999998;-0.7000000000000002
1991;Charlie;0.7;0.2999999999999999;0.8;1.0;0.09999999999999998;-0.7000000000000002
1992;Charlie;0.7;0.2999999999999999;0.8;1.0;0.09999999999999998;-0.7000000000000002
1993;Charlie;0.7;0.2999999999999999;0.8;1.0;0.09999999999999998;-0.7000000000000002
1994;Charlie;0.7;0.2999999999999999;0.8;1.0;0.09999999999999998;-0.7000000000000002
1995;Charlie;0.7;0.2999999999999999;0.8;1.0;0.09999999999999998;-0.7000000000000002
1996;Charlie;0.7;0.2999999999999999;0.8;1.0;0.09999999999999998;-0.7000000000000002
1997;Charlie;0.7;0.2999999999999999;0.8;1.0;0.09999999999999998;-0.7000000000000002
1998;Charlie;0.7;0.2999999999999999;0.8;1.0;0.09999999999999998;-0.7000000000000002
1999;Charlie;0.7;0.2999999999999999;0.8;1.0;0.09999999999999998;-0.7000000000000002
2000;Charlie;0.7;0.2999999999999999;0.8;1.0;0.09999999999999998;-0.7000000000000002
2001;Charlie;0.7;0.2999999999999999;0.8;1.0;0.09999999999999998;-0.7000000000000002
2002;Charlie;0.7;0.2999999999999999;0.8;1.0;0.09999999999999998;-0.7000000000000002
2003;Charlie;0.7;0.2999999999999999;0.8;1.0;0.09999999999999998;-0.7000000000000002
2004;Charlie;0.7;0.2999999999999999;0.8;1.0;0.09999999999999998;-0.7000000000000002
2005;Charlie;0.7;0.2999999999999999;0.8;1.0;0.09999999999999998;-0.7000000000000002
2006;Charlie;0.7;0.2999999999999999;0.8;1.0;0.09999999999999998;-0.7000000000000002
2007;Charlie;0.7;0.2999999999999999;0.8;1.0;0.09999999999999998;-0.7000000000000002
2008;Charlie;0.7;0.2999999999999999;0.8;1.0;0.09999999999999998;-0.7000000000000002
2009;Charlie;0.7;0.2999999999999999;0.8;1.0;0.09999999999999998;-0.7000000000000002
2010;Charlie;0.7;0.2999999999999999;0.8;1.0;0.09999999999999998;-0.7000000000000002
2011;Charlie;0.7;0.2999999999999999;0.8;1.0;0.09999999999999998;-0.7000000000000002
2012;Charlie;0.7;0.2999999999999999;0.8;1.0;0.09999999999999998;-0.7000000000000002
2013;Charlie;0.7;0.2999999999999999;0.8;1.0;0.09999999999999998;-0.7000000000000002
2014;Charlie;0.7;0.2999999999999999;0.8;1.0;0.09999999999999998;-0.7000000000000002
2015;Charlie;0.7;0.2999999999999999;0.8;1.0;0.09999999999999998;-0.7000000000000002
2016;Charlie;0.7;0.2999999999999999;0.8;1.0;0.09999999999999998;-0.7000000000000002
2017;Charlie;0.7;0.2999999999999999;0.8;1.0;0.09999999999999998;-0.7000000000000002
2018;Charlie;0.7;0.2999999999999999;0.8;1.0;0.09999999999999998;-0.7000000000000002
2019;Charlie;0.7;0.2999999999999999;0.8;1.0;0.09999999999999998;-0.7000000000000002
2020;Charlie;0.7;0.2999999999999999;0.8;1.0;0.09999999999999998;-0.7000000000000002
2021;Charlie;0.7;0.2999999999999999;0.8;1.0;0.09999999999999998;-0.7000000000000002
2022;Charlie;0.7;0.2999999999999999;0.8;1.0;0.09999999999999998;-0.7000000000000002
2023;Charlie;0.7;0.2999999999999999;0.8;1.0;0.09999999999999998;-0.7000000000000002
2024;Charlie;0.7;0.2999999999999999;0.8;1.0;0.09999999999999998;-0.7000000000000002
2025;Charlie;0.7;0.2999999999999999;0.8;1.0;0.09999999999999998;-0.7000000000000002
2026;Charlie;0.7;0.2999999999999999;0.8;1.0;0.09999999999999998;-0.7000000000000002
2027;Charlie;0.7;0.2999999999999999;0.8;1.0;0.09999999999999998;-0.7000000000000002
2028;Charlie;0.7;0.2999999999999999;0.8;1.0;0.09999999999999998;-0.7000000000000002
2029;Charlie;0.7;0.2999999999999999;0.8;1.0;0.09999999999999998;-0.7000000000000002
2030;Charlie;0.7;0.2999999999999999;0.8;1.0;0.09999999999999998;-0.7000000000000002
2031;Charlie;0.7;0.2999999999999999;0.8;1.0;0.09999999999999998;-0.7000000000000002
2032;Charlie;0.7;0.2999999999999999;0.8;1.0;0.09999999999999998;-0.7000000000000002
2033;Charlie;0.7;0.2999999999999999;0.8;1.0;0.09999999999999998;-0.7000000000000002
2034;Charlie;0.7;0.2999999999999999;0.8;1.0;0.09999999999999998;-0.7000000000000002
2035;Charlie;0.7;0.2999999999999999;0.8;1.0;0.09999999999999998;-0.7000000000000002
2036;Charlie;0.7;0.2999999999999999;0.8;1.0;0.09999999999999998;-0.7000000000000002
2037;Charlie;0.7;0.2999999999999999;0.8;1.0;0.09999999999999998;-0.7000000000000002
2038;Charlie;0.7;0.2999999999999999;0.8;1.0;0.09999999999999998;-0.7000000000000002
2039;Charlie;0.7;0.2999999999999999;0.8;1.0;0.09999999999999998;-0.7000000000000002
2040;Charlie;0.7;0.2999999999999999;0.8;1.0;0.09999999999999998;-0.7000000000000002
2041;Charlie;0.7;0.2999999999999999;0.8;1.0;0.09999999999999998;-0.7000000000000002
2042;Charlie;0.7;0.2999999999999999;0.8;1.0;0.09999999999999998;-0.7000000000000002
2043;Charlie;0.7;0.2999999999999999;0.8;1.0;0.09999999999999998;-0.7000000000000002
2044;Charlie;0.7;0.2999999999999999;0.8;1.0;0.09999999999999998;-0.7000000000000002
2045;Charlie;0.7;0.2999999999999999;0.8;1.0;0.09999999999999998;-0.7000000000000002
2046;Charlie;0.7;0.2999999999999999;0.8;1.0;0.09999999999999998;-0.7000000000000002
2047;Charlie;0.7;0.2999999999999999;0.8;1.0;0.09999999999999998;-0.7000000000000002
2048;Charlie;0.7;0.2999999999999999;0.8;1.0;0.09999999999999998;-0.7000000000000002
2049;Charlie;0.7;0.2999999999999999;0.8;1.0;0.09999999999999998;-0.7000000000000002
2050;Charlie;0.7;0.2999999999999999;0.8;1.0;0.09999999999999998;-0.7000000000000002
2051;Charlie;0.7;0.2999999999999999;0.8;1.0;0.09999999999999998;-0.7000000000000002
2052;Charlie;0.7;0.2999999999999999;0.8;1.0;0.09999999999999998;-0.7000000000000002
2053;Charlie;0.7;0.2999999999999999;0.8;1.0;0.09999999999999998;-0.7000000000000002
2054;Charlie;0.7;0.2999999999999999;0.8;1.0;0.09999999999999998;-0.7000000000000002
2055;Charlie;0.7;0.2999999999999999;0.8;1.0;0.09999999999999998;-0.7000000000000002
2056;Charlie;0.7;0.2999999999999999;0.8;1.0;0.09999999999999998;-0.7000000000000002
2057;Charlie;0.7;0.2999999999999999;0.8;1.0;0.09999999999999998;-0.7000000000000002
2058;Charlie;0.7;0.2999999999999999;0.8;1.0;0.09999999999999998;-0.7000000000000002
2059;Charlie;0.7;0.2999999999999999;0.8;1.0;0.09999999999999998;-0.7000000000000002
2060;Charlie;0.7;0.2999999999999999;0.8;1.0;0.09999999999999998;-0.7000000000000002
2061;Charlie;0.7;0.2999999999999999;0.8;1.0;0.09999999999999998;-0.7000000000000002
2062;Charlie;0.7;0.2999999999999999;0.8;1.0;0.09999999999999998;-0.7000000000000002
2063;Charlie;0.7;0.2999999999999999;0.8;1.0;0.09999999999999998;-0.7000000000000002
2064;Charlie;0.7;0.2999999999999999;0.8;1.0;0.09999999999999998;-0.7000000000000002
2065;Charlie;0.7;0.2999999999999999;0.8;1.0;0.09999999999999998;-0.7000000000000002
2066;Charlie;0.7;0.2999999999999999;0.8;1.0;0.09999999999999998;-0.7000000000000002
2067;Charlie;0.7;0.2999999999999999;0.8;1.0;0.09999999999999998;-0.7000000000000002
2068;Charlie;0.7;0.2999999999999999;0.8;1.0;0.09999999999999998;-0.7000000000000002
2069;Charlie;0.7;0.2999999999999999;0.8;1.0;0.09999999999999998;-0.7000000000000002
2070;Charlie;0.7;0.2999999999999999;0.8;1.0;0.09999999999999998;-0.7000000000000002
2071;Charlie;0.7;0.2999999999999999;0.8;1.0;0.09999999999999998;-0.7000000000000002
2072;Charlie;0.7;0.2999999999999999;0.8;1.0;0.09999999999999998;-0.7000000000000002
2073;Charlie;0.7;0.2999999999999999;0.8;1.0;0.09999999999999998;-0.7000000000000002
2074;Charlie;0.7;0.2999999999999999;0.8;1.0;0.09999999999999998;-0.7000000000000002
2075;Charlie;0.7;0.2999999999999999;0.8;1.0;0.09999999999999998;-0.7000000000000002
2076;Charlie;0.7;0.2999999999999999;0.8;1.0;0.09999999999999998;-0.7000000000000002
2077;Charlie;0.7;0.2999999999999999;0.8;1.0;0.09999999999999998;-0.7000000000000002
2078;Charlie;0.7;0.2999999999999999;0.8;1.0;0.09999999999999998;-0.7000000000000002
2079;Charlie;0.7;0.2999999999999999;0.8;1.0;0.09999999999999998;-0.7000000000000002
2080;Charlie;0.7;0.2999999999999999;0.8;1.0;0.09999999999999998;-0.7000000000000002
2081;Charlie;0.7;0.2999999999999999;0.8;1.0;0.09999999999999998;-0.7000000000000002
2082;Charlie;0.7;0.2999999999999999;0.8;1.0;0.09999999999999998;-0.7000000000000002
2083;Charlie;0.7;0.2999999999999999;0.8;1.0;0.09999999999999998;-0.7000000000000002
2084;Charlie;0.7;0.2999999999999999;0.8;1.0;0.09999999999999998;-0.7000000000000002
2085;Charlie;0.7;0.2999999999999999;0.8;1.0;0.09999999999999998;-0.7000000000000002
2086;Charlie;0.7;0.2999999999999999;0.8;1.0;0.09999999999999998;-0.7000000000000002
2087;Charlie;0.7;0.2999999999999999;0.8;1.0;0.09999999999999998;-0.7000000000000002
2088;Charlie;0.7;0.2999999999999999;0.8;1.0;0.09999999999999998;-0.7000000000000002
2089;Charlie;0.7;0.2999999999999999;0.8;1.0;0.09999999999999998;-0.7000000000000002
2090;Charlie;0.7;0.2999999999999999;0.8;1.0;0.09999999999999998;-0.7000000000000002
2091;Charlie;0.7;0.2999999999999999;0.8;1.0;0.09999999999999998;-0.7000000000000002
2092;Charlie;0.7;0.2999999999999999;0.8;1.0;0.09999999999999998;-0.7000000000000002
2093;Charlie;0.7;0.2999999999999999;0.8;1.0;0.09999999999999998;-0.7000000000000002
2094;Charlie;0.7;0.2999999999999999;0.8;1.0;0.09999999999999998;-0.7000000000000002
2095;Charlie;0.7;0.2999999999999999;0.8;1.0;0.09999999999999998;-0.7000000000000002
2096;Charlie;0.7;0.2999999999999999;0.8;1.0;0.09999999999999998;-0.7000000000000002
2097;Charlie;0.7;0.2999999999999999;0.8;1.0;0.09999999999999998;-0.7000000000000002
2098;Charlie;0.7;0.2999999999999999;0.8;1.0;0.09999999999999998;-0.7000000000000002
2099;Charlie;0.7;0.2999999999999999;0.8;1.0;0.09999999999999998;-0.7000000000000002
2100;Charlie;0.7;0.2999999999999999;0.8;1.0;0.09999999999999998;-0.7000000000000002
2101;Charlie;0.7;0.2999999999999999;0.8;1.0;0.09999999999999998;-0.7000000000000002
2102;Charlie;0.7;0.2999999999999999;0.8;1.0;0.09999999999999998;-0.7000000000000002
2103;Charlie;0.7;0.2999999999999999;0.8;1.0;0.09999999999999998;-0.7000000000000002
2104;Charlie;0.7;0.2999999999999999;0.8;1.0;0.09999999999999998;-0.7000000000000002
2105;Charlie;0.7;0.2999999999999999;0.8;1.0;0.09999999999999998;-0.7000000000000002
2106;Charlie;0.7;0.2999999999999999;0.8;1.0;0.09999999999999998;-0.7000000000000002
2107;Charlie;0.7;0.2999999999999999;0.8;1.0;0.09999999999999998;-0.7000000000000002
2108;Charlie;0.7;0.2999999999999999;0.8;1.0;0.09999999999999998;-0.7000000000000002
2109;Charlie;0.7;0.2999999999999999;0.8;1.0;0.09999999999999998;-0.7000000000000002
2110;Charlie;0.7;0.2999999999999999;0.8;1.0;0.09999999999999998;-0.7000000000000002
2111;Charlie;0.7;0.2999999999999999;0.8;1.0;0.09999999999999998;-0.7000000000000002
2112;Charlie;0.7;0.2999999999999999;0.8;1.0;0.09999999999999998;-0.7000000000000002
2113;Charlie;0.7;0.2999999999999999;0.8;1.0;0.09999999999999998;-0.7000000000000002
2114;Charlie;0.7;0.2999999999999999;0.8;1.0;0.09999999999999998;-0.7000000000000002
2123;Charlie;0.7;0.2999999999999999;1.0;1.0;0.09999999999999998;-0.7000000000000002
2132;Charlie;0.7;0.2999999999999999;1.0;1.0;0.09999999999999998;-0.7000000000000002
2141;Charlie;0.7;0.2999999999999999;1.0;1.0;0.09999999999999998;-0.7000000000000002
2150;Charlie;0.7;0.2999999999999999;1.0;1.0;0.09999999999999998;-0.7000000000000002
2164;Charlie;0.7;0.2999999999999999;1.0;1.0;0.09999999999999998;-0.7000000000000002
2173;Charlie;0.7;0.2999999999999999;1.0;1.0;0.09999999999999998;-0.7000000000000002
2182;Charlie;0.7;0.2999999999999999;1.0;1.0;0.09999999999999998;-0.7000000000000002
2191;Charlie;0.7;0.2999999999999999;1.0;1.0;0.09999999999999998;-0.7000000000000002
2200;Charlie;0.7;0.2999999999999999;1.0;1.0;0.09999999999999998;-0.7000000000000002
2209;Charlie;0.7;0.2999999999999999;1.0;1.0;0.09999999999999998;-0.7000000000000002
2218;Charlie;0.7;0.2999999999999999;1.0;1.0;0.09999999999999998;-0.7000000000000002
2232;Charlie;0.7;0.2999999999999999;1.0;1.0;0.09999999999999998;-0.7000000000000002
2246;Charlie;0.7;0.2999999999999999;1.0;1.0;0.09999999999999998;-0.7000000000000002
2260;Charlie;0.7;0.2999999999999999;1.0;1.0;0.09999999999999998;-0.7000000000000002
2269;Charlie;0.7;0.2999999999999999;1.0;1.0;0.09999999999999998;-0.7000000000000002
2278;Charlie;0.7;0.2999999999999999;1.0;1.0;0.09999999999999998;-0.7000000000000002
2287;Charlie;0.7;0.2999999999999999;1.0;1.0;0.09999999999999998;-0.7000000000000002
2296;Charlie;0.7;0.2999999999999999;1.0;1.0;0.09999999999999998;-0.7000000000000002
2305;Charlie;0.7;0.2999999999999999;1.0;1.0;0.09999999999999998;-0.7000000000000002
2314;Charlie;0.7;0.2999999999999999;1.0;1.0;0.09999999999999998;-0.7000000000000002
2323;Charlie;0.7;0.2999999999999999;1.0;1.0;0.09999999999999998;-0.7000000000000002
2332;Charlie;0.7;0.2999999999999999;1.0;1.0;0.09999999999999998;-0.7000000000000002
2341;Charlie;0.7;0.2999999999999999;1.0;1.0;0.09999999999999998;-0.7000000000000002
2350;Charlie;0.7;0.2999999999999999;1.0;1.0;0.09999999999999998;-0.7000000000000002
2376;Charlie;0.7;0.2999999999999999;1.0;1.0;0.09999999999999998;-0.7000000000000002
2385;Charlie;0.7;0.2999999999999999;1.0;1.0;0.09999999999999998;-0.7000000000000002
2394;Charlie;0.7;0.2999999999999999;1.0;1.0;0.09999999999999998;-0.7000000000000002
2403;Charlie;0.7;0.2999999999999999;1.0;1.0;0.09999999999999998;-0.7000000000000002
2412;Charlie;0.7;0.2999999999999999;1.0;1.0;0.09999999999999998;-0.7000000000000002
2421;Charlie;0.7;0.2999999999999999;1.0;1.0;0.09999999999999998;-0.7000000000000002
2430;Charlie;0.7;0.2999999999999999;1.0;1.0;0.09999999999999998;-0.7000000000000002
2439;Charlie;0.7;0.2999999999999999;1.0;1.0;0.09999999999999998;-0.7000000000000002
2448;Charlie;0.7;0.2999999999999999;1.0;1.0;0.09999999999999998;-0.7000000000000002
2457;Charlie;0.7;0.2999999999999999;1.0;1.0;0.09999999999999998;-0.7000000000000002
2471;Charlie;0.7;0.2999999999999999;1.0;1.0;0.09999999999999998;-0.7000000000000002
2485;Charlie;0.7;0.2999999999999999;1.0;1.0;0.09999999999999998;-0.7000000000000002
2499;Charlie;0.7;0.2999999999999999;1.0;1.0;0.09999999999999998;-0.7000000000000002
2513;Charlie;0.7;0.2999999999999999;1.0;1.0;0.09999999999999998;-0.7000000000000002
2527;Charlie;0.7;0.2999999999999999;1.0;1.0;0.09999999999999998;-0.7000000000000002
2541;Charlie;0.7;0.2999999999999999;1.0;1.0;0.09999999999999998;-0.7000000000000002
2555;Charlie;0.7;0.2999999999999999;1.0;1.0;0.09999999999999998;-0.7000000000000002
2564;Charlie;0.7;0.2999999999999999;1.0;1.0;0.09999999999999998;-0.7000000000000002
2573;Charlie;0.7;0.2999999999999999;1.0;1.0;0.09999999999999998;-0.7000000000000002
2582;Charlie;0.7;0.2999999999999999;1.0;1.0;0.09999999999999998;-0.7000000000000002
2591;Charlie;0.7;0.2999999999999999;1.0;1.0;0.09999999999999998;-0.7000000000000002
2600;Charlie;0.7;0.2999999999999999;1.0;1.0;0.09999999999999998;-0.7000000000000002
2609;Charlie;0.7;0.2999999999999999;1.0;1.0;0.09999999999999998;-0.7000000000000002
2610;Charlie;0.7;0.2999999999999999;1.0;1.0;0.09999999999999998;-0.7000000000000002
2611;Charlie;0.7;0.2999999999999999;1.0;1.0;0.09999999999999998;-0.7000000000000002
2612;Charlie;0.7;0.2999999999999999;1.0;1.0;0.09999999999999998;-0.7000000000000002
2613;Charlie;0.7;0.2999999999999999;1.0;1.0;0.09999999999999998;-0.7000000000000002
2614;Charlie;0.7;0.2999999999999999;1.0;1.0;0.09999999999999998;-0.7000000000000002
2615;Charlie;0.7;0.2999999999999999;1.0;1.0;0.09999999999999998;-0.7000000000000002
2616;Charlie;0.7;0.2999999999999999;1.0;1.0;0.09999999999999998;-0.7000000000000002
2617;Charlie;0.7;0.2999999999999999;1.0;1.0;0.09999999999999998;-0.7000000000000002
2618;Charlie;0.7;0.2999999999999999;1.0;1.0;0.09999999999999998;-0.7000000000000002
2619;Charlie;0.7;0.2999999999999999;1.0;1.0;0.09999999999999998;-0.7000000000000002
2620;Charlie;0.7;0.2999999999999999;1.0;1.0;0.09999999999999998;-0.7000000000000002
2621;Charlie;0.7;0.2999999999999999;1.0;1.0;0.09999999999999998;-0.7000000000000002
2622;Charlie;0.7;0.2999999999999999;1.0;1.0;0.09999999999999998;-0.7000000000000002
2623;Charlie;0.7;0.2999999999999999;1.0;1.0;0.09999999999999998;-0.7000000000000002
2624;Charlie;0.7;0.2999999999999999;1.0;1.0;0.09999999999999998;-0.7000000000000002
2625;Charlie;0.7;0.2999999999999999;1.0;1.0;0.09999999999999998;-0.7000000000000002
2626;Charlie;0.7;0.2999999999999999;1.0;1.0;0.09999999999999998;-0.7000000000000002
2627;Charlie;0.7;0.2999999999999999;1.0;1.0;0.09999999999999998;-0.7000000000000002
2628;Charlie;0.7;0.2999999999999999;1.0;1.0;0.09999999999999998;-0.7000000000000002
2629;Charlie;0.7;0.2999999999999999;1.0;1.0;0.09999999999999998;-0.7000000000000002
2630;Charlie;0.7;0.2999999999999999;1.0;1.0;0.09999999999999998;-0.7000000000000002
2631;Charlie;0.7;0.2999999999999999;1.0;1.0;0.09999999999999998;-0.7000000000000002
2632;Charlie;0.7;0.2999999999999999;1.0;1.0;0.09999999999999998;-0.7000000000000002
2633;Charlie;0.7;0.2999999999999999;1.0;1.0;0.09999999999999998;-0.7000000000000002
2634;Charlie;0.7;0.2999999999999999;1.0;1.0;0.09999999999999998;-0.7000000000000002
2635;Charlie;0.7;0.2999999999999999;1.0;1.0;0.09999999999999998;-0.7000000000000002
2636;Charlie;0.7;0.2999999999999999;1.0;1.0;0.09999999999999998;-0.7000000000000002
2637;Charlie;0.7;0.2999999999999999;1.0;1.0;0.09999999999999998;-0.7000000000000002
2638;Charlie;0.7;0.2999999999999999;1.0;1.0;0.09999999999999998;-0.7000000000000002
2639;Charlie;0.7;0.2999999999999999;1.0;1.0;0.09999999999999998;-0.7000000000000002
2640;Charlie;0.7;0.2999999999999999;1.0;1.0;0.09999999999999998;-0.7000000000000002
2641;Charlie;0.7;0.2999999999999999;1.0;1.0;0.09999999999999998;-0.7000000000000002
2642;Charlie;0.7;0.2999999999999999;1.0;1.0;0.09999999999999998;-0.7000000000000002
2643;Charlie;0.7;0.2999999999999999;1.0;1.0;0.09999999999999998;-0.7000000000000002
2644;Charlie;0.7;0.2999999999999999;1.0;1.0;0.09999999999999998;-0.7000000000000002
2645;Charlie;0.7;0.2999999999999999;1.0;1.0;0.09999999999999998;-0.7000000000000002
2646;Charlie;0.7;0.2999999999999999;1.0;1.0;0.09999999999999998;-0.7000000000000002
2647;Charlie;0.7;0.2999999999999999;1.0;1.0;0.09999999999999998;-0.7000000000000002
2648;Charlie;0.7;0.2999999999999999;1.0;1.0;0.09999999999999998;-0.7000000000000002
2649;Charlie;0.7;0.2999999999999999;1.0;1.0;0.09999999999999998;-0.7000000000000002
2650;Charlie;0.7;0.2999999999999999;1.0;1.0;0.09999999999999998;-0.7000000000000002
2651;Charlie;0.7;0.2999999999999999;1.0;1.0;0.09999999999999998;-0.7000000000000002
2652;Charlie;0.7;0.2999999999999999;1.0;1.0;0.09999999999999998;-0.7000000000000002
2653;Charlie;0.7;0.2999999999999999;1.0;1.0;0.09999999999999998;-0.7000000000000002
2654;Charlie;0.7;0.2999999999999999;1.0;1.0;0.09999999999999998;-0.7000000000000002
2655;Charlie;0.7;0.2999999999999999;1.0;1.0;0.09999999999999998;-0.7000000000000002
2656;Charlie;0.7;0.2999999999999999;1.0;1.0;0.09999999999999998;-0.7000000000000002
2657;Charlie;0.7;0.2999999999999999;1.0;1.0;0.09999999999999998;-0.7000000000000002
2658;Charlie;0.7;0.2999999999999999;1.0;1.0;0.09999999999999998;-0.7000000000000002
2659;Charlie;0.7;0.2999999999999999;1.0;1.0;0.09999999999999998;-0.7000000000000002
2660;Charlie;0.7;0.2999999999999999;1.0;1.0;0.09999999999999998;-0.7000000000000002
2661;Charlie;0.7;0.2999999999999999;1.0;1.0;0.09999999999999998;-0.7000000000000002
2662;Charlie;0.7;0.2999999999999999;1.0;1.0;0.09999999999999998;-0.7000000000000002
2663;Charlie;0.7;0.2999999999999999;1.0;1.0;0.09999999999999998;-0.7000000000000002
2664;Charlie;0.7;0.2999999999999999;1.0;1.0;0.09999999999999998;-0.7000000000000002
2665;Charlie;0.7;0.2999999999999999;1.0;1.0;0.09999999999999998;-0.7000000000000002
2666;Charlie;0.7;0.2999999999999999;1.0;1.0;0.09999999999999998;-0.7000000000000002
2667;Charlie;0.7;0.2999999999999999;1.0;1.0;0.09999999999999998;-0.7000000000000002
2668;Charlie;0.7;0.2999999999999999;1.0;1.0;0.09999999999999998;-0.7000000000000002
2669;Charlie;0.7;0.2999999999999999;1.0;1.0;0.09999999999999998;-0.7000000000000002
2670;Charlie;0.7;0.2999999999999999;1.0;1.0;0.09999999999999998;-0.7000000000000002
2671;Charlie;0.7;0.2999999999999999;1.0;1.0;0.09999999999999998;-0.7000000000000002
2672;Charlie;0.7;0.2999999999999999;1.0;1.0;0.09999999999999998;-0.7000000000000002
2673;Charlie;0.7;0.2999999999999999;1.0;1.0;0.09999999999999998;-0.7000000000000002
2674;Charlie;0.7;0.2999999999999999;1.0;1.0;0.09999999999999998;-0.7000000000000002
2675;Charlie;0.7;0.2999999999999999;1.0;1.0;0.09999999999999998;-0.7000000000000002
2676;Charlie;0.7;0.2999999999999999;1.0;1.0;0.09999999999999998;-0.7000000000000002
2677;Charlie;0.7;0.2999999999999999;1.0;1.0;0.09999999999999998;-0.7000000000000002
2678;Charlie;0.7;0.2999999999999999;1.0;1.0;0.09999999999999998;-0.7000000000000002
2679;Charlie;0.7;0.2999999999999999;1.0;1.0;0.09999999999999998;-0.7000000000000002
2680;Charlie;0.7;0.2999999999999999;1.0;1.0;0.09999999999999998;-0.7000000000000002
2681;Charlie;0.7;0.2999999999999999;1.0;1.0;0.09999999999999998;-0.7000000000000002
2682;Charlie;0.7;0.2999999999999999;1.0;1.0;0.09999999999999998;-0.7000000000000002
2683;Charlie;0.7;0.2999999999999999;1.0;1.0;0.09999999999999998;-0.7000000000000002
2684;Charlie;0.7;0.2999999999999999;1.0;1.0;0.09999999999999998;-0.7000000000000002
2685;Charlie;0.7;0.2999999999999999;1.0;1.0;0.09999999999999998;-0.7000000000000002
2686;Charlie;0.7;0.2999999999999999;1.0;1.0;0.09999999999999998;-0.7000000000000002
2687;Charlie;0.7;0.2999999999999999;1.0;1.0;0.09999999999999998;-0.7000000000000002
2688;Charlie;0.7;0.2999999999999999;1.0;1.0;0.09999999999999998;-0.7000000000000002
2689;Charlie;0.7;0.2999999999999999;1.0;1.0;0.09999999999999998;-0.7000000000000002
2690;Charlie;0.7;0.2999999999999999;1.0;1.0;0.09999999999999998;-0.7000000000000002
2691;Charlie;0.7;0.2999999999999999;1.0;1.0;0.09999999999999998;-0.7000000000000002
2692;Charlie;0.7;0.2999999999999999;1.0;1.0;0.09999999999999998;-0.7000000000000002
2693;Charlie;0.7;0.2999999999999999;1.0;1.0;0.09999999999999998;-0.7000000000000002
2694;Charlie;0.7;0.2999999999999999;1.0;1.0;0.09999999999999998;-0.7000000000000002
2695;Charlie;0.7;0.2999999999999999;1.0;1.0;0.09999999999999998;-0.7000000000000002
2696;Charlie;0.7;0.2999999999999999;1.0;1.0;0.09999999999999998;-0.7000000000000002
2697;Charlie;0.7;0.2999999999999999;1.0;1.0;0.09999999999999998;-0.7000000000000002
2698;Charlie;0.7;0.2999999999999999;1.0;1.0;0.09999999999999998;-0.7000000000000002
2699;Charlie;0.7;0.2999999999999999;1.0;1.0;0.09999999999999998;-0.7000000000000002
2700;Charlie;0.7;0.2999999999999999;1.0;1.0;0.09999999999999998;-0.7000000000000002
2701;Charlie;0.7;0.2999999999999999;1.0;1.0;0.09999999999999998;-0.7000000000000002
2702;Charlie;0.7;0.2999999999999999;1.0;1.0;0.09999999999999998;-0.7000000000000002
2703;Charlie;0.7;0.2999999999999999;1.0;1.0;0.09999999999999998;-0.7000000000000002
2704;Charlie;0.7;0.2999999999999999;1.0;1.0;0.09999999999999998;-0.7000000000000002
2705;Charlie;0.7;0.2999999999999999;1.0;1.0;0.09999999999999998;-0.7000000000000002
2706;Charlie;0.7;0.2999999999999999;1.0;1.0;0.09999999999999998;-0.7000000000000002
2707;Charlie;0.7;0.2999999999999999;1.0;1.0;0.09999999999999998;-0.7000000000000002
2708;Charlie;0.7;0.2999999999999999;1.0;1.0;0.09999999999999998;-0.7000000000000002
2709;Charlie;0.7;0.2999999999999999;1.0;1.0;0.09999999999999998;-0.7000000000000002
2710;Charlie;0.7;0.2999999999999999;1.0;1.0;0.09999999999999998;-0.7000000000000002
2711;Charlie;0.7;0.2999999999999999;1.0;1.0;0.09999999999999998;-0.7000000000000002
2712;Charlie;0.7;0.2999999999999999;1.0;1.0;0.09999999999999998;-0.7000000000000002
2713;Charlie;0.7;0.2999999999999999;1.0;1.0;0.09999999999999998;-0.7000000000000002
2714;Charlie;0.7;0.2999999999999999;1.0;1.0;0.09999999999999998;-0.7000000000000002
2715;Charlie;0.7;0.2999999999999999;1.0;1.0;0.09999999999999998;-0.7000000000000002
2716;Charlie;0.7;0.2999999999999999;1.0;1.0;0.09999999999999998;-0.7000000000000002
2717;Charlie;0.7;0.2999999999999999;1.0;1.0;0.09999999999999998;-0.7000000000000002
2718;Charlie;0.7;0.2999999999999999;1.0;1.0;0.09999999999999998;-0.7000000000000002
2719;Charlie;0.7;0.2999999999999999;1.0;1.0;0.09999999999999998;-0.7000000000000002
2720;Charlie;0.7;0.2999999999999999;1.0;1.0;0.09999999999999998;-0.7000000000000002
2721;Charlie;0.7;0.2999999999999999;1.0;1.0;0.09999999999999998;-0.7000000000000002
2722;Charlie;0.7;0.2999999999999999;1.0;1.0;0.09999999999999998;-0.7000000000000002
2723;Charlie;0.7;0.2999999999999999;1.0;1.0;0.09999999999999998;-0.7000000000000002
2724;Charlie;0.7;0.2999999999999999;1.0;1.0;0.09999999999999998;-0.7000000000000002
2725;Charlie;0.7;0.2999999999999999;1.0;1.0;0.09999999999999998;-0.7000000000000002
2726;Charlie;0.7;0.2999999999999999;1.0;1.0;0.09999999999999998;-0.7000000000000002
2727;Charlie;0.7;0.2999999999999999;1.0;1.0;0.09999999999999998;-0.7000000000000002
2728;Charlie;0.7;0.2999999999999999;1.0;1.0;0.09999999999999998;-0.7000000000000002
2729;Charlie;0.7;0.2999999999999999;1.0;1.0;0.09999999999999998;-0.7000000000000002
2730;Charlie;0.7;0.2999999999999999;1.0;1.0;0.09999999999999998;-0.7000000000000002
2731;Charlie;0.7;0.2999999999999999;1.0;1.0;0.09999999999999998;-0.7000000000000002
2732;Charlie;0.7;0.2999999999999999;1.0;1.0;0.09999999999999998;-0.7000000000000002
2733;Charlie;0.7;0.2999999999999999;1.0;1.0;0.09999999999999998;-0.7000000000000002
2734;Charlie;0.7;0.2999999999999999;1.0;1.0;0.09999999999999998;-0.7000000000000002
2735;Charlie;0.7;0.2999999999999999;1.0;1.0;0.09999999999999998;-0.7000000000000002
2736;Charlie;0.7;0.2999999999999999;1.0;1.0;0.09999999999999998;-0.7000000000000002
2737;Charlie;0.7;0.2999999999999999;1.0;1.0;0.09999999999999998;-0.7000000000000002
2738;Charlie;0.7;0.2999999999999999;1.0;1.0;0.09999999999999998;-0.7000000000000002
2739;Charlie;0.7;0.2999999999999999;1.0;1.0;0.09999999999999998;-0.7000000000000002
2740;Charlie;0.7;0.2999999999999999;1.0;1.0;0.09999999999999998;-0.7000000000000002
2741;Charlie;0.7;0.2999999999999999;1.0;1.0;0.09999999999999998;-0.7000000000000002
2742;Charlie;0.7;0.2999999999999999;1.0;1.0;0.09999999999999998;-0.7000000000000002
2743;Charlie;0.7;0.2999999999999999;1.0;1.0;0.09999999999999998;-0.7000000000000002
2744;Charlie;0.7;0.2999999999999999;1.0;1.0;0.09999999999999998;-0.7000000000000002
2745;Charlie;0.7;0.2999999999999999;1.0;1.0;0.09999999999999998;-0.7000000000000002
2746;Charlie;0.7;0.2999999999999999;1.0;1.0;0.09999999999999998;-0.7000000000000002
2747;Charlie;0.7;0.2999999999999999;1.0;1.0;0.09999999999999998;-0.7000000000000002
2748;Charlie;0.7;0.2999999999999999;1.0;1.0;0.09999999999999998;-0.7000000000000002
2749;Charlie;0.7;0.2999999999999999;1.0;1.0;0.09999999999999998;-0.7000000000000002
2750;Charlie;0.7;0.2999999999999999;1.0;1.0;0.09999999999999998;-0.7000000000000002
2751;Charlie;0.7;0.2999999999999999;1.0;1.0;0.09999999999999998;-0.7000000000000002
2752;Charlie;0.7;0.2999999999999999;1.0;1.0;0.09999999999999998;-0.7000000000000002
2753;Charlie;0.7;0.2999999999999999;1.0;1.0;0.09999999999999998;-0.7000000000000002
2754;Charlie;0.7;0.2999999999999999;1.0;1.0;0.09999999999999998;-0.7000000000000002
2755;Charlie;0.7;0.2999999999999999;1.0;1.0;0.09999999999999998;-0.7000000000000002
2756;Charlie;0.7;0.2999999999999999;1.0;1.0;0.09999999999999998;-0.7000000000000002
2757;Charlie;0.7;0.2999999999999999;1.0;1.0;0.09999999999999998;-0.7000000000000002
2758;Charlie;0.7;0.2999999999999999;1.0;1.0;0.09999999999999998;-0.7000000000000002
2759;Charlie;0.7;0.2999999999999999;1.0;1.0;0.09999999999999998;-0.7000000000000002
2760;Charlie;0.7;0.2999999999999999;1.0;1.0;0.09999999999999998;-0.7000000000000002
2761;Charlie;0.7;0.2999999999999999;1.0;1.0;0.09999999999999998;-0.7000000000000002
2762;Charlie;0.7;0.2999999999999999;1.0;1.0;0.09999999999999998;-0.7000000000000002
2763;Charlie;0.7;0.2999999999999999;1.0;1.0;0.09999999999999998;-0.7000000000000002
2764;Charlie;0.7;0.2999999999999999;1.0;1.0;0.09999999999999998;-0.7000000000000002
2765;Charlie;0.7;0.2999999999999999;1.0;1.0;0.09999999999999998;-0.7000000000000002
2766;Charlie;0.7;0.2999999999999999;1.0;1.0;0.09999999999999998;-0.7000000000000002
2767;Charlie;0.7;0.2999999999999999;1.0;1.0;0.09999999999999998;-0.7000000000000002
2768;Charlie;0.7;0.2999999999999999;1.0;1.0;0.09999999999999998;-0.7000000000000002
2769;Charlie;0.7;0.2999999999999999;1.0;1.0;0.09999999999999998;-0.7000000000000002
2770;Charlie;0.7;0.2999999999999999;1.0;1.0;0.09999999999999998;-0.7000000000000002
2771;Charlie;0.7;0.2999999999999999;1.0;1.0;0.09999999999999998;-0.7000000000000002
2772;Charlie;0.7;0.2999999999999999;1.0;1.0;0.09999999999999998;-0.7000000000000002
2773;Charlie;0.7;0.2999999999999999;1.0;1.0;0.09999999999999998;-0.7000000000000002
2774;Charlie;0.7;0.2999999999999999;1.0;1.0;0.09999999999999998;-0.7000000000000002
2775;Charlie;0.7;0.2999999999999999;1.0;1.0;0.09999999999999998;-0.7000000000000002
2776;Charlie;0.7;0.2999999999999999;1.0;1.0;0.09999999999999998;-0.7000000000000002
2777;Charlie;0.7;0.2999999999999999;1.0;1.0;0.09999999999999998;-0.7000000000000002
2778;Charlie;0.7;0.2999999999999999;1.0;1.0;0.09999999999999998;-0.7000000000000002
2779;Charlie;0.7;0.2999999999999999;1.0;1.0;0.09999999999999998;-0.7000000000000002
2780;Charlie;0.7;0.2999999999999999;1.0;1.0;0.09999999999999998;-0.7000000000000002
2781;Charlie;0.7;0.2999999999999999;1.0;1.0;0.09999999999999998;-0.7000000000000002
2782;Charlie;0.7;0.2999999999999999;1.0;1.0;0.09999999999999998;-0.7000000000000002
2783;Charlie;0.7;0.2999999999999999;1.0;1.0;0.09999999999999998;-0.7000000000000002
2784;Charlie;0.7;0.2999999999999999;1.0;1.0;0.09999999999999998;-0.7000000000000002
2785;Charlie;0.7;0.2999999999999999;1.0;1.0;0.09999999999999998;-0.7000000000000002
2786;Charlie;0.7;0.2999999999999999;1.0;1.0;0.09999999999999998;-0.7000000000000002
2787;Charlie;0.7;0.2999999999999999;1.0;1.0;0.09999999999999998;-0.7000000000000002
2788;Charlie;0.7;0.2999999999999999;1.0;1.0;0.09999999999999998;-0.7000000000000002
2789;Charlie;0.7;0.2999999999999999;1.0;1.0;0.09999999999999998;-0.7000000000000002
2790;Charlie;0.7;0.2999999999999999;1.0;1.0;0.09999999999999998;-0.7000000000000002
2791;Charlie;0.7;0.2999999999999999;1.0;1.0;0.09999999999999998;-0.7000000000000002
2792;Charlie;0.7;0.2999999999999999;1.0;1.0;0.09999999999999998;-0.7000000000000002
2793;Charlie;0.7;0.2999999999999999;1.0;1.0;0.09999999999999998;-0.7000000000000002
2794;Charlie;0.7;0.2999999999999999;1.0;1.0;0.09999999999999998;-0.7000000000000002
2795;Charlie;0.7;0.2999999999999999;1.0;1.0;0.09999999999999998;-0.7000000000000002
2796;Charlie;0.7;0.2999999999999999;1.0;1.0;0.09999999999999998;-0.7000000000000002
2797;Charlie;0.7;0.2999999999999999;1.0;1.0;0.09999999999999998;-0.7000000000000002
2798;Charlie;0.7;0.2999999999999999;1.0;1.0;0.09999999999999998;-0.7000000000000002
2799;Charlie;0.7;0.2999999999999999;1.0;1.0;0.09999999999999998;-0.7000000000000002
2800;Charlie;0.7;0.2999999999999999;1.0;1.0;0.09999999999999998;-0.7000000000000002
2801;Charlie;0.7;0.2999999999999999;1.0;1.0;0.09999999999999998;-0.7000000000000002
2802;Charlie;0.7;0.2999999999999999;1.0;1.0;0.09999999999999998;-0.7000000000000002
2803;Charlie;0.7;0.2999999999999999;1.0;1.0;0.09999999999999998;-0.7000000000000002
2804;Charlie;0.7;0.2999999999999999;1.0;1.0;0.09999999999999998;-0.7000000000000002
2805;Charlie;0.7;0.2999999999999999;1.0;1.0;0.09999999999999998;-0.7000000000000002
2806;Charlie;0.7;0.2999999999999999;1.0;1.0;0.09999999999999998;-0.7000000000000002
2807;Charlie;0.7;0.2999999999999999;1.0;1.0;0.09999999999999998;-0.7000000000000002
2808;Charlie;0.7;0.2999999999999999;1.0;1.0;0.09999999999999998;-0.7000000000000002
2809;Charlie;0.7;0.2999999999999999;1.0;1.0;0.09999999999999998;-0.7000000000000002
2810;Charlie;0.7;0.2999999999999999;1.0;1.0;0.09999999999999998;-0.7000000000000002
2811;Charlie;0.7;0.2999999999999999;1.0;1.0;0.09999999999999998;-0.7000000000000002
2812;Charlie;0.7;0.2999999999999999;1.0;1.0;0.09999999999999998;-0.7000000000000002
2813;Charlie;0.7;0.2999999999999999;1.0;1.0;0.09999999999999998;-0.7000000000000002
2814;Charlie;0.7;0.2999999999999999;1.0;1.0;0.09999999999999998;-0.7000000000000002
2815;Charlie;0.7;0.2999999999999999;1.0;1.0;0.09999999999999998;-0.7000000000000002
2816;Charlie;0.7;0.2999999999999999;1.0;1.0;0.09999999999999998;-0.7000000000000002
2817;Charlie;0.7;0.2999999999999999;1.0;1.0;0.09999999999999998;-0.7000000000000002
2818;Charlie;0.7;0.2999999999999999;1.0;1.0;0.09999999999999998;-0.7000000000000002
2819;Charlie;0.7;0.2999999999999999;1.0;1.0;0.09999999999999998;-0.7000000000000002
2820;Charlie;0.7;0.2999999999999999;1.0;1.0;0.09999999999999998;-0.7000000000000002
2821;Charlie;0.7;0.2999999999999999;1.0;1.0;0.09999999999999998;-0.7000000000000002
2822;Charlie;0.7;0.2999999999999999;1.0;1.0;0.09999999999999998;-0.7000000000000002
2823;Charlie;0.7;0.2999999999999999;1.0;1.0;0.09999999999999998;-0.7000000000000002
2824;Charlie;0.7;0.2999999999999999;1.0;1.0;0.09999999999999998;-0.7000000000000002
2825;Charlie;0.7;0.2999999999999999;1.0;1.0;0.09999999999999998;-0.7000000000000002
2826;Charlie;0.7;0.2999999999999999;1.0;1.0;0.09999999999999998;-0.7000000000000002
2827;Charlie;0.7;0.2999999999999999;1.0;1.0;0.09999999999999998;-0.7000000000000002
2828;Charlie;0.7;0.2999999999999999;1.0;1.0;0.09999999999999998;-0.7000000000000002
2829;Charlie;0.7;0.2999999999999999;1.0;1.0;0.09999999999999998;-0.7000000000000002
2830;Charlie;0.7;0.2999999999999999;1.0;1.0;0.09999999999999998;-0.7000000000000002
2831;Charlie;0.7;0.2999999999999999;1.0;1.0;0.09999999999999998;-0.7000000000000002
2832;Charlie;0.7;0.2999999999999999;1.0;1.0;0.09999999999999998;-0.7000000000000002
2833;Charlie;0.7;0.2999999999999999;1.0;1.0;0.09999999999999998;-0.7000000000000002
2834;Charlie;0.7;0.2999999999999999;1.0;1.0;0.09999999999999998;-0.7000000000000002
2835;Charlie;0.7;0.2999999999999999;1.0;1.0;0.09999999999999998;-0.7000000000000002
2836;Charlie;0.7;0.2999999999999999;1.0;1.0;0.09999999999999998;-0.7000000000000002
2837;Charlie;0.7;0.2999999999999999;1.0;1.0;0.09999999999999998;-0.7000000000000002
2838;Charlie;0.7;0.2999999999999999;1.0;1.0;0.09999999999999998;-0.7000000000000002
2839;Charlie;0.7;0.2999999999999999;1.0;1.0;0.09999999999999998;-0.7000000000000002
2840;Charlie;0.7;0.2999999999999999;1.0;1.0;0.09999999999999998;-0.7000000000000002
2841;Charlie;0.7;0.2999999999999999;1.0;1.0;0.09999999999999998;-0.7000000000000002
2842;Charlie;0.7;0.2999999999999999;1.0;1.0;0.09999999999999998;-0.7000000000000002
2843;Charlie;0.7;0.2999999999999999;1.0;1.0;0.09999999999999998;-0.7000000000000002
2844;Charlie;0.7;0.2999999999999999;1.0;1.0;0.09999999999999998;-0.7000000000000002
2845;Charlie;0.7;0.2999999999999999;1.0;1.0;0.09999999999999998;-0.7000000000000002
2846;Charlie;0.7;0.2999999999999999;1.0;1.0;0.09999999999999998;-0.7000000000000002
2847;Charlie;0.7;0.2999999999999999;1.0;1.0;0.09999999999999998;-0.7000000000000002
2848;Charlie;0.7;0.2999999999999999;1.0;1.0;0.09999999999999998;-0.7000000000000002
2849;Charlie;0.7;0.2999999999999999;1.0;1.0;0.09999999999999998;-0.7000000000000002
2850;Charlie;0.7;0.2999999999999999;1.0;1.0;0.09999999999999998;-0.7000000000000002
2851;Charlie;0.7;0.2999999999999999;1.0;1.0;0.09999999999999998;-0.7000000000000002
2852;Charlie;0.7;0.2999999999999999;1.0;1.0;0.09999999999999998;-0.7000000000000002
2853;Charlie;0.7;0.2999999999999999;1.0;1.0;0.09999999999999998;-0.7000000000000002
2854;Charlie;0.7;0.2999999999999999;1.0;1.0;0.09999999999999998;-0.7000000000000002
2855;Charlie;0.7;0.2999999999999999;1.0;1.0;0.09999999999999998;-0.7000000000000002
2856;Charlie;0.7;0.2999999999999999;1.0;1.0;0.09999999999999998;-0.7000000000000002
2857;Charlie;0.7;0.2999999999999999;1.0;1.0;0.09999999999999998;-0.7000000000000002
2858;Charlie;0.7;0.2999999999999999;1.0;1.0;0.09999999999999998;-0.7000000000000002
2859;Charlie;0.7;0.2999999999999999;1.0;1.0;0.09999999999999998;-0.7000000000000002
2860;Charlie;0.7;0.2999999999999999;1.0;1.0;0.09999999999999998;-0.7000000000000002
2861;Charlie;0.7;0.2999999999999999;1.0;1.0;0.09999999999999998;-0.7000000000000002
2862;Charlie;0.7;0.2999999999999999;1.0;1.0;0.09999999999999998;-0.7000000000000002
2863;Charlie;0.7;0.2999999999999999;1.0;1.0;0.09999999999999998;-0.7000000000000002
2864;Charlie;0.7;0.2999999999999999;1.0;1.0;0.09999999999999998;-0.7000000000000002
2865;Charlie;0.7;0.2999999999999999;1.0;1.0;0.09999999999999998;-0.7000000000000002
2866;Charlie;0.7;0.2999999999999999;1.0;1.0;0.09999999999999998;-0.7000000000000002
2867;Charlie;0.7;0.2999999999999999;1.0;1.0;0.09999999999999998;-0.7000000000000002
2868;Charlie;0.7;0.2999999999999999;1.0;1.0;0.09999999999999998;-0.7000000000000002
2869;Charlie;0.7;0.2999999999999999;1.0;1.0;0.09999999999999998;-0.7000000000000002
2870;Charlie;0.7;0.2999999999999999;1.0;1.0;0.09999999999999998;-0.7000000000000002
2871;Charlie;0.7;0.2999999999999999;1.0;1.0;0.09999999999999998;-0.7000000000000002
2872;Charlie;0.7;0.2999999999999999;1.0;1.0;0.09999999999999998;-0.7000000000000002
2873;Charlie;0.7;0.2999999999999999;1.0;1.0;0.09999999999999998;-0.7000000000000002
2874;Charlie;0.7;0.2999999999999999;1.0;1.0;0.09999999999999998;-0.7000000000000002
2875;Charlie;0.7;0.2999999999999999;1.0;1.0;0.09999999999999998;-0.7000000000000002
2876;Charlie;0.7;0.2999999999999999;1.0;1.0;0.09999999999999998;-0.7000000000000002
2877;Charlie;0.7;0.2999999999999999;1.0;1.0;0.09999999999999998;-0.7000000000000002
2878;Charlie;0.7;0.2999999999999999;1.0;1.0;0.09999999999999998;-0.7000000000000002
2879;Charlie;0.7;0.2999999999999999;1.0;1.0;0.09999999999999998;-0.7000000000000002
2880;Charlie;0.7;0.2999999999999999;1.0;1.0;0.09999999999999998;-0.7000000000000002
2881;Charlie;0.7;0.2999999999999999;1.0;1.0;0.09999999999999998;-0.7000000000000002
2882;Charlie;0.7;0.2999999999999999;1.0;1.0;0.09999999999999998;-0.7000000000000002
2883;Charlie;0.7;0.2999999999999999;1.0;1.0;0.09999999999999998;-0.7000000000000002
2884;Charlie;0.7;0.2999999999999999;1.0;1.0;0.09999999999999998;-0.7000000000000002
2885;Charlie;0.7;0.2999999999999999;1.0;1.0;0.09999999999999998;-0.7000000000000002
2886;Charlie;0.7;0.2999999999999999;1.0;1.0;0.09999999999999998;-0.7000000000000002
2887;Charlie;0.7;0.2999999999999999;1.0;1.0;0.09999999999999998;-0.7000000000000002
2888;Charlie;0.7;0.2999999999999999;1.0;1.0;0.09999999999999998;-0.7000000000000002
2889;Charlie;0.7;0.2999999999999999;1.0;1.0;0.09999999999999998;-0.7000000000000002
2890;Charlie;0.7;0.2999999999999999;1.0;1.0;0.09999999999999998;-0.7000000000000002
2891;Charlie;0.7;0.2999999999999999;1.0;1.0;0.09999999999999998;-0.7000000000000002
2892;Charlie;0.7;0.2999999999999999;1.0;1.0;0.09999999999999998;-0.7000000000000002
2893;Charlie;0.7;0.2999999999999999;1.0;1.0;0.09999999999999998;-0.7000000000000002
2894;Charlie;0.7;0.2999999999999999;1.0;1.0;0.09999999999999998;-0.7000000000000002
2895;Charlie;0.7;0.2999999999999999;1.0;1.0;0.09999999999999998;-0.7000000000000002
2896;Charlie;0.7;0.2999999999999999;1.0;1.0;0.09999999999999998;-0.7000000000000002
2897;Charlie;0.7;0.2999999999999999;1.0;1.0;0.09999999999999998;-0.7000000000000002
2898;Charlie;0.7;0.2999999999999999;1.0;1.0;0.09999999999999998;-0.7000000000000002
2899;Charlie;0.7;0.2999999999999999;1.0;1.0;0.09999999999999998;-0.7000000000000002
2900;Charlie;0.7;0.2999999999999999;1.0;1.0;0.09999999999999998;-0.7000000000000002
2901;Charlie;0.7;0.2999999999999999;1.0;1.0;0.09999999999999998;-0.7000000000000002
2902;Charlie;0.7;0.2999999999999999;1.0;1.0;0.09999999999999998;-0.7000000000000002
2903;Charlie;0.7;0.2999999999999999;1.0;1.0;0.09999999999999998;-0.7000000000000002
2904;Charlie;0.7;0.2999999999999999;1.0;1.0;0.09999999999999998;-0.7000000000000002
2905;Charlie;0.7;0.2999999999999999;1.0;1.0;0.09999999999999998;-0.7000000000000002
2906;Charlie;0.7;0.2999999999999999;1.0;1.0;0.09999999999999998;-0.7000000000000002
2907;Charlie;0.7;0.2999999999999999;1.0;1.0;0.09999999999999998;-0.7000000000000002
2908;Charlie;0.7;0.2999999999999999;1.0;1.0;0.09999999999999998;-0.7000000000000002
2909;Charlie;0.7;0.2999999999999999;1.0;1.0;0.09999999999999998;-0.7000000000000002
2910;Charlie;0.7;0.2999999999999999;1.0;1.0;0.09999999999999998;-0.7000000000000002
2911;Charlie;0.7;0.2999999999999999;1.0;1.0;0.09999999999999998;-0.7000000000000002
2912;Charlie;0.7;0.2999999999999999;1.0;1.0;0.09999999999999998;-0.7000000000000002
2913;Charlie;0.7;0.2999999999999999;1.0;1.0;0.09999999999999998;-0.7000000000000002
2914;Charlie;0.7;0.2999999999999999;1.0;1.0;0.09999999999999998;-0.7000000000000002
2915;Charlie;0.7;0.2999999999999999;1.0;1.0;0.09999999999999998;-0.7000000000000002
2916;Charlie;0.7;0.2999999999999999;1.0;1.0;0.09999999999999998;-0.7000000000000002
2917;Charlie;0.7;0.2999999999999999;1.0;1.0;0.09999999999999998;-0.7000000000000002
2918;Charlie;0.7;0.2999999999999999;1.0;1.0;0.09999999999999998;-0.7000000000000002
2919;Charlie;0.7;0.2999999999999999;1.0;1.0;0.09999999999999998;-0.7000000000000002
2920;Charlie;0.7;0.2999999999999999;1.0;1.0;0.09999999999999998;-0.7000000000000002
2921;Charlie;0.7;0.2999999999999999;1.0;1.0;0.09999999999999998;-0.7000000000000002
2922;Charlie;0.7;0.2999999999999999;1.0;1.0;0.09999999999999998;-0.7000000000000002
2923;Charlie;0.7;0.2999999999999999;1.0;1.0;0.09999999999999998;-0.7000000000000002
2924;Charlie;0.7;0.2999999999999999;1.0;1.0;0.09999999999999998;-0.7000000000000002
2925;Charlie;0.7;0.2999999999999999;1.0;1.0;0.09999999999999998;-0.7000000000000002
2926;Charlie;0.7;0.2999999999999999;1.0;1.0;0.09999999999999998;-0.7000000000000002
2927;Charlie;0.7;0.2999999999999999;1.0;1.0;0.09999999999999998;-0.7000000000000002
2928;Charlie;0.7;0.2999999999999999;1.0;1.0;0.09999999999999998;-0.7000000000000002
2929;Charlie;0.7;0.2999999999999999;1.0;1.0;0.09999999999999998;-0.7000000000000002
2930;Charlie;0.7;0.2999999999999999;1.0;1.0;0.09999999999999998;-0.7000000000000002
2931;Charlie;0.7;0.2999999999999999;1.0;1.0;0.09999999999999998;-0.7000000000000002
2932;Charlie;0.7;0.2999999999999999;1.0;1.0;0.09999999999999998;-0.7000000000000002
2933;Charlie;0.7;0.2999999999999999;1.0;1.0;0.09999999999999998;-0.7000000000000002
2934;Charlie;0.7;0.2999999999999999;1.0;1.0;0.09999999999999998;-0.7000000000000002
2935;Charlie;0.7;0.2999999999999999;1.0;1.0;0.09999999999999998;-0.7000000000000002
2936;Charlie;0.7;0.2999999999999999;1.0;1.0;0.09999999999999998;-0.7000000000000002
2937;Charlie;0.7;0.2999999999999999;1.0;1.0;0.09999999999999998;-0.7000000000000002
2938;Charlie;0.7;0.2999999999999999;1.0;1.0;0.09999999999999998;-0.7000000000000002
2939;Charlie;0.7;0.2999999999999999;1.0;1.0;0.09999999999999998;-0.7000000000000002
2940;Charlie;0.7;0.2999999999999999;1.0;1.0;0.09999999999999998;-0.7000000000000002
2941;Charlie;0.7;0.2999999999999999;1.0;1.0;0.09999999999999998;-0.7000000000000002
2942;Charlie;0.7;0.2999999999999999;1.0;1.0;0.09999999999999998;-0.7000000000000002
2943;Charlie;0.7;0.2999999999999999;1.0;1.0;0.09999999999999998;-0.7000000000000002
2944;Charlie;0.7;0.2999999999999999;1.0;1.0;0.09999999999999998;-0.7000000000000002
2945;Charlie;0.7;0.2999999999999999;1.0;1.0;0.09999999999999998;-0.7000000000000002
2946;Charlie;0.7;0.2999999999999999;1.0;1.0;0.09999999999999998;-0.7000000000000002
2947;Charlie;0.7;0.2999999999999999;1.0;1.0;0.09999999999999998;-0.7000000000000002
2948;Charlie;0.7;0.2999999999999999;1.0;1.0;0.09999999999999998;-0.7000000000000002
2949;Charlie;0.7;0.2999999999999999;1.0;1.0;0.09999999999999998;-0.7000000000000002
2950;Charlie;0.7;0.2999999999999999;1.0;1.0;0.09999999999999998;-0.7000000000000002
2951;Charlie;0.7;0.2999999999999999;1.0;1.0;0.09999999999999998;-0.7000000000000002
2952;Charlie;0.7;0.2999999999999999;1.0;1.0;0.09999999999999998;-0.7000000000000002
2953;Charlie;0.7;0.2999999999999999;1.0;1.0;0.09999999999999998;-0.7000000000000002
2954;Charlie;0.7;0.2999999999999999;1.0;1.0;0.09999999999999998;-0.7000000000000002
2955;Charlie;0.7;0.2999999999999999;1.0;1.0;0.09999999999999998;-0.7000000000000002
2956;Charlie;0.7;0.2999999999999999;1.0;1.0;0.09999999999999998;-0.7000000000000002
2957;Charlie;0.7;0.2999999999999999;1.0;1.0;0.09999999999999998;-0.7000000000000002
2958;Charlie;0.7;0.2999999999999999;1.0;1.0;0.09999999999999998;-0.7000000000000002
2959;Charlie;0.7;0.2999999999999999;1.0;1.0;0.09999999999999998;-0.7000000000000002
2960;Charlie;0.7;0.2999999999999999;1.0;1.0;0.09999999999999998;-0.7000000000000002
2961;Charlie;0.7;0.2999999999999999;1.0;1.0;0.09999999999999998;-0.7000000000000002
2962;Charlie;0.7;0.2999999999999999;1.0;1.0;0.09999999999999998;-0.7000000000000002
2963;Charlie;0.7;0.2999999999999999;1.0;1.0;0.09999999999999998;-0.7000000000000002
2964;Charlie;0.7;0.2999999999999999;1.0;1.0;0.09999999999999998;-0.7000000000000002
2965;Charlie;0.7;0.2999999999999999;1.0;1.0;0.09999999999999998;-0.7000000000000002
2966;Charlie;0.7;0.2999999999999999;1.0;1.0;0.09999999999999998;-0.7000000000000002
2967;Charlie;0.7;0.2999999999999999;1.0;1.0;0.09999999999999998;-0.7000000000000002
2968;Charlie;0.7;0.2999999999999999;1.0;1.0;0.09999999999999998;-0.7000000000000002
2969;Charlie;0.7;0.2999999999999999;1.0;1.0;0.09999999999999998;-0.7000000000000002
2970;Charlie;0.7;0.2999999999999999;1.0;1.0;0.09999999999999998;-0.7000000000000002
2971;Charlie;0.7;0.2999999999999999;1.0;1.0;0.09999999999999998;-0.7000000000000002
2972;Charlie;0.7;0.2999999999999999;1.0;1.0;0.09999999999999998;-0.7000000000000002
2973;Charlie;0.7;0.2999999999999999;1.0;1.0;0.09999999999999998;-0.7000000000000002
2974;Charlie;0.7;0.2999999999999999;1.0;1.0;0.09999999999999998;-0.7000000000000002
2975;Charlie;0.7;0.2999999999999999;1.0;1.0;0.09999999999999998;-0.7000000000000002
2976;Charlie;0.7;0.2999999999999999;1.0;1.0;0.09999999999999998;-0.7000000000000002
2977;Charlie;0.7;0.2999999999999999;1.0;1.0;0.09999999999999998;-0.7000000000000002
2978;Charlie;0.7;0.2999999999999999;1.0;1.0;0.09999999999999998;-0.7000000000000002
2979;Charlie;0.7;0.2999999999999999;1.0;1.0;0.09999999999999998;-0.7000000000000002
2980;Charlie;0.7;0.2999999999999999;1.0;1.0;0.09999999999999998;-0.7000000000000002
2981;Charlie;0.7;0.2999999999999999;1.0;1.0;0.09999999999999998;-0.7000000000000002
2982;Charlie;0.7;0.2999999999999999;1.0;1.0;0.09999999999999998;-0.7000000000000002
2983;Charlie;0.7;0.2999999999999999;1.0;1.0;0.09999999999999998;-0.7000000000000002
2984;Charlie;0.7;0.2999999999999999;1.0;1.0;0.09999999999999998;-0.7000000000000002
2985;Charlie;0.7;0.2999999999999999;1.0;1.0;0.09999999999999998;-0.7000000000000002
2986;Charlie;0.7;0.2999999999999999;1.0;1.0;0.09999999999999998;-0.7000000000000002
2987;Charlie;0.7;0.2999999999999999;1.0;1.0;0.09999999999999998;-0.7000000000000002
2988;Charlie;0.7;0.2999999999999999;1.0;1.0;0.09999999999999998;-0.7000000000000002
2989;Charlie;0.7;0.2999999999999999;1.0;1.0;0.09999999999999998;-0.7000000000000002
2990;Charlie;0.7;0.2999999999999999;1.0;1.0;0.09999999999999998;-0.7000000000000002
2991;Charlie;0.7;0.2999999999999999;1.0;1.0;0.09999999999999998;-0.7000000000000002
2992;Charlie;0.7;0.2999999999999999;1.0;1.0;0.09999999999999998;-0.7000000000000002
2993;Charlie;0.7;0.2999999999999999;1.0;1.0;0.09999999999999998;-0.7000000000000002
2994;Charlie;0.7;0.2999999999999999;1.0;1.0;0.09999999999999998;-0.7000000000000002
2995;Charlie;0.7;0.2999999999999999;1.0;1.0;0.09999999999999998;-0.7000000000000002
2996;Charlie;0.7;0.2999999999999999;1.0;1.0;0.09999999999999998;-0.7000000000000002
2997;Charlie;0.7;0.2999999999999999;1.0;1.0;0.09999999999999998;-0.7000000000000002
2998;Charlie;0.7;0.2999999999999999;1.0;1.0;0.09999999999999998;-0.7000000000000002
2999;Charlie;0.7;0.2999999999999999;1.0;1.0;0.09999999999999998;-0.7000000000000002
3000;Charlie;0.7;0.2999999999999999;1.0;1.0;0.09999999999999998;-0.7000000000000002
3001;Charlie;0.7;0.2999999999999999;1.0;1.0;0.09999999999999998;-0.7000000000000002
3002;Charlie;0.7;0.2999999999999999;1.0;1.0;0.09999999999999998;-0.7000000000000002
3003;Charlie;0.7;0.2999999999999999;1.0;1.0;0.09999999999999998;-0.7000000000000002
3004;Charlie;0.7;0.2999999999999999;1.0;1.0;0.09999999999999998;-0.7000000000000002
3005;Charlie;0.7;0.2999999999999999;1.0;1.0;0.09999999999999998;-0.7000000000000002
3006;Charlie;0.7;0.2999999999999999;1.0;1.0;0.09999999999999998;-0.7000000000000002
3007;Charlie;0.7;0.2999999999999999;1.0;1.0;0.09999999999999998;-0.7000000000000002
3008;Charlie;0.7;0.2999999999999999;1.0;1.0;0.09999999999999998;-0.7000000000000002
3009;Charlie;0.7;0.2999999999999999;1.0;1.0;0.09999999999999998;-0.7000000000000002
3010;Charlie;0.7;0.2999999999999999;1.0;1.0;0.09999999999999998;-0.7000000000000002
3011;Charlie;0.7;0.2999999999999999;1.0;1.0;0.09999999999999998;-0.7000000000000002
3012;Charlie;0.7;0.2999999999999999;1.0;1.0;0.09999999999999998;-0.7000000000000002
3013;Charlie;0.7;0.2999999999999999;1.0;1.0;0.09999999999999998;-0.7000000000000002
3014;Charlie;0.7;0.2999999999999999;1.0;1.0;0.09999999999999998;-0.7000000000000002
3015;Charlie;0.7;0.2999999999999999;1.0;1.0;0.09999999999999998;-0.7000000000000002
3016;Charlie;0.7;0.2999999999999999;1.0;1.0;0.09999999999999998;-0.7000000000000002
3017;Charlie;0.7;0.2999999999999999;1.0;1.0;0.09999999999999998;-0.7000000000000002
3018;Charlie;0.7;0.2999999999999999;1.0;1.0;0.09999999999999998;-0.7000000000000002
3019;Charlie;0.7;0.2999999999999999;1.0;1.0;0.09999999999999998;-0.7000000000000002
3020;Charlie;0.7;0.2999999999999999;1.0;1.0;0.09999999999999998;-0.7000000000000002
3021;Charlie;0.7;0.2999999999999999;1.0;1.0;0.09999999999999998;-0.7000000000000002
3022;Charlie;0.7;0.2999999999999999;1.0;1.0;0.09999999999999998;-0.7000000000000002
3023;Charlie;0.7;0.2999999999999999;1.0;1.0;0.09999999999999998;-0.7000000000000002
3024;Charlie;0.7;0.2999999999999999;1.0;1.0;0.09999999999999998;-0.7000000000000002
3025;Charlie;0.7;0.2999999999999999;1.0;1.0;0.09999999999999998;-0.7000000000000002
3026;Charlie;0.7;0.2999999999999999;1.0;1.0;0.09999999999999998;-0.7000000000000002
3027;Charlie;0.7;0.2999999999999999;1.0;1.0;0.09999999999999998;-0.7000000000000002
3028;Charlie;0.7;0.2999999999999999;1.0;1.0;0.09999999999999998;-0.7000000000000002
3029;Charlie;0.7;0.2999999999999999;1.0;1.0;0.09999999999999998;-0.7000000000000002
3030;Charlie;0.7;0.2999999999999999;1.0;1.0;0.09999999999999998;-0.7000000000000002
3031;Charlie;0.7;0.2999999999999999;1.0;1.0;0.09999999999999998;-0.7000000000000002
3032;Charlie;0.7;0.2999999999999999;1.0;1.0;0.09999999999999998;-0.7000000000000002
3033;Charlie;0.7;0.2999999999999999;1.0;1.0;0.09999999999999998;-0.7000000000000002
3034;Charlie;0.7;0.2999999999999999;1.0;1.0;0.09999999999999998;-0.7000000000000002
3035;Charlie;0.7;0.2999999999999999;1.0;1.0;0.09999999999999998;-0.7000000000000002
3036;Charlie;0.7;0.2999999999999999;1.0;1.0;0.09999999999999998;-0.7000000000000002
3037;Charlie;0.7;0.2999999999999999;1.0;1.0;0.09999999999999998;-0.7000000000000002
3038;Charlie;0.7;0.2999999999999999;1.0;1.0;0.09999999999999998;-0.7000000000000002
3039;Charlie;0.7;0.2999999999999999;1.0;1.0;0.09999999999999998;-0.7000000000000002
3040;Charlie;0.7;0.2999999999999999;1.0;1.0;0.09999999999999998;-0.7000000000000002
3041;Charlie;0.7;0.2999999999999999;1.0;1.0;0.09999999999999998;-0.7000000000000002
3042;Charlie;0.7;0.2999999999999999;1.0;1.0;0.09999999999999998;-0.7000000000000002
3043;Charlie;0.7;0.2999999999999999;1.0;1.0;0.09999999999999998;-0.7000000000000002
3044;Charlie;0.7;0.2999999999999999;1.0;1.0;0.09999999999999998;-0.7000000000000002
3045;Charlie;0.7;0.2999999999999999;1.0;1.0;0.09999999999999998;-0.7000000000000002
3046;Charlie;0.7;0.2999999999999999;1.0;1.0;0.09999999999999998;-0.7000000000000002
3047;Charlie;0.7;0.2999999999999999;1.0;1.0;0.09999999999999998;-0.7000000000000002
3048;Charlie;0.7;0.2999999999999999;1.0;1.0;0.09999999999999998;-0.7000000000000002
3049;Charlie;0.7;0.2999999999999999;1.0;1.0;0.09999999999999998;-0.7000000000000002
3050;Charlie;0.7;0.2999999999999999;1.0;1.0;0.09999999999999998;-0.7000000000000002
3051;Charlie;0.7;0.2999999999999999;1.0;1.0;0.09999999999999998;-0.7000000000000002
3052;Charlie;0.7;0.2999999999999999;1.0;1.0;0.09999999999999998;-0.7000000000000002
3053;Charlie;0.7;0.2999999999999999;1.0;1.0;0.09999999999999998;-0.7000000000000002
3054;Charlie;0.7;0.2999999999999999;1.0;1.0;0.09999999999999998;-0.7000000000000002
3055;Charlie;0.7;0.2999999999999999;1.0;1.0;0.09999999999999998;-0.7000000000000002
3056;Charlie;0.7;0.2999999999999999;1.0;1.0;0.09999999999999998;-0.7000000000000002
3057;Charlie;0.7;0.2999999999999999;1.0;1.0;0.09999999999999998;-0.7000000000000002
3058;Charlie;0.7;0.2999999999999999;1.0;1.0;0.09999999999999998;-0.7000000000000002
3059;Charlie;0.7;0.2999999999999999;1.0;1.0;0.09999999999999998;-0.7000000000000002
3060;Charlie;0.7;0.2999999999999999;1.0;1.0;0.09999999999999998;-0.7000000000000002
3061;Charlie;0.7;0.2999999999999999;1.0;1.0;0.09999999999999998;-0.7000000000000002
3062;Charlie;0.7;0.2999999999999999;1.0;1.0;0.09999999999999998;-0.7000000000000002
3063;Charlie;0.7;0.2999999999999999;1.0;1.0;0.09999999999999998;-0.7000000000000002
3064;Charlie;0.7;0.2999999999999999;1.0;1.0;0.09999999999999998;-0.7000000000000002
3065;Charlie;0.7;0.2999999999999999;1.0;1.0;0.09999999999999998;-0.7000000000000002
3066;Charlie;0.7;0.2999999999999999;1.0;1.0;0.09999999999999998;-0.7000000000000002
3067;Charlie;0.7;0.2999999999999999;1.0;1.0;0.09999999999999998;-0.7000000000000002
3068;Charlie;0.7;0.2999999999999999;1.0;1.0;0.09999999999999998;-0.7000000000000002
3069;Charlie;0.7;0.2999999999999999;1.0;1.0;0.09999999999999998;-0.7000000000000002
3070;Charlie;0.7;0.2999999999999999;1.0;1.0;0.09999999999999998;-0.7000000000000002
3071;Charlie;0.7;0.2999999999999999;1.0;1.0;0.09999999999999998;-0.7000000000000002
3072;Charlie;0.7;0.2999999999999999;1.0;1.0;0.09999999999999998;-0.7000000000000002
3073;Charlie;0.7;0.2999999999999999;1.0;1.0;0.09999999999999998;-0.7000000000000002
3074;Charlie;0.7;0.2999999999999999;1.0;1.0;0.09999999999999998;-0.7000000000000002
3075;Charlie;0.7;0.2999999999999999;1.0;1.0;0.09999999999999998;-0.7000000000000002
3076;Charlie;0.7;0.2999999999999999;1.0;1.0;0.09999999999999998;-0.7000000000000002
3077;Charlie;0.7;0.2999999999999999;1.0;1.0;0.09999999999999998;-0.7000000000000002
3078;Charlie;0.7;0.2999999999999999;1.0;1.0;0.09999999999999998;-0.7000000000000002
3079;Charlie;0.7;0.2999999999999999;1.0;1.0;0.09999999999999998;-0.7000000000000002
3080;Charlie;0.7;0.2999999999999999;1.0;1.0;0.09999999999999998;-0.7000000000000002
3081;Charlie;0.7;0.2999999999999999;1.0;1.0;0.09999999999999998;-0.7000000000000002
3082;Charlie;0.7;0.2999999999999999;1.0;1.0;0.09999999999999998;-0.7000000000000002
3083;Charlie;0.7;0.2999999999999999;1.0;1.0;0.09999999999999998;-0.7000000000000002
3084;Charlie;0.7;0.2999999999999999;1.0;1.0;0.09999999999999998;-0.7000000000000002
3085;Charlie;0.7;0.2999999999999999;1.0;1.0;0.09999999999999998;-0.7000000000000002
3086;Charlie;0.7;0.2999999999999999;1.0;1.0;0.09999999999999998;-0.7000000000000002
3087;Charlie;0.7;0.2999999999999999;1.0;1.0;0.09999999999999998;-0.7000000000000002
3088;Charlie;0.7;0.2999999999999999;1.0;1.0;0.09999999999999998;-0.7000000000000002
3089;Charlie;0.7;0.2999999999999999;1.0;1.0;0.09999999999999998;-0.7000000000000002
3090;Charlie;0.7;0.2999999999999999;1.0;1.0;0.09999999999999998;-0.7000000000000002
3091;Charlie;0.7;0.2999999999999999;1.0;1.0;0.09999999999999998;-0.7000000000000002
3092;Charlie;0.7;0.2999999999999999;1.0;1.0;0.09999999999999998;-0.7000000000000002
3093;Charlie;0.7;0.2999999999999999;1.0;1.0;0.09999999999999998;-0.7000000000000002
3094;Charlie;0.7;0.2999999999999999;1.0;1.0;0.09999999999999998;-0.7000000000000002
3095;Charlie;0.7;0.2999999999999999;1.0;1.0;0.09999999999999998;-0.7000000000000002
3096;Charlie;0.7;0.2999999999999999;1.0;1.0;0.09999999999999998;-0.7000000000000002
3097;Charlie;0.7;0.2999999999999999;1.0;1.0;0.09999999999999998;-0.7000000000000002
3098;Charlie;0.7;0.2999999999999999;1.0;1.0;0.09999999999999998;-0.7000000000000002
3099;Charlie;0.7;0.2999999999999999;1.0;1.0;0.09999999999999998;-0.7000000000000002
3100;Charlie;0.7;0.2999999999999999;1.0;1.0;0.09999999999999998;-0.7000000000000002
3101;Charlie;0.7;0.2999999999999999;1.0;1.0;0.09999999999999998;-0.7000000000000002
3102;Charlie;0.7;0.2999999999999999;1.0;1.0;0.09999999999999998;-0.7000000000000002
3103;Charlie;0.7;0.2999999999999999;1.0;1.0;0.09999999999999998;-0.7000000000000002
3104;Charlie;0.7;0.2999999999999999;1.0;1.0;0.09999999999999998;-0.7000000000000002
3105;Charlie;0.7;0.2999999999999999;1.0;1.0;0.09999999999999998;-0.7000000000000002
3106;Charlie;0.7;0.2999999999999999;1.0;1.0;0.09999999999999998;-0.7000000000000002
3107;Charlie;0.7;0.2999999999999999;1.0;1.0;0.09999999999999998;-0.7000000000000002
3108;Charlie;0.7;0.2999999999999999;1.0;1.0;0.09999999999999998;-0.7000000000000002
3109;Charlie;0.7;0.2999999999999999;1.0;1.0;0.09999999999999998;-0.7000000000000002
3110;Charlie;0.7;0.2999999999999999;1.0;1.0;0.09999999999999998;-0.7000000000000002
3111;Charlie;0.7;0.2999999999999999;1.0;1.0;0.09999999999999998;-0.7000000000000002
3112;Charlie;0.7;0.2999999999999999;1.0;1.0;0.09999999999999998;-0.7000000000000002
3113;Charlie;0.7;0.2999999999999999;1.0;1.0;0.09999999999999998;-0.7000000000000002
3114;Charlie;0.7;0.2999999999999999;1.0;1.0;0.09999999999999998;-0.7000000000000002
3115;Charlie;0.7;0.2999999999999999;1.0;1.0;0.09999999999999998;-0.7000000000000002
3116;Charlie;0.7;0.2999999999999999;1.0;1.0;0.09999999999999998;-0.7000000000000002
3117;Charlie;0.7;0.2999999999999999;1.0;1.0;0.09999999999999998;-0.7000000000000002
3118;Charlie;0.7;0.2999999999999999;1.0;1.0;0.09999999999999998;-0.7000000000000002
3119;Charlie;0.7;0.2999999999999999;1.0;1.0;0.09999999999999998;-0.7000000000000002
3120;Charlie;0.7;0.2999999999999999;1.0;1.0;0.09999999999999998;-0.7000000000000002
3121;Charlie;0.7;0.2999999999999999;1.0;1.0;0.09999999999999998;-0.7000000000000002
3122;Charlie;0.7;0.2999999999999999;1.0;1.0;0.09999999999999998;-0.7000000000000002
3123;Charlie;0.7;0.2999999999999999;1.0;1.0;0.09999999999999998;-0.7000000000000002
3124;Charlie;0.7;0.2999999999999999;1.0;1.0;0.09999999999999998;-0.7000000000000002
3125;Charlie;0.7;0.2999999999999999;1.0;1.0;0.09999999999999998;-0.7000000000000002
3126;Charlie;0.7;0.2999999999999999;1.0;1.0;0.09999999999999998;-0.7000000000000002
3127;Charlie;0.7;0.2999999999999999;1.0;1.0;0.09999999999999998;-0.7000000000000002
3128;Charlie;0.7;0.2999999999999999;1.0;1.0;0.09999999999999998;-0.7000000000000002
3129;Charlie;0.7;0.2999999999999999;1.0;1.0;0.09999999999999998;-0.7000000000000002
3130;Charlie;0.7;0.2999999999999999;1.0;1.0;0.09999999999999998;-0.7000000000000002
3131;Charlie;0.7;0.2999999999999999;1.0;1.0;0.09999999999999998;-0.7000000000000002
3132;Charlie;0.7;0.2999999999999999;1.0;1.0;0.09999999999999998;-0.7000000000000002
3133;Charlie;0.7;0.2999999999999999;1.0;1.0;0.09999999999999998;-0.7000000000000002
3134;Charlie;0.7;0.2999999999999999;1.0;1.0;0.09999999999999998;-0.7000000000000002
3135;Charlie;0.7;0.2999999999999999;1.0;1.0;0.09999999999999998;-0.7000000000000002
3136;Charlie;0.7;0.2999999999999999;1.0;1.0;0.09999999999999998;-0.7000000000000002
3137;Charlie;0.7;0.2999999999999999;1.0;1.0;0.09999999999999998;-0.7000000000000002
3138;Charlie;0.7;0.2999999999999999;1.0;1.0;0.09999999999999998;-0.7000000000000002
3139;Charlie;0.7;0.2999999999999999;1.0;1.0;0.09999999999999998;-0.7000000000000002
3140;Charlie;0.7;0.2999999999999999;1.0;1.0;0.09999999999999998;-0.7000000000000002
3141;Charlie;0.7;0.2999999999999999;1.0;1.0;0.09999999999999998;-0.7000000000000002
3142;Charlie;0.7;0.2999999999999999;1.0;1.0;0.09999999999999998;-0.7000000000000002
3143;Charlie;0.7;0.2999999999999999;1.0;1.0;0.09999999999999998;-0.7000000000000002
3144;Charlie;0.7;0.2999999999999999;1.0;1.0;0.09999999999999998;-0.7000000000000002
3145;Charlie;0.7;0.2999999999999999;1.0;1.0;0.09999999999999998;-0.7000000000000002
3171;Charlie;0.7;0.2999999999999999;0.9;1.0;0.09999999999999998;-0.30000000000000016
3180;Charlie;0.7;0.2999999999999999;0.9;1.0;0.09999999999999998;-0.30000000000000016
3181;Charlie;0.7;0.2999999999999999;0.9;1.0;0.09999999999999998;-0.30000000000000016
3182;Charlie;0.7;0.2999999999999999;0.9;1.0;0.09999999999999998;-0.30000000000000016
3183;Charlie;0.7;0.2999999999999999;0.9;1.0;0.09999999999999998;-0.30000000000000016
3184;Charlie;0.7;0.2999999999999999;0.9;1.0;0.09999999999999998;-0.30000000000000016
3185;Charlie;0.7;0.2999999999999999;0.9;1.0;0.09999999999999998;-0.30000000000000016
3186;Charlie;0.7;0.2999999999999999;0.9;1.0;0.09999999999999998;-0.30000000000000016
3187;Charlie;0.7;0.2999999999999999;0.9;1.0;0.09999999999999998;-0.30000000000000016
3188;Charlie;0.7;0.2999999999999999;0.9;1.0;0.09999999999999998;-0.30000000000000016
3189;Charlie;0.7;0.2999999999999999;0.9;1.0;0.09999999999999998;-0.30000000000000016
3190;Charlie;0.7;0.2999999999999999;0.9;1.0;0.09999999999999998;-0.30000000000000016
3191;Charlie;0.7;0.2999999999999999;0.9;1.0;0.09999999999999998;-0.30000000000000016
3192;Charlie;0.7;0.2999999999999999;0.9;1.0;0.09999999999999998;-0.30000000000000016
3193;Charlie;0.7;0.2999999999999999;0.9;1.0;0.09999999999999998;-0.30000000000000016
3194;Charlie;0.7;0.2999999999999999;0.9;1.0;0.09999999999999998;-0.30000000000000016
3195;Charlie;0.7;0.2999999999999999;0.9;1.0;0.09999999999999998;-0.30000000000000016
3196;Charlie;0.7;0.2999999999999999;0.9;1.0;0.09999999999999998;-0.30000000000000016
3197;Charlie;0.7;0.2999999999999999;0.9;1.0;0.09999999999999998;-0.30000000000000016
3198;Charlie;0.7;0.2999999999999999;0.9;1.0;0.09999999999999998;-0.30000000000000016
3199;Charlie;0.7;0.2999999999999999;0.9;1.0;0.09999999999999998;-0.30000000000000016
3200;Charlie;0.7;0.2999999999999999;0.9;1.0;0.09999999999999998;-0.30000000000000016
3201;Charlie;0.7;0.2999999999999999;0.9;1.0;0.09999999999999998;-0.30000000000000016
3202;Charlie;0.7;0.2999999999999999;0.9;1.0;0.09999999999999998;-0.30000000000000016
3203;Charlie;0.7;0.2999999999999999;0.9;1.0;0.09999999999999998;-0.30000000000000016
3204;Charlie;0.7;0.2999999999999999;0.9;1.0;0.09999999999999998;-0.30000000000000016
3205;Charlie;0.7;0.2999999999999999;0.9;1.0;0.09999999999999998;-0.30000000000000016
3206;Charlie;0.7;0.2999999999999999;0.9;1.0;0.09999999999999998;-0.30000000000000016
3207;Charlie;0.7;0.2999999999999999;0.9;1.0;0.09999999999999998;-0.30000000000000016
3208;Charlie;0.7;0.2999999999999999;0.9;1.0;0.09999999999999998;-0.30000000000000016
3209;Charlie;0.7;0.2999999999999999;0.9;1.0;0.09999999999999998;-0.30000000000000016
3210;Charlie;0.7;0.2999999999999999;0.9;1.0;0.09999999999999998;-0.30000000000000016
3211;Charlie;0.7;0.2999999999999999;0.9;1.0;0.09999999999999998;-0.30000000000000016
3212;Charlie;0.7;0.2999999999999999;0.9;1.0;0.09999999999999998;-0.30000000000000016
3213;Charlie;0.7;0.2999999999999999;0.9;1.0;0.09999999999999998;-0.30000000000000016
3214;Charlie;0.7;0.2999999999999999;0.9;1.0;0.09999999999999998;-0.30000000000000016
3215;Charlie;0.7;0.2999999999999999;0.9;1.0;0.09999999999999998;-0.30000000000000016
3216;Charlie;0.7;0.2999999999999999;0.9;1.0;0.09999999999999998;-0.30000000000000016
3217;Charlie;0.7;0.2999999999999999;0.9;1.0;0.09999999999999998;-0.30000000000000016
3218;Charlie;0.7;0.2999999999999999;0.9;1.0;0.09999999999999998;-0.30000000000000016
3219;Charlie;0.7;0.2999999999999999;0.9;1.0;0.09999999999999998;-0.30000000000000016
3220;Charlie;0.7;0.2999999999999999;0.9;1.0;0.09999999999999998;-0.30000000000000016
3221;Charlie;0.7;0.2999999999999999;0.9;1.0;0.09999999999999998;-0.30000000000000016
3222;Charlie;0.7;0.2999999999999999;0.9;1.0;0.09999999999999998;-0.30000000000000016
3223;Charlie;0.7;0.2999999999999999;0.9;1.0;0.09999999999999998;-0.30000000000000016
3224;Charlie;0.7;0.2999999999999999;0.9;1.0;0.09999999999999998;-0.30000000000000016
3225;Charlie;0.7;0.2999999999999999;0.9;1.0;0.09999999999999998;-0.30000000000000016
3226;Charlie;0.7;0.2999999999999999;0.9;1.0;0.09999999999999998;-0.30000000000000016
3227;Charlie;0.7;0.2999999999999999;0.9;1.0;0.09999999999999998;-0.30000000000000016
3228;Charlie;0.7;0.2999999999999999;0.9;1.0;0.09999999999999998;-0.30000000000000016
3229;Charlie;0.7;0.2999999999999999;0.9;1.0;0.09999999999999998;-0.30000000000000016
3230;Charlie;0.7;0.2999999999999999;0.9;1.0;0.09999999999999998;-0.30000000000000016
3231;Charlie;0.7;0.2999999999999999;0.9;1.0;0.09999999999999998;-0.30000000000000016
3232;Charlie;0.7;0.2999999999999999;0.9;1.0;0.09999999999999998;-0.30000000000000016
3233;Charlie;0.7;0.2999999999999999;0.9;1.0;0.09999999999999998;-0.30000000000000016
3234;Charlie;0.7;0.2999999999999999;0.9;1.0;0.09999999999999998;-0.30000000000000016
3235;Charlie;0.7;0.2999999999999999;0.9;1.0;0.09999999999999998;-0.30000000000000016
3236;Charlie;0.7;0.2999999999999999;0.9;1.0;0.09999999999999998;-0.30000000000000016
3237;Charlie;0.7;0.2999999999999999;0.9;1.0;0.09999999999999998;-0.30000000000000016
3238;Charlie;0.7;0.2999999999999999;0.9;1.0;0.09999999999999998;-0.30000000000000016
3239;Charlie;0.7;0.2999999999999999;0.9;1.0;0.09999999999999998;-0.30000000000000016
3240;Charlie;0.7;0.2999999999999999;0.9;1.0;0.09999999999999998;-0.30000000000000016
3241;Charlie;0.7;0.2999999999999999;0.9;1.0;0.09999999999999998;-0.30000000000000016
3242;Charlie;0.7;0.2999999999999999;0.9;1.0;0.09999999999999998;-0.30000000000000016
3243;Charlie;0.7;0.2999999999999999;0.9;1.0;0.09999999999999998;-0.30000000000000016
3244;Charlie;0.7;0.2999999999999999;0.9;1.0;0.09999999999999998;-0.30000000000000016
3245;Charlie;0.7;0.2999999999999999;0.9;1.0;0.09999999999999998;-0.30000000000000016
3246;Charlie;0.7;0.2999999999999999;0.9;1.0;0.09999999999999998;-0.30000000000000016
3247;Charlie;0.7;0.2999999999999999;0.9;1.0;0.09999999999999998;-0.30000000000000016
3248;Charlie;0.7;0.2999999999999999;0.9;1.0;0.09999999999999998;-0.30000000000000016
3249;Charlie;0.7;0.2999999999999999;0.9;1.0;0.09999999999999998;-0.30000000000000016
3250;Charlie;0.7;0.2999999999999999;0.9;1.0;0.09999999999999998;-0.30000000000000016
3251;Charlie;0.7;0.2999999999999999;0.9;1.0;0.09999999999999998;-0.30000000000000016
3252;Charlie;0.7;0.2999999999999999;0.9;1.0;0.09999999999999998;-0.30000000000000016
3253;Charlie;0.7;0.2999999999999999;0.9;1.0;0.09999999999999998;-0.30000000000000016
3254;Charlie;0.7;0.2999999999999999;0.9;1.0;0.09999999999999998;-0.30000000000000016
3255;Charlie;0.7;0.2999999999999999;0.9;1.0;0.09999999999999998;-0.30000000000000016
3256;Charlie;0.7;0.2999999999999999;0.9;1.0;0.09999999999999998;-0.30000000000000016
3257;Charlie;0.7;0.2999999999999999;0.9;1.0;0.09999999999999998;-0.30000000000000016
3258;Charlie;0.7;0.2999999999999999;0.9;1.0;0.09999999999999998;-0.30000000000000016
3259;Charlie;0.7;0.2999999999999999;0.9;1.0;0.09999999999999998;-0.30000000000000016
3260;Charlie;0.7;0.2999999999999999;0.9;1.0;0.09999999999999998;-0.30000000000000016
3261;Charlie;0.7;0.2999999999999999;0.9;1.0;0.09999999999999998;-0.30000000000000016
3262;Charlie;0.7;0.2999999999999999;0.9;1.0;0.09999999999999998;-0.30000000000000016
3263;Charlie;0.7;0.2999999999999999;0.9;1.0;0.09999999999999998;-0.30000000000000016
3264;Charlie;0.7;0.2999999999999999;0.9;1.0;0.09999999999999998;-0.30000000000000016
3265;Charlie;0.7;0.2999999999999999;0.9;1.0;0.09999999999999998;-0.30000000000000016
3266;Charlie;0.7;0.2999999999999999;0.9;1.0;0.09999999999999998;-0.30000000000000016
3267;Charlie;0.7;0.2999999999999999;0.9;1.0;0.09999999999999998;-0.30000000000000016
3268;Charlie;0.7;0.2999999999999999;0.9;1.0;0.09999999999999998;-0.30000000000000016
3269;Charlie;0.7;0.2999999999999999;0.9;1.0;0.09999999999999998;-0.30000000000000016
3270;Charlie;0.7;0.2999999999999999;0.9;1.0;0.09999999999999998;-0.30000000000000016
3271;Charlie;0.7;0.2999999999999999;0.9;1.0;0.09999999999999998;-0.30000000000000016
3272;Charlie;0.7;0.2999999999999999;0.9;1.0;0.09999999999999998;-0.30000000000000016
3273;Charlie;0.7;0.2999999999999999;0.9;1.0;0.09999999999999998;-0.30000000000000016
3274;Charlie;0.7;0.2999999999999999;0.9;1.0;0.09999999999999998;-0.30000000000000016
3275;Charlie;0.7;0.2999999999999999;0.9;1.0;0.09999999999999998;-0.30000000000000016
3276;Charlie;0.7;0.2999999999999999;0.9;1.0;0.09999999999999998;-0.30000000000000016
3277;Charlie;0.7;0.2999999999999999;0.9;1.0;0.09999999999999998;-0.30000000000000016
3278;Charlie;0.7;0.2999999999999999;0.9;1.0;0.09999999999999998;-0.30000000000000016
3279;Charlie;0.7;0.2999999999999999;0.9;1.0;0.09999999999999998;-0.30000000000000016
3280;Charlie;0.7;0.2999999999999999;0.9;1.0;0.09999999999999998;-0.30000000000000016
3281;Charlie;0.7;0.2999999999999999;0.9;1.0;0.09999999999999998;-0.30000000000000016
3282;Charlie;0.7;0.2999999999999999;0.9;1.0;0.09999999999999998;-0.30000000000000016
3283;Charlie;0.7;0.2999999999999999;0.9;1.0;0.09999999999999998;-0.30000000000000016
3284;Charlie;0.7;0.2999999999999999;0.9;1.0;0.09999999999999998;-0.30000000000000016
3285;Charlie;0.7;0.2999999999999999;0.9;1.0;0.09999999999999998;-0.30000000000000016
3286;Charlie;0.7;0.2999999999999999;0.9;1.0;0.09999999999999998;-0.30000000000000016
3287;Charlie;0.7;0.2999999999999999;0.9;1.0;0.09999999999999998;-0.30000000000000016
3288;Charlie;0.7;0.2999999999999999;0.9;1.0;0.09999999999999998;-0.30000000000000016
3289;Charlie;0.7;0.2999999999999999;0.9;1.0;0.09999999999999998;-0.30000000000000016
3290;Charlie;0.7;0.2999999999999999;0.9;1.0;0.09999999999999998;-0.30000000000000016
3291;Charlie;0.7;0.2999999999999999;0.9;1.0;0.09999999999999998;-0.30000000000000016
3292;Charlie;0.7;0.2999999999999999;0.9;1.0;0.09999999999999998;-0.30000000000000016
3293;Charlie;0.7;0.2999999999999999;0.9;1.0;0.09999999999999998;-0.30000000000000016
3294;Charlie;0.7;0.2999999999999999;0.9;1.0;0.09999999999999998;-0.30000000000000016
3295;Charlie;0.7;0.2999999999999999;0.9;1.0;0.09999999999999998;-0.30000000000000016
3296;Charlie;0.7;0.2999999999999999;0.9;1.0;0.09999999999999998;-0.30000000000000016
3297;Charlie;0.7;0.2999999999999999;0.9;1.0;0.09999999999999998;-0.30000000000000016
3298;Charlie;0.7;0.2999999999999999;0.9;1.0;0.09999999999999998;-0.30000000000000016
3299;Charlie;0.7;0.2999999999999999;0.9;1.0;0.09999999999999998;-0.30000000000000016
3300;Charlie;0.7;0.2999999999999999;0.9;1.0;0.09999999999999998;-0.30000000000000016
3301;Charlie;0.7;0.2999999999999999;0.9;1.0;0.09999999999999998;-0.30000000000000016
3302;Charlie;0.7;0.2999999999999999;0.9;1.0;0.09999999999999998;-0.30000000000000016
3303;Charlie;0.7;0.2999999999999999;0.9;1.0;0.09999999999999998;-0.30000000000000016
3304;Charlie;0.7;0.2999999999999999;0.9;1.0;0.09999999999999998;-0.30000000000000016
3305;Charlie;0.7;0.2999999999999999;0.9;1.0;0.09999999999999998;-0.30000000000000016
3306;Charlie;0.7;0.2999999999999999;0.9;1.0;0.09999999999999998;-0.30000000000000016
3307;Charlie;0.7;0.2999999999999999;0.9;1.0;0.09999999999999998;-0.30000000000000016
3308;Charlie;0.7;0.2999999999999999;0.9;1.0;0.09999999999999998;-0.30000000000000016
3309;Charlie;0.7;0.2999999999999999;0.9;1.0;0.09999999999999998;-0.30000000000000016
3310;Charlie;0.7;0.2999999999999999;0.9;1.0;0.09999999999999998;-0.30000000000000016
3311;Charlie;0.7;0.2999999999999999;0.9;1.0;0.09999999999999998;-0.30000000000000016
3312;Charlie;0.7;0.2999999999999999;0.9;1.0;0.09999999999999998;-0.30000000000000016
3313;Charlie;0.7;0.2999999999999999;0.9;1.0;0.09999999999999998;-0.30000000000000016
3314;Charlie;0.7;0.2999999999999999;0.9;1.0;0.09999999999999998;-0.30000000000000016
3315;Charlie;0.7;0.2999999999999999;0.9;1.0;0.09999999999999998;-0.30000000000000016
3316;Charlie;0.7;0.2999999999999999;0.9;1.0;0.09999999999999998;-0.30000000000000016
3317;Charlie;0.7;0.2999999999999999;0.9;1.0;0.09999999999999998;-0.30000000000000016
3318;Charlie;0.7;0.2999999999999999;0.9;1.0;0.09999999999999998;-0.30000000000000016
3319;Charlie;0.7;0.2999999999999999;0.9;1.0;0.09999999999999998;-0.30000000000000016
3320;Charlie;0.7;0.2999999999999999;0.9;1.0;0.09999999999999998;-0.30000000000000016
3321;Charlie;0.7;0.2999999999999999;0.9;1.0;0.09999999999999998;-0.30000000000000016
3322;Charlie;0.7;0.2999999999999999;0.9;1.0;0.09999999999999998;-0.30000000000000016
3323;Charlie;0.7;0.2999999999999999;0.9;1.0;0.09999999999999998;-0.30000000000000016
3324;Charlie;0.7;0.2999999999999999;0.9;1.0;0.09999999999999998;-0.30000000000000016
3325;Charlie;0.7;0.2999999999999999;0.9;1.0;0.09999999999999998;-0.30000000000000016
3326;Charlie;0.7;0.2999999999999999;0.9;1.0;0.09999999999999998;-0.30000000000000016
3327;Charlie;0.7;0.2999999999999999;0.9;1.0;0.09999999999999998;-0.30000000000000016
3328;Charlie;0.7;0.2999999999999999;0.9;1.0;0.09999999999999998;-0.30000000000000016
3329;Charlie;0.7;0.2999999999999999;0.9;1.0;0.09999999999999998;-0.30000000000000016
3330;Charlie;0.7;0.2999999999999999;0.9;1.0;0.09999999999999998;-0.30000000000000016
3331;Charlie;0.7;0.2999999999999999;0.9;1.0;0.09999999999999998;-0.30000000000000016
3332;Charlie;0.7;0.2999999999999999;0.9;1.0;0.09999999999999998;-0.30000000000000016
3333;Charlie;0.7;0.2999999999999999;0.9;1.0;0.09999999999999998;-0.30000000000000016
3334;Charlie;0.7;0.2999999999999999;0.9;1.0;0.09999999999999998;-0.30000000000000016
3335;Charlie;0.7;0.2999999999999999;0.9;1.0;0.09999999999999998;-0.30000000000000016
3336;Charlie;0.7;0.2999999999999999;0.9;1.0;0.09999999999999998;-0.30000000000000016
3337;Charlie;0.7;0.2999999999999999;0.9;1.0;0.09999999999999998;-0.30000000000000016
3338;Charlie;0.7;0.2999999999999999;0.9;1.0;0.09999999999999998;-0.30000000000000016
3339;Charlie;0.7;0.2999999999999999;0.9;1.0;0.09999999999999998;-0.30000000000000016
3340;Charlie;0.7;0.2999999999999999;0.9;1.0;0.09999999999999998;-0.30000000000000016
3341;Charlie;0.7;0.2999999999999999;0.9;1.0;0.09999999999999998;-0.30000000000000016
3342;Charlie;0.7;0.2999999999999999;0.9;1.0;0.09999999999999998;-0.30000000000000016
3343;Charlie;0.7;0.2999999999999999;0.9;1.0;0.09999999999999998;-0.30000000000000016
3344;Charlie;0.7;0.2999999999999999;0.9;1.0;0.09999999999999998;-0.30000000000000016
3345;Charlie;0.7;0.2999999999999999;0.9;1.0;0.09999999999999998;-0.30000000000000016
3346;Charlie;0.7;0.2999999999999999;0.9;1.0;0.09999999999999998;-0.30000000000000016
3347;Charlie;0.7;0.2999999999999999;0.9;1.0;0.09999999999999998;-0.30000000000000016
3348;Charlie;0.7;0.2999999999999999;0.9;1.0;0.09999999999999998;-0.30000000000000016
3349;Charlie;0.7;0.2999999999999999;0.9;1.0;0.09999999999999998;-0.30000000000000016
3350;Charlie;0.7;0.2999999999999999;0.9;1.0;0.09999999999999998;-0.30000000000000016
3351;Charlie;0.7;0.2999999999999999;0.9;1.0;0.09999999999999998;-0.30000000000000016
3352;Charlie;0.7;0.2999999999999999;0.9;1.0;0.09999999999999998;-0.30000000000000016
3353;Charlie;0.7;0.2999999999999999;0.9;1.0;0.09999999999999998;-0.30000000000000016
3354;Charlie;0.7;0.2999999999999999;0.9;1.0;0.09999999999999998;-0.30000000000000016
3355;Charlie;0.7;0.2999999999999999;0.9;1.0;0.09999999999999998;-0.30000000000000016
3356;Charlie;0.7;0.2999999999999999;0.9;1.0;0.09999999999999998;-0.30000000000000016
3357;Charlie;0.7;0.2999999999999999;0.9;1.0;0.09999999999999998;-0.30000000000000016
3358;Charlie;0.7;0.2999999999999999;0.9;1.0;0.09999999999999998;-0.30000000000000016
3359;Charlie;0.7;0.2999999999999999;0.9;1.0;0.09999999999999998;-0.30000000000000016
3360;Charlie;0.7;0.2999999999999999;0.9;1.0;0.09999999999999998;-0.30000000000000016
3361;Charlie;0.7;0.2999999999999999;0.9;1.0;0.09999999999999998;-0.30000000000000016
3362;Charlie;0.7;0.2999999999999999;0.9;1.0;0.09999999999999998;-0.30000000000000016
3363;Charlie;0.7;0.2999999999999999;0.9;1.0;0.09999999999999998;-0.30000000000000016
3364;Charlie;0.7;0.2999999999999999;0.9;1.0;0.09999999999999998;-0.30000000000000016
3365;Charlie;0.7;0.2999999999999999;0.9;1.0;0.09999999999999998;-0.30000000000000016
3366;Charlie;0.7;0.2999999999999999;0.9;1.0;0.09999999999999998;-0.30000000000000016
3367;Charlie;0.7;0.2999999999999999;0.9;1.0;0.09999999999999998;-0.30000000000000016
3368;Charlie;0.7;0.2999999999999999;0.9;1.0;0.09999999999999998;-0.30000000000000016
3369;Charlie;0.7;0.2999999999999999;0.9;1.0;0.09999999999999998;-0.30000000000000016
3370;Charlie;0.7;0.2999999999999999;0.9;1.0;0.09999999999999998;-0.30000000000000016
3371;Charlie;0.7;0.2999999999999999;0.9;1.0;0.09999999999999998;-0.30000000000000016
3372;Charlie;0.7;0.2999999999999999;0.9;1.0;0.09999999999999998;-0.30000000000000016
3373;Charlie;0.7;0.2999999999999999;0.9;1.0;0.09999999999999998;-0.30000000000000016
3374;Charlie;0.7;0.2999999999999999;0.9;1.0;0.09999999999999998;-0.30000000000000016
3375;Charlie;0.7;0.2999999999999999;0.9;1.0;0.09999999999999998;-0.30000000000000016
3376;Charlie;0.7;0.2999999999999999;0.9;1.0;0.09999999999999998;-0.30000000000000016
3377;Charlie;0.7;0.2999999999999999;0.9;1.0;0.09999999999999998;-0.30000000000000016
3378;Charlie;0.7;0.2999999999999999;0.9;1.0;0.09999999999999998;-0.30000000000000016
3379;Charlie;0.7;0.2999999999999999;0.9;1.0;0.09999999999999998;-0.30000000000000016
3380;Charlie;0.7;0.2999999999999999;0.9;1.0;0.09999999999999998;-0.30000000000000016
3381;Charlie;0.7;0.2999999999999999;0.9;1.0;0.09999999999999998;-0.30000000000000016
3382;Charlie;0.7;0.2999999999999999;0.9;1.0;0.09999999999999998;-0.30000000000000016
3383;Charlie;0.7;0.2999999999999999;0.9;1.0;0.09999999999999998;-0.30000000000000016
3384;Charlie;0.7;0.2999999999999999;0.9;1.0;0.09999999999999998;-0.30000000000000016
3385;Charlie;0.7;0.2999999999999999;0.9;1.0;0.09999999999999998;-0.30000000000000016
3386;Charlie;0.7;0.2999999999999999;0.9;1.0;0.09999999999999998;-0.30000000000000016
3387;Charlie;0.7;0.2999999999999999;0.9;1.0;0.09999999999999998;-0.30000000000000016
3388;Charlie;0.7;0.2999999999999999;0.9;1.0;0.09999999999999998;-0.30000000000000016
3389;Charlie;0.7;0.2999999999999999;0.9;1.0;0.09999999999999998;-0.30000000000000016
3390;Charlie;0.7;0.2999999999999999;0.9;1.0;0.09999999999999998;-0.30000000000000016
3391;Charlie;0.7;0.2999999999999999;0.9;1.0;0.09999999999999998;-0.30000000000000016
3392;Charlie;0.7;0.2999999999999999;0.9;1.0;0.09999999999999998;-0.30000000000000016
3393;Charlie;0.7;0.2999999999999999;0.9;1.0;0.09999999999999998;-0.30000000000000016
3394;Charlie;0.7;0.2999999999999999;0.9;1.0;0.09999999999999998;-0.30000000000000016
3395;Charlie;0.7;0.2999999999999999;0.9;1.0;0.09999999999999998;-0.30000000000000016
3396;Charlie;0.7;0.2999999999999999;0.9;1.0;0.09999999999999998;-0.30000000000000016
3397;Charlie;0.7;0.2999999999999999;0.9;1.0;0.09999999999999998;-0.30000000000000016
3398;Charlie;0.7;0.2999999999999999;0.9;1.0;0.09999999999999998;-0.30000000000000016
3399;Charlie;0.7;0.2999999999999999;0.9;1.0;0.09999999999999998;-0.30000000000000016
3400;Charlie;0.7;0.2999999999999999;0.9;1.0;0.09999999999999998;-0.30000000000000016
3401;Charlie;0.7;0.2999999999999999;0.9;1.0;0.09999999999999998;-0.30000000000000016
3402;Charlie;0.7;0.2999999999999999;0.9;1.0;0.09999999999999998;-0.30000000000000016
3403;Charlie;0.7;0.2999999999999999;0.9;1.0;0.09999999999999998;-0.30000000000000016
3404;Charlie;0.7;0.2999999999999999;0.9;1.0;0.09999999999999998;-0.30000000000000016
3405;Charlie;0.7;0.2999999999999999;0.9;1.0;0.09999999999999998;-0.30000000000000016
3406;Charlie;0.7;0.2999999999999999;0.9;1.0;0.09999999999999998;-0.30000000000000016
3407;Charlie;0.7;0.2999999999999999;0.9;1.0;0.09999999999999998;-0.30000000000000016
3408;Charlie;0.7;0.2999999999999999;0.9;1.0;0.09999999999999998;-0.30000000000000016
3409;Charlie;0.7;0.2999999999999999;0.9;1.0;0.09999999999999998;-0.30000000000000016
3410;Charlie;0.7;0.2999999999999999;0.9;1.0;0.09999999999999998;-0.30000000000000016
3411;Charlie;0.7;0.2999999999999999;0.9;1.0;0.09999999999999998;-0.30000000000000016
3412;Charlie;0.7;0.2999999999999999;0.9;1.0;0.09999999999999998;-0.30000000000000016
3413;Charlie;0.7;0.2999999999999999;0.9;1.0;0.09999999999999998;-0.30000000000000016
3414;Charlie;0.7;0.2999999999999999;0.9;1.0;0.09999999999999998;-0.30000000000000016
3415;Charlie;0.7;0.2999999999999999;0.9;1.0;0.09999999999999998;-0.30000000000000016
3416;Charlie;0.7;0.2999999999999999;0.9;1.0;0.09999999999999998;-0.30000000000000016
3417;Charlie;0.7;0.2999999999999999;0.9;1.0;0.09999999999999998;-0.30000000000000016
3418;Charlie;0.7;0.2999999999999999;0.9;1.0;0.09999999999999998;-0.30000000000000016
3419;Charlie;0.7;0.2999999999999999;0.9;1.0;0.09999999999999998;-0.30000000000000016
3420;Charlie;0.7;0.2999999999999999;0.9;1.0;0.09999999999999998;-0.30000000000000016
3421;Charlie;0.7;0.2999999999999999;0.9;1.0;0.09999999999999998;-0.30000000000000016
3422;Charlie;0.7;0.2999999999999999;0.9;1.0;0.09999999999999998;-0.30000000000000016
3423;Charlie;0.7;0.2999999999999999;0.9;1.0;0.09999999999999998;-0.30000000000000016
3424;Charlie;0.7;0.2999999999999999;0.9;1.0;0.09999999999999998;-0.30000000000000016
3425;Charlie;0.7;0.2999999999999999;0.9;1.0;0.09999999999999998;-0.30000000000000016
3426;Charlie;0.7;0.2999999999999999;0.9;1.0;0.09999999999999998;-0.30000000000000016
3427;Charlie;0.7;0.2999999999999999;0.9;1.0;0.09999999999999998;-0.30000000000000016
3428;Charlie;0.7;0.2999999999999999;0.9;1.0;0.09999999999999998;-0.30000000000000016
3429;Charlie;0.7;0.2999999999999999;0.9;1.0;0.09999999999999998;-0.30000000000000016
3430;Charlie;0.7;0.2999999999999999;0.9;1.0;0.09999999999999998;-0.30000000000000016
3431;Charlie;0.7;0.2999999999999999;0.9;1.0;0.09999999999999998;-0.30000000000000016
3432;Charlie;0.7;0.2999999999999999;0.9;1.0;0.09999999999999998;-0.30000000000000016
3433;Charlie;0.7;0.2999999999999999;0.9;1.0;0.09999999999999998;-0.30000000000000016
3434;Charlie;0.7;0.2999999999999999;0.9;1.0;0.09999999999999998;-0.30000000000000016
3435;Charlie;0.7;0.2999999999999999;0.9;1.0;0.09999999999999998;-0.30000000000000016
3436;Charlie;0.7;0.2999999999999999;0.9;1.0;0.09999999999999998;-0.30000000000000016
3437;Charlie;0.7;0.2999999999999999;0.9;1.0;0.09999999999999998;-0.30000000000000016
3438;Charlie;0.7;0.2999999999999999;0.9;1.0;0.09999999999999998;-0.30000000000000016
3439;Charlie;0.7;0.2999999999999999;0.9;1.0;0.09999999999999998;-0.30000000000000016
3440;Charlie;0.7;0.2999999999999999;0.9;1.0;0.09999999999999998;-0.30000000000000016
3441;Charlie;0.7;0.2999999999999999;0.9;1.0;0.09999999999999998;-0.30000000000000016
3442;Charlie;0.7;0.2999999999999999;0.9;1.0;0.09999999999999998;-0.30000000000000016
3451;Charlie;0.7;0.2999999999999999;1.0;1.0;0.09999999999999998;-0.30000000000000016
3460;Charlie;0.7;0.2999999999999999;1.0;1.0;0.09999999999999998;-0.30000000000000016
3469;Charlie;0.7;0.2999999999999999;1.0;1.0;0.09999999999999998;-0.30000000000000016
3478;Charlie;0.7;0.2999999999999999;1.0;1.0;0.09999999999999998;-0.30000000000000016
3487;Charlie;0.7;0.2999999999999999;1.0;1.0;0.09999999999999998;-0.30000000000000016
3501;Charlie;0.7;0.2999999999999999;1.0;1.0;0.09999999999999998;-0.30000000000000016
3515;Charlie;0.7;0.2999999999999999;1.0;1.0;0.09999999999999998;-0.30000000000000016
3529;Charlie;0.7;0.2999999999999999;1.0;1.0;0.09999999999999998;-0.30000000000000016
3543;Charlie;0.7;0.2999999999999999;1.0;1.0;0.09999999999999998;-0.30000000000000016
3552;Charlie;0.7;0.2999999999999999;1.0;1.0;0.09999999999999998;-0.30000000000000016
3566;Charlie;0.7;0.2999999999999999;1.0;1.0;0.09999999999999998;-0.30000000000000016
3575;Charlie;0.7;0.2999999999999999;1.0;1.0;0.09999999999999998;-0.30000000000000016
3584;Charlie;0.7;0.2999999999999999;1.0;1.0;0.09999999999999998;-0.30000000000000016
3593;Charlie;0.7;0.2999999999999999;1.0;1.0;0.09999999999999998;-0.30000000000000016
3602;Charlie;0.7;0.2999999999999999;1.0;1.0;0.09999999999999998;-0.30000000000000016
3611;Charlie;0.7;0.2999999999999999;1.0;1.0;0.09999999999999998;-0.30000000000000016
3625;Charlie;0.7;0.2999999999999999;1.0;1.0;0.09999999999999998;-0.30000000000000016
3639;Charlie;0.7;0.2999999999999999;1.0;1.0;0.09999999999999998;-0.30000000000000016
3653;Charlie;0.7;0.2999999999999999;1.0;1.0;0.09999999999999998;-0.30000000000000016
3667;Charlie;0.7;0.2999999999999999;1.0;1.0;0.09999999999999998;-0.30000000000000016
3681;Charlie;0.7;0.2999999999999999;1.0;1.0;0.09999999999999998;-0.30000000000000016
3690;Charlie;0.7;0.2999999999999999;1.0;1.0;0.09999999999999998;-0.30000000000000016
3699;Charlie;0.7;0.2999999999999999;1.0;1.0;0.09999999999999998;-0.30000000000000016
3708;Charlie;0.7;0.2999999999999999;1.0;1.0;0.09999999999999998;-0.30000000000000016
3717;Charlie;0.7;0.2999999999999999;1.0;1.0;0.09999999999999998;-0.30000000000000016
3718;Charlie;0.7;0.2999999999999999;1.0;1.0;0.09999999999999998;-0.30000000000000016
3719;Charlie;0.7;0.2999999999999999;1.0;1.0;0.09999999999999998;-0.30000000000000016
3720;Charlie;0.7;0.2999999999999999;1.0;1.0;0.09999999999999998;-0.30000000000000016
3721;Charlie;0.7;0.2999999999999999;1.0;1.0;0.09999999999999998;-0.30000000000000016
3722;Charlie;0.7;0.2999999999999999;1.0;1.0;0.09999999999999998;-0.30000000000000016
3723;Charlie;0.7;0.2999999999999999;1.0;1.0;0.09999999999999998;-0.30000000000000016
3724;Charlie;0.7;0.2999999999999999;1.0;1.0;0.09999999999999998;-0.30000000000000016
3725;Charlie;0.7;0.2999999999999999;1.0;1.0;0.09999999999999998;-0.30000000000000016
3726;Charlie;0.7;0.2999999999999999;1.0;1.0;0.09999999999999998;-0.30000000000000016
3727;Charlie;0.7;0.2999999999999999;1.0;1.0;0.09999999999999998;-0.30000000000000016
3728;Charlie;0.7;0.2999999999999999;1.0;1.0;0.09999999999999998;-0.30000000000000016
3729;Charlie;0.7;0.2999999999999999;1.0;1.0;0.09999999999999998;-0.30000000000000016
3730;Charlie;0.7;0.2999999999999999;1.0;1.0;0.09999999999999998;-0.30000000000000016
3731;Charlie;0.7;0.2999999999999999;1.0;1.0;0.09999999999999998;-0.30000000000000016
3732;Charlie;0.7;0.2999999999999999;1.0;1.0;0.09999999999999998;-0.30000000000000016
3733;Charlie;0.7;0.2999999999999999;1.0;1.0;0.09999999999999998;-0.30000000000000016
3734;Charlie;0.7;0.2999999999999999;1.0;1.0;0.09999999999999998;-0.30000000000000016
3735;Charlie;0.7;0.2999999999999999;1.0;1.0;0.09999999999999998;-0.30000000000000016
3736;Charlie;0.7;0.2999999999999999;1.0;1.0;0.09999999999999998;-0.30000000000000016
3737;Charlie;0.7;0.2999999999999999;1.0;1.0;0.09999999999999998;-0.30000000000000016
3738;Charlie;0.7;0.2999999999999999;1.0;1.0;0.09999999999999998;-0.30000000000000016
3739;Charlie;0.7;0.2999999999999999;1.0;1.0;0.09999999999999998;-0.30000000000000016
3740;Charlie;0.7;0.2999999999999999;1.0;1.0;0.09999999999999998;-0.30000000000000016
3741;Charlie;0.7;0.2999999999999999;1.0;1.0;0.09999999999999998;-0.30000000000000016
3742;Charlie;0.7;0.2999999999999999;1.0;1.0;0.09999999999999998;-0.30000000000000016
3743;Charlie;0.7;0.2999999999999999;1.0;1.0;0.09999999999999998;-0.30000000000000016
3744;Charlie;0.7;0.2999999999999999;1.0;1.0;0.09999999999999998;-0.30000000000000016
3745;Charlie;0.7;0.2999999999999999;1.0;1.0;0.09999999999999998;-0.30000000000000016
3746;Charlie;0.7;0.2999999999999999;1.0;1.0;0.09999999999999998;-0.30000000000000016
3747;Charlie;0.7;0.2999999999999999;1.0;1.0;0.09999999999999998;-0.30000000000000016
3748;Charlie;0.7;0.2999999999999999;1.0;1.0;0.09999999999999998;-0.30000000000000016
3749;Charlie;0.7;0.2999999999999999;1.0;1.0;0.09999999999999998;-0.30000000000000016
3750;Charlie;0.7;0.2999999999999999;1.0;1.0;0.09999999999999998;-0.30000000000000016
3751;Charlie;0.7;0.2999999999999999;1.0;1.0;0.09999999999999998;-0.30000000000000016
3752;Charlie;0.7;0.2999999999999999;1.0;1.0;0.09999999999999998;-0.30000000000000016
3753;Charlie;0.7;0.2999999999999999;1.0;1.0;0.09999999999999998;-0.30000000000000016
3754;Charlie;0.7;0.2999999999999999;1.0;1.0;0.09999999999999998;-0.30000000000000016
3755;Charlie;0.7;0.2999999999999999;1.0;1.0;0.09999999999999998;-0.30000000000000016
3756;Charlie;0.7;0.2999999999999999;1.0;1.0;0.09999999999999998;-0.30000000000000016
3757;Charlie;0.7;0.2999999999999999;1.0;1.0;0.09999999999999998;-0.30000000000000016
3758;Charlie;0.7;0.2999999999999999;1.0;1.0;0.09999999999999998;-0.30000000000000016
3759;Charlie;0.7;0.2999999999999999;1.0;1.0;0.09999999999999998;-0.30000000000000016
3760;Charlie;0.7;0.2999999999999999;1.0;1.0;0.09999999999999998;-0.30000000000000016
3761;Charlie;0.7;0.2999999999999999;1.0;1.0;0.09999999999999998;-0.30000000000000016
3762;Charlie;0.7;0.2999999999999999;1.0;1.0;0.09999999999999998;-0.30000000000000016
3763;Charlie;0.7;0.2999999999999999;1.0;1.0;0.09999999999999998;-0.30000000000000016
3764;Charlie;0.7;0.2999999999999999;1.0;1.0;0.09999999999999998;-0.30000000000000016
3765;Charlie;0.7;0.2999999999999999;1.0;1.0;0.09999999999999998;-0.30000000000000016
3766;Charlie;0.7;0.2999999999999999;1.0;1.0;0.09999999999999998;-0.30000000000000016
3767;Charlie;0.7;0.2999999999999999;1.0;1.0;0.09999999999999998;-0.30000000000000016
3768;Charlie;0.7;0.2999999999999999;1.0;1.0;0.09999999999999998;-0.30000000000000016
3769;Charlie;0.7;0.2999999999999999;1.0;1.0;0.09999999999999998;-0.30000000000000016
3770;Charlie;0.7;0.2999999999999999;1.0;1.0;0.09999999999999998;-0.30000000000000016
3771;Charlie;0.7;0.2999999999999999;1.0;1.0;0.09999999999999998;-0.30000000000000016
3772;Charlie;0.7;0.2999999999999999;1.0;1.0;0.09999999999999998;-0.30000000000000016
3773;Charlie;0.7;0.2999999999999999;1.0;1.0;0.09999999999999998;-0.30000000000000016
3774;Charlie;0.7;0.2999999999999999;1.0;1.0;0.09999999999999998;-0.30000000000000016
3775;Charlie;0.7;0.2999999999999999;1.0;1.0;0.09999999999999998;-0.30000000000000016
3776;Charlie;0.7;0.2999999999999999;1.0;1.0;0.09999999999999998;-0.30000000000000016
3777;Charlie;0.7;0.2999999999999999;1.0;1.0;0.09999999999999998;-0.30000000000000016
3778;Charlie;0.7;0.2999999999999999;1.0;1.0;0.09999999999999998;-0.30000000000000016
3779;Charlie;0.7;0.2999999999999999;1.0;1.0;0.09999999999999998;-0.30000000000000016
3780;Charlie;0.7;0.2999999999999999;1.0;1.0;0.09999999999999998;-0.30000000000000016
3781;Charlie;0.7;0.2999999999999999;1.0;1.0;0.09999999999999998;-0.30000000000000016
3782;Charlie;0.7;0.2999999999999999;1.0;1.0;0.09999999999999998;-0.30000000000000016
3783;Charlie;0.7;0.2999999999999999;1.0;1.0;0.09999999999999998;-0.30000000000000016
3784;Charlie;0.7;0.2999999999999999;1.0;1.0;0.09999999999999998;-0.30000000000000016
3785;Charlie;0.7;0.2999999999999999;1.0;1.0;0.09999999999999998;-0.30000000000000016
3786;Charlie;0.7;0.2999999999999999;1.0;1.0;0.09999999999999998;-0.30000000000000016
3787;Charlie;0.7;0.2999999999999999;1.0;1.0;0.09999999999999998;-0.30000000000000016
3788;Charlie;0.7;0.2999999999999999;1.0;1.0;0.09999999999999998;-0.30000000000000016
3789;Charlie;0.7;0.2999999999999999;1.0;1.0;0.09999999999999998;-0.30000000000000016
3790;Charlie;0.7;0.2999999999999999;1.0;1.0;0.09999999999999998;-0.30000000000000016
3791;Charlie;0.7;0.2999999999999999;1.0;1.0;0.09999999999999998;-0.30000000000000016
3792;Charlie;0.7;0.2999999999999999;1.0;1.0;0.09999999999999998;-0.30000000000000016
3793;Charlie;0.7;0.2999999999999999;1.0;1.0;0.09999999999999998;-0.30000000000000016
3794;Charlie;0.7;0.2999999999999999;1.0;1.0;0.09999999999999998;-0.30000000000000016
3795;Charlie;0.7;0.2999999999999999;1.0;1.0;0.09999999999999998;-0.30000000000000016
3796;Charlie;0.7;0.2999999999999999;1.0;1.0;0.09999999999999998;-0.30000000000000016
3797;Charlie;0.7;0.2999999999999999;1.0;1.0;0.09999999999999998;-0.30000000000000016
3798;Charlie;0.7;0.2999999999999999;1.0;1.0;0.09999999999999998;-0.30000000000000016
3799;Charlie;0.7;0.2999999999999999;1.0;1.0;0.09999999999999998;-0.30000000000000016
3800;Charlie;0.7;0.2999999999999999;1.0;1.0;0.09999999999999998;-0.30000000000000016
3801;Charlie;0.7;0.2999999999999999;1.0;1.0;0.09999999999999998;-0.30000000000000016
3802;Charlie;0.7;0.2999999999999999;1.0;1.0;0.09999999999999998;-0.30000000000000016
3803;Charlie;0.7;0.2999999999999999;1.0;1.0;0.09999999999999998;-0.30000000000000016
3804;Charlie;0.7;0.2999999999999999;1.0;1.0;0.09999999999999998;-0.30000000000000016
3805;Charlie;0.7;0.2999999999999999;1.0;1.0;0.09999999999999998;-0.30000000000000016
3806;Charlie;0.7;0.2999999999999999;1.0;1.0;0.09999999999999998;-0.30000000000000016
3807;Charlie;0.7;0.2999999999999999;1.0;1.0;0.09999999999999998;-0.30000000000000016
3808;Charlie;0.7;0.2999999999999999;1.0;1.0;0.09999999999999998;-0.30000000000000016
3809;Charlie;0.7;0.2999999999999999;1.0;1.0;0.09999999999999998;-0.30000000000000016
3810;Charlie;0.7;0.2999999999999999;1.0;1.0;0.09999999999999998;-0.30000000000000016
3811;Charlie;0.7;0.2999999999999999;1.0;1.0;0.09999999999999998;-0.30000000000000016
3812;Charlie;0.7;0.2999999999999999;1.0;1.0;0.09999999999999998;-0.30000000000000016
3813;Charlie;0.7;0.2999999999999999;1.0;1.0;0.09999999999999998;-0.30000000000000016
3814;Charlie;0.7;0.2999999999999999;1.0;1.0;0.09999999999999998;-0.30000000000000016
3815;Charlie;0.7;0.2999999999999999;1.0;1.0;0.09999999999999998;-0.30000000000000016
3816;Charlie;0.7;0.2999999999999999;1.0;1.0;0.09999999999999998;-0.30000000000000016
3817;Charlie;0.7;0.2999999999999999;1.0;1.0;0.09999999999999998;-0.30000000000000016
3818;Charlie;0.7;0.2999999999999999;1.0;1.0;0.09999999999999998;-0.30000000000000016
3819;Charlie;0.7;0.2999999999999999;1.0;1.0;0.09999999999999998;-0.30000000000000016
3820;Charlie;0.7;0.2999999999999999;1.0;1.0;0.09999999999999998;-0.30000000000000016
3821;Charlie;0.7;0.2999999999999999;1.0;1.0;0.09999999999999998;-0.30000000000000016
3822;Charlie;0.7;0.2999999999999999;1.0;1.0;0.09999999999999998;-0.30000000000000016
3823;Charlie;0.7;0.2999999999999999;1.0;1.0;0.09999999999999998;-0.30000000000000016
3824;Charlie;0.7;0.2999999999999999;1.0;1.0;0.09999999999999998;-0.30000000000000016
3825;Charlie;0.7;0.2999999999999999;1.0;1.0;0.09999999999999998;-0.30000000000000016
3826;Charlie;0.7;0.2999999999999999;1.0;1.0;0.09999999999999998;-0.30000000000000016
3827;Charlie;0.7;0.2999999999999999;1.0;1.0;0.09999999999999998;-0.30000000000000016
3828;Charlie;0.7;0.2999999999999999;1.0;1.0;0.09999999999999998;-0.30000000000000016
3829;Charlie;0.7;0.2999999999999999;1.0;1.0;0.09999999999999998;-0.30000000000000016
3830;Charlie;0.7;0.2999999999999999;1.0;1.0;0.09999999999999998;-0.30000000000000016
3831;Charlie;0.7;0.2999999999999999;1.0;1.0;0.09999999999999998;-0.30000000000000016
3832;Charlie;0.7;0.2999999999999999;1.0;1.0;0.09999999999999998;-0.30000000000000016
3833;Charlie;0.7;0.2999999999999999;1.0;1.0;0.09999999999999998;-0.30000000000000016
3834;Charlie;0.7;0.2999999999999999;1.0;1.0;0.09999999999999998;-0.30000000000000016
3835;Charlie;0.7;0.2999999999999999;1.0;1.0;0.09999999999999998;-0.30000000000000016
3836;Charlie;0.7;0.2999999999999999;1.0;1.0;0.09999999999999998;-0.30000000000000016
3837;Charlie;0.7;0.2999999999999999;1.0;1.0;0.09999999999999998;-0.30000000000000016
3838;Charlie;0.7;0.2999999999999999;1.0;1.0;0.09999999999999998;-0.30000000000000016
3839;Charlie;0.7;0.2999999999999999;1.0;1.0;0.09999999999999998;-0.30000000000000016
3840;Charlie;0.7;0.2999999999999999;1.0;1.0;0.09999999999999998;-0.30000000000000016
3841;Charlie;0.7;0.2999999999999999;1.0;1.0;0.09999999999999998;-0.30000000000000016
3842;Charlie;0.7;0.2999999999999999;1.0;1.0;0.09999999999999998;-0.30000000000000016
3843;Charlie;0.7;0.2999999999999999;1.0;1.0;0.09999999999999998;-0.30000000000000016
3844;Charlie;0.7;0.2999999999999999;1.0;1.0;0.09999999999999998;-0.30000000000000016
3845;Charlie;0.7;0.2999999999999999;1.0;1.0;0.09999999999999998;-0.30000000000000016
3846;Charlie;0.7;0.2999999999999999;1.0;1.0;0.09999999999999998;-0.30000000000000016
3847;Charlie;0.7;0.2999999999999999;1.0;1.0;0.09999999999999998;-0.30000000000000016
3848;Charlie;0.7;0.2999999999999999;1.0;1.0;0.09999999999999998;-0.30000000000000016
3849;Charlie;0.7;0.2999999999999999;1.0;1.0;0.09999999999999998;-0.30000000000000016
3850;Charlie;0.7;0.2999999999999999;1.0;1.0;0.09999999999999998;-0.30000000000000016
3851;Charlie;0.7;0.2999999999999999;1.0;1.0;0.09999999999999998;-0.30000000000000016
3852;Charlie;0.7;0.2999999999999999;1.0;1.0;0.09999999999999998;-0.30000000000000016
3853;Charlie;0.7;0.2999999999999999;1.0;1.0;0.09999999999999998;-0.30000000000000016
3854;Charlie;0.7;0.2999999999999999;1.0;1.0;0.09999999999999998;-0.30000000000000016
3855;Charlie;0.7;0.2999999999999999;1.0;1.0;0.09999999999999998;-0.30000000000000016
3856;Charlie;0.7;0.2999999999999999;1.0;1.0;0.09999999999999998;-0.30000000000000016
3857;Charlie;0.7;0.2999999999999999;1.0;1.0;0.09999999999999998;-0.30000000000000016
3858;Charlie;0.7;0.2999999999999999;1.0;1.0;0.09999999999999998;-0.30000000000000016
3859;Charlie;0.7;0.2999999999999999;1.0;1.0;0.09999999999999998;-0.30000000000000016
3860;Charlie;0.7;0.2999999999999999;1.0;1.0;0.09999999999999998;-0.30000000000000016
3861;Charlie;0.7;0.2999999999999999;1.0;1.0;0.09999999999999998;-0.30000000000000016
3862;Charlie;0.7;0.2999999999999999;1.0;1.0;0.09999999999999998;-0.30000000000000016
3863;Charlie;0.7;0.2999999999999999;1.0;1.0;0.09999999999999998;-0.30000000000000016
3864;Charlie;0.7;0.2999999999999999;1.0;1.0;0.09999999999999998;-0.30000000000000016
3865;Charlie;0.7;0.2999999999999999;1.0;1.0;0.09999999999999998;-0.30000000000000016
3866;Charlie;0.7;0.2999999999999999;1.0;1.0;0.09999999999999998;-0.30000000000000016
3867;Charlie;0.7;0.2999999999999999;1.0;1.0;0.09999999999999998;-0.30000000000000016
3868;Charlie;0.7;0.2999999999999999;1.0;1.0;0.09999999999999998;-0.30000000000000016
3869;Charlie;0.7;0.2999999999999999;1.0;1.0;0.09999999999999998;-0.30000000000000016
3870;Charlie;0.7;0.2999999999999999;1.0;1.0;0.09999999999999998;-0.30000000000000016
3871;Charlie;0.7;0.2999999999999999;1.0;1.0;0.09999999999999998;-0.30000000000000016
3872;Charlie;0.7;0.2999999999999999;1.0;1.0;0.09999999999999998;-0.30000000000000016
3873;Charlie;0.7;0.2999999999999999;1.0;1.0;0.09999999999999998;-0.30000000000000016
3874;Charlie;0.7;0.2999999999999999;1.0;1.0;0.09999999999999998;-0.30000000000000016
3875;Charlie;0.7;0.2999999999999999;1.0;1.0;0.09999999999999998;-0.30000000000000016
3876;Charlie;0.7;0.2999999999999999;1.0;1.0;0.09999999999999998;-0.30000000000000016
3877;Charlie;0.7;0.2999999999999999;1.0;1.0;0.09999999999999998;-0.30000000000000016
3878;Charlie;0.7;0.2999999999999999;1.0;1.0;0.09999999999999998;-0.30000000000000016
3879;Charlie;0.7;0.2999999999999999;1.0;1.0;0.09999999999999998;-0.30000000000000016
3880;Charlie;0.7;0.2999999999999999;1.0;1.0;0.09999999999999998;-0.30000000000000016
3881;Charlie;0.7;0.2999999999999999;1.0;1.0;0.09999999999999998;-0.30000000000000016
3882;Charlie;0.7;0.2999999999999999;1.0;1.0;0.09999999999999998;-0.30000000000000016
3883;Charlie;0.7;0.2999999999999999;1.0;1.0;0.09999999999999998;-0.30000000000000016
3884;Charlie;0.7;0.2999999999999999;1.0;1.0;0.09999999999999998;-0.30000000000000016
3885;Charlie;0.7;0.2999999999999999;1.0;1.0;0.09999999999999998;-0.30000000000000016
3886;Charlie;0.7;0.2999999999999999;1.0;1.0;0.09999999999999998;-0.30000000000000016
3887;Charlie;0.7;0.2999999999999999;1.0;1.0;0.09999999999999998;-0.30000000000000016
3888;Charlie;0.7;0.2999999999999999;1.0;1.0;0.09999999999999998;-0.30000000000000016
3889;Charlie;0.7;0.2999999999999999;1.0;1.0;0.09999999999999998;-0.30000000000000016
3890;Charlie;0.7;0.2999999999999999;1.0;1.0;0.09999999999999998;-0.30000000000000016
3891;Charlie;0.7;0.2999999999999999;1.0;1.0;0.09999999999999998;-0.30000000000000016
3892;Charlie;0.7;0.2999999999999999;1.0;1.0;0.09999999999999998;-0.30000000000000016
3893;Charlie;0.7;0.2999999999999999;1.0;1.0;0.09999999999999998;-0.30000000000000016
3894;Charlie;0.7;0.2999999999999999;1.0;1.0;0.09999999999999998;-0.30000000000000016
3895;Charlie;0.7;0.2999999999999999;1.0;1.0;0.09999999999999998;-0.30000000000000016
3896;Charlie;0.7;0.2999999999999999;1.0;1.0;0.09999999999999998;-0.30000000000000016
3897;Charlie;0.7;0.2999999999999999;1.0;1.0;0.09999999999999998;-0.30000000000000016
3898;Charlie;0.7;0.2999999999999999;1.0;1.0;0.09999999999999998;-0.30000000000000016
3899;Charlie;0.7;0.2999999999999999;1.0;1.0;0.09999999999999998;-0.30000000000000016
3900;Charlie;0.7;0.2999999999999999;1.0;1.0;0.09999999999999998;-0.30000000000000016
3901;Charlie;0.7;0.2999999999999999;1.0;1.0;0.09999999999999998;-0.30000000000000016
3902;Charlie;0.7;0.2999999999999999;1.0;1.0;0.09999999999999998;-0.30000000000000016
3903;Charlie;0.7;0.2999999999999999;1.0;1.0;0.09999999999999998;-0.30000000000000016
3904;Charlie;0.7;0.2999999999999999;1.0;1.0;0.09999999999999998;-0.30000000000000016
3905;Charlie;0.7;0.2999999999999999;1.0;1.0;0.09999999999999998;-0.30000000000000016
3906;Charlie;0.7;0.2999999999999999;1.0;1.0;0.09999999999999998;-0.30000000000000016
3907;Charlie;0.7;0.2999999999999999;1.0;1.0;0.09999999999999998;-0.30000000000000016
3908;Charlie;0.7;0.2999999999999999;1.0;1.0;0.09999999999999998;-0.30000000000000016
3909;Charlie;0.7;0.2999999999999999;1.0;1.0;0.09999999999999998;-0.30000000000000016
3910;Charlie;0.7;0.2999999999999999;1.0;1.0;0.09999999999999998;-0.30000000000000016
3911;Charlie;0.7;0.2999999999999999;1.0;1.0;0.09999999999999998;-0.30000000000000016
3912;Charlie;0.7;0.2999999999999999;1.0;1.0;0.09999999999999998;-0.30000000000000016
3913;Charlie;0.7;0.2999999999999999;1.0;1.0;0.09999999999999998;-0.30000000000000016
3914;Charlie;0.7;0.2999999999999999;1.0;1.0;0.09999999999999998;-0.30000000000000016
3915;Charlie;0.7;0.2999999999999999;1.0;1.0;0.09999999999999998;-0.30000000000000016
3916;Charlie;0.7;0.2999999999999999;1.0;1.0;0.09999999999999998;-0.30000000000000016
3917;Charlie;0.7;0.2999999999999999;1.0;1.0;0.09999999999999998;-0.30000000000000016
3918;Charlie;0.7;0.2999999999999999;1.0;1.0;0.09999999999999998;-0.30000000000000016
3919;Charlie;0.7;0.2999999999999999;1.0;1.0;0.09999999999999998;-0.30000000000000016
3920;Charlie;0.7;0.2999999999999999;1.0;1.0;0.09999999999999998;-0.30000000000000016
3921;Charlie;0.7;0.2999999999999999;1.0;1.0;0.09999999999999998;-0.30000000000000016
3922;Charlie;0.7;0.2999999999999999;1.0;1.0;0.09999999999999998;-0.30000000000000016
3923;Charlie;0.7;0.2999999999999999;1.0;1.0;0.09999999999999998;-0.30000000000000016
3924;Charlie;0.7;0.2999999999999999;1.0;1.0;0.09999999999999998;-0.30000000000000016
3925;Charlie;0.7;0.2999999999999999;1.0;1.0;0.09999999999999998;-0.30000000000000016
3926;Charlie;0.7;0.2999999999999999;1.0;1.0;0.09999999999999998;-0.30000000000000016
3927;Charlie;0.7;0.2999999999999999;1.0;1.0;0.09999999999999998;-0.30000000000000016
3928;Charlie;0.7;0.2999999999999999;1.0;1.0;0.09999999999999998;-0.30000000000000016
3929;Charlie;0.7;0.2999999999999999;1.0;1.0;0.09999999999999998;-0.30000000000000016
3930;Charlie;0.7;0.2999999999999999;1.0;1.0;0.09999999999999998;-0.30000000000000016
3931;Charlie;0.7;0.2999999999999999;1.0;1.0;0.09999999999999998;-0.30000000000000016
3932;Charlie;0.7;0.2999999999999999;1.0;1.0;0.09999999999999998;-0.30000000000000016
3933;Charlie;0.7;0.2999999999999999;1.0;1.0;0.09999999999999998;-0.30000000000000016
3934;Charlie;0.7;0.2999999999999999;1.0;1.0;0.09999999999999998;-0.30000000000000016
3935;Charlie;0.7;0.2999999999999999;1.0;1.0;0.09999999999999998;-0.30000000000000016
3936;Charlie;0.7;0.2999999999999999;1.0;1.0;0.09999999999999998;-0.30000000000000016
3937;Charlie;0.7;0.2999999999999999;1.0;1.0;0.09999999999999998;-0.30000000000000016
3938;Charlie;0.7;0.2999999999999999;1.0;1.0;0.09999999999999998;-0.30000000000000016
3939;Charlie;0.7;0.2999999999999999;1.0;1.0;0.09999999999999998;-0.30000000000000016
3940;Charlie;0.7;0.2999999999999999;1.0;1.0;0.09999999999999998;-0.30000000000000016
3941;Charlie;0.7;0.2999999999999999;1.0;1.0;0.09999999999999998;-0.30000000000000016
3942;Charlie;0.7;0.2999999999999999;1.0;1.0;0.09999999999999998;-0.30000000000000016
3943;Charlie;0.7;0.2999999999999999;1.0;1.0;0.09999999999999998;-0.30000000000000016
3944;Charlie;0.7;0.2999999999999999;1.0;1.0;0.09999999999999998;-0.30000000000000016
3945;Charlie;0.7;0.2999999999999999;1.0;1.0;0.09999999999999998;-0.30000000000000016
3946;Charlie;0.7;0.2999999999999999;1.0;1.0;0.09999999999999998;-0.30000000000000016
3947;Charlie;0.7;0.2999999999999999;1.0;1.0;0.09999999999999998;-0.30000000000000016
3948;Charlie;0.7;0.2999999999999999;1.0;1.0;0.09999999999999998;-0.30000000000000016
3949;Charlie;0.7;0.2999999999999999;1.0;1.0;0.09999999999999998;-0.30000000000000016
3950;Charlie;0.7;0.2999999999999999;1.0;1.0;0.09999999999999998;-0.30000000000000016
3951;Charlie;0.7;0.2999999999999999;1.0;1.0;0.09999999999999998;-0.30000000000000016
3952;Charlie;0.7;0.2999999999999999;1.0;1.0;0.09999999999999998;-0.30000000000000016
3953;Charlie;0.7;0.2999999999999999;1.0;1.0;0.09999999999999998;-0.30000000000000016
3954;Charlie;0.7;0.2999999999999999;1.0;1.0;0.09999999999999998;-0.30000000000000016
3955;Charlie;0.7;0.2999999999999999;1.0;1.0;0.09999999999999998;-0.30000000000000016
3956;Charlie;0.7;0.2999999999999999;1.0;1.0;0.09999999999999998;-0.30000000000000016
3957;Charlie;0.7;0.2999999999999999;1.0;1.0;0.09999999999999998;-0.30000000000000016
3958;Charlie;0.7;0.2999999999999999;1.0;1.0;0.09999999999999998;-0.30000000000000016
3959;Charlie;0.7;0.2999999999999999;1.0;1.0;0.09999999999999998;-0.30000000000000016
3960;Charlie;0.7;0.2999999999999999;1.0;1.0;0.09999999999999998;-0.30000000000000016
3961;Charlie;0.7;0.2999999999999999;1.0;1.0;0.09999999999999998;-0.30000000000000016
3962;Charlie;0.7;0.2999999999999999;1.0;1.0;0.09999999999999998;-0.30000000000000016
3963;Charlie;0.7;0.2999999999999999;1.0;1.0;0.09999999999999998;-0.30000000000000016
3964;Charlie;0.7;0.2999999999999999;1.0;1.0;0.09999999999999998;-0.30000000000000016
3965;Charlie;0.7;0.2999999999999999;1.0;1.0;0.09999999999999998;-0.30000000000000016
3966;Charlie;0.7;0.2999999999999999;1.0;1.0;0.09999999999999998;-0.30000000000000016
3992;Charlie;0.7;0.2999999999999999;0.9;1.0;0.09999999999999998;-0.5000000000000002
4001;Charlie;0.7;0.2999999999999999;0.9;1.0;0.09999999999999998;-0.5000000000000002
4002;Charlie;0.7;0.2999999999999999;0.9;1.0;0.09999999999999998;-0.5000000000000002
4003;Charlie;0.7;0.2999999999999999;0.9;1.0;0.09999999999999998;-0.5000000000000002
4004;Charlie;0.7;0.2999999999999999;0.9;1.0;0.09999999999999998;-0.5000000000000002
4005;Charlie;0.7;0.2999999999999999;0.9;1.0;0.09999999999999998;-0.5000000000000002
4006;Charlie;0.7;0.2999999999999999;0.9;1.0;0.09999999999999998;-0.5000000000000002
4007;Charlie;0.7;0.2999999999999999;0.9;1.0;0.09999999999999998;-0.5000000000000002
4008;Charlie;0.7;0.2999999999999999;0.9;1.0;0.09999999999999998;-0.5000000000000002
4009;Charlie;0.7;0.2999999999999999;0.9;1.0;0.09999999999999998;-0.5000000000000002
4010;Charlie;0.7;0.2999999999999999;0.9;1.0;0.09999999999999998;-0.5000000000000002
4011;Charlie;0.7;0.2999999999999999;0.9;1.0;0.09999999999999998;-0.5000000000000002
4012;Charlie;0.7;0.2999999999999999;0.9;1.0;0.09999999999999998;-0.5000000000000002
4013;Charlie;0.7;0.2999999999999999;0.9;1.0;0.09999999999999998;-0.5000000000000002
4014;Charlie;0.7;0.2999999999999999;0.9;1.0;0.09999999999999998;-0.5000000000000002
4015;Charlie;0.7;0.2999999999999999;0.9;1.0;0.09999999999999998;-0.5000000000000002
4016;Charlie;0.7;0.2999999999999999;0.9;1.0;0.09999999999999998;-0.5000000000000002
4017;Charlie;0.7;0.2999999999999999;0.9;1.0;0.09999999999999998;-0.5000000000000002
4018;Charlie;0.7;0.2999999999999999;0.9;1.0;0.09999999999999998;-0.5000000000000002
4019;Charlie;0.7;0.2999999999999999;0.9;1.0;0.09999999999999998;-0.5000000000000002
4020;Charlie;0.7;0.2999999999999999;0.9;1.0;0.09999999999999998;-0.5000000000000002
4021;Charlie;0.7;0.2999999999999999;0.9;1.0;0.09999999999999998;-0.5000000000000002
4022;Charlie;0.7;0.2999999999999999;0.9;1.0;0.09999999999999998;-0.5000000000000002
4023;Charlie;0.7;0.2999999999999999;0.9;1.0;0.09999999999999998;-0.5000000000000002
4024;Charlie;0.7;0.2999999999999999;0.9;1.0;0.09999999999999998;-0.5000000000000002
4025;Charlie;0.7;0.2999999999999999;0.9;1.0;0.09999999999999998;-0.5000000000000002
4026;Charlie;0.7;0.2999999999999999;0.9;1.0;0.09999999999999998;-0.5000000000000002
4027;Charlie;0.7;0.2999999999999999;0.9;1.0;0.09999999999999998;-0.5000000000000002
4028;Charlie;0.7;0.2999999999999999;0.9;1.0;0.09999999999999998;-0.5000000000000002
4029;Charlie;0.7;0.2999999999999999;0.9;1.0;0.09999999999999998;-0.5000000000000002
4030;Charlie;0.7;0.2999999999999999;0.9;1.0;0.09999999999999998;-0.5000000000000002
4031;Charlie;0.7;0.2999999999999999;0.9;1.0;0.09999999999999998;-0.5000000000000002
4032;Charlie;0.7;0.2999999999999999;0.9;1.0;0.09999999999999998;-0.5000000000000002
4033;Charlie;0.7;0.2999999999999999;0.9;1.0;0.09999999999999998;-0.5000000000000002
4034;Charlie;0.7;0.2999999999999999;0.9;1.0;0.09999999999999998;-0.5000000000000002
4035;Charlie;0.7;0.2999999999999999;0.9;1.0;0.09999999999999998;-0.5000000000000002
4036;Charlie;0.7;0.2999999999999999;0.9;1.0;0.09999999999999998;-0.5000000000000002
4037;Charlie;0.7;0.2999999999999999;0.9;1.0;0.09999999999999998;-0.5000000000000002
4038;Charlie;0.7;0.2999999999999999;0.9;1.0;0.09999999999999998;-0.5000000000000002
4039;Charlie;0.7;0.2999999999999999;0.9;1.0;0.09999999999999998;-0.5000000000000002
4040;Charlie;0.7;0.2999999999999999;0.9;1.0;0.09999999999999998;-0.5000000000000002
4041;Charlie;0.7;0.2999999999999999;0.9;1.0;0.09999999999999998;-0.5000000000000002
4042;Charlie;0.7;0.2999999999999999;0.9;1.0;0.09999999999999998;-0.5000000000000002
4043;Charlie;0.7;0.2999999999999999;0.9;1.0;0.09999999999999998;-0.5000000000000002
4044;Charlie;0.7;0.2999999999999999;0.9;1.0;0.09999999999999998;-0.5000000000000002
4045;Charlie;0.7;0.2999999999999999;0.9;1.0;0.09999999999999998;-0.5000000000000002
4046;Charlie;0.7;0.2999999999999999;0.9;1.0;0.09999999999999998;-0.5000000000000002
4047;Charlie;0.7;0.2999999999999999;0.9;1.0;0.09999999999999998;-0.5000000000000002
4048;Charlie;0.7;0.2999999999999999;0.9;1.0;0.09999999999999998;-0.5000000000000002
4049;Charlie;0.7;0.2999999999999999;0.9;1.0;0.09999999999999998;-0.5000000000000002
4050;Charlie;0.7;0.2999999999999999;0.9;1.0;0.09999999999999998;-0.5000000000000002
4051;Charlie;0.7;0.2999999999999999;0.9;1.0;0.09999999999999998;-0.5000000000000002
4052;Charlie;0.7;0.2999999999999999;0.9;1.0;0.09999999999999998;-0.5000000000000002
4053;Charlie;0.7;0.2999999999999999;0.9;1.0;0.09999999999999998;-0.5000000000000002
4054;Charlie;0.7;0.2999999999999999;0.9;1.0;0.09999999999999998;-0.5000000000000002
4055;Charlie;0.7;0.2999999999999999;0.9;1.0;0.09999999999999998;-0.5000000000000002
4056;Charlie;0.7;0.2999999999999999;0.9;1.0;0.09999999999999998;-0.5000000000000002
4057;Charlie;0.7;0.2999999999999999;0.9;1.0;0.09999999999999998;-0.5000000000000002
4058;Charlie;0.7;0.2999999999999999;0.9;1.0;0.09999999999999998;-0.5000000000000002
4059;Charlie;0.7;0.2999999999999999;0.9;1.0;0.09999999999999998;-0.5000000000000002
4060;Charlie;0.7;0.2999999999999999;0.9;1.0;0.09999999999999998;-0.5000000000000002
4061;Charlie;0.7;0.2999999999999999;0.9;1.0;0.09999999999999998;-0.5000000000000002
4062;Charlie;0.7;0.2999999999999999;0.9;1.0;0.09999999999999998;-0.5000000000000002
4063;Charlie;0.7;0.2999999999999999;0.9;1.0;0.09999999999999998;-0.5000000000000002
4064;Charlie;0.7;0.2999999999999999;0.9;1.0;0.09999999999999998;-0.5000000000000002
4065;Charlie;0.7;0.2999999999999999;0.9;1.0;0.09999999999999998;-0.5000000000000002
4066;Charlie;0.7;0.2999999999999999;0.9;1.0;0.09999999999999998;-0.5000000000000002
4067;Charlie;0.7;0.2999999999999999;0.9;1.0;0.09999999999999998;-0.5000000000000002
4068;Charlie;0.7;0.2999999999999999;0.9;1.0;0.09999999999999998;-0.5000000000000002
4069;Charlie;0.7;0.2999999999999999;0.9;1.0;0.09999999999999998;-0.5000000000000002
4070;Charlie;0.7;0.2999999999999999;0.9;1.0;0.09999999999999998;-0.5000000000000002
4071;Charlie;0.7;0.2999999999999999;0.9;1.0;0.09999999999999998;-0.5000000000000002
4072;Charlie;0.7;0.2999999999999999;0.9;1.0;0.09999999999999998;-0.5000000000000002
4073;Charlie;0.7;0.2999999999999999;0.9;1.0;0.09999999999999998;-0.5000000000000002
4074;Charlie;0.7;0.2999999999999999;0.9;1.0;0.09999999999999998;-0.5000000000000002
4075;Charlie;0.7;0.2999999999999999;0.9;1.0;0.09999999999999998;-0.5000000000000002
4076;Charlie;0.7;0.2999999999999999;0.9;1.0;0.09999999999999998;-0.5000000000000002
4077;Charlie;0.7;0.2999999999999999;0.9;1.0;0.09999999999999998;-0.5000000000000002
4078;Charlie;0.7;0.2999999999999999;0.9;1.0;0.09999999999999998;-0.5000000000000002
4079;Charlie;0.7;0.2999999999999999;0.9;1.0;0.09999999999999998;-0.5000000000000002
4080;Charlie;0.7;0.2999999999999999;0.9;1.0;0.09999999999999998;-0.5000000000000002
4081;Charlie;0.7;0.2999999999999999;0.9;1.0;0.09999999999999998;-0.5000000000000002
4082;Charlie;0.7;0.2999999999999999;0.9;1.0;0.09999999999999998;-0.5000000000000002
4083;Charlie;0.7;0.2999999999999999;0.9;1.0;0.09999999999999998;-0.5000000000000002
4084;Charlie;0.7;0.2999999999999999;0.9;1.0;0.09999999999999998;-0.5000000000000002
4085;Charlie;0.7;0.2999999999999999;0.9;1.0;0.09999999999999998;-0.5000000000000002
4086;Charlie;0.7;0.2999999999999999;0.9;1.0;0.09999999999999998;-0.5000000000000002
4087;Charlie;0.7;0.2999999999999999;0.9;1.0;0.09999999999999998;-0.5000000000000002
4088;Charlie;0.7;0.2999999999999999;0.9;1.0;0.09999999999999998;-0.5000000000000002
4089;Charlie;0.7;0.2999999999999999;0.9;1.0;0.09999999999999998;-0.5000000000000002
4090;Charlie;0.7;0.2999999999999999;0.9;1.0;0.09999999999999998;-0.5000000000000002
4091;Charlie;0.7;0.2999999999999999;0.9;1.0;0.09999999999999998;-0.5000000000000002
4092;Charlie;0.7;0.2999999999999999;0.9;1.0;0.09999999999999998;-0.5000000000000002
4093;Charlie;0.7;0.2999999999999999;0.9;1.0;0.09999999999999998;-0.5000000000000002
4094;Charlie;0.7;0.2999999999999999;0.9;1.0;0.09999999999999998;-0.5000000000000002
4095;Charlie;0.7;0.2999999999999999;0.9;1.0;0.09999999999999998;-0.5000000000000002
4096;Charlie;0.7;0.2999999999999999;0.9;1.0;0.09999999999999998;-0.5000000000000002
4097;Charlie;0.7;0.2999999999999999;0.9;1.0;0.09999999999999998;-0.5000000000000002
4098;Charlie;0.7;0.2999999999999999;0.9;1.0;0.09999999999999998;-0.5000000000000002
4099;Charlie;0.7;0.2999999999999999;0.9;1.0;0.09999999999999998;-0.5000000000000002
4100;Charlie;0.7;0.2999999999999999;0.9;1.0;0.09999999999999998;-0.5000000000000002
4101;Charlie;0.7;0.2999999999999999;0.9;1.0;0.09999999999999998;-0.5000000000000002
4102;Charlie;0.7;0.2999999999999999;0.9;1.0;0.09999999999999998;-0.5000000000000002
4103;Charlie;0.7;0.2999999999999999;0.9;1.0;0.09999999999999998;-0.5000000000000002
4104;Charlie;0.7;0.2999999999999999;0.9;1.0;0.09999999999999998;-0.5000000000000002
4105;Charlie;0.7;0.2999999999999999;0.9;1.0;0.09999999999999998;-0.5000000000000002
4106;Charlie;0.7;0.2999999999999999;0.9;1.0;0.09999999999999998;-0.5000000000000002
4107;Charlie;0.7;0.2999999999999999;0.9;1.0;0.09999999999999998;-0.5000000000000002
4108;Charlie;0.7;0.2999999999999999;0.9;1.0;0.09999999999999998;-0.5000000000000002
4109;Charlie;0.7;0.2999999999999999;0.9;1.0;0.09999999999999998;-0.5000000000000002
4110;Charlie;0.7;0.2999999999999999;0.9;1.0;0.09999999999999998;-0.5000000000000002
4111;Charlie;0.7;0.2999999999999999;0.9;1.0;0.09999999999999998;-0.5000000000000002
4112;Charlie;0.7;0.2999999999999999;0.9;1.0;0.09999999999999998;-0.5000000000000002
4113;Charlie;0.7;0.2999999999999999;0.9;1.0;0.09999999999999998;-0.5000000000000002
4114;Charlie;0.7;0.2999999999999999;0.9;1.0;0.09999999999999998;-0.5000000000000002
4115;Charlie;0.7;0.2999999999999999;0.9;1.0;0.09999999999999998;-0.5000000000000002
4116;Charlie;0.7;0.2999999999999999;0.9;1.0;0.09999999999999998;-0.5000000000000002
4117;Charlie;0.7;0.2999999999999999;0.9;1.0;0.09999999999999998;-0.5000000000000002
4118;Charlie;0.7;0.2999999999999999;0.9;1.0;0.09999999999999998;-0.5000000000000002
4119;Charlie;0.7;0.2999999999999999;0.9;1.0;0.09999999999999998;-0.5000000000000002
4120;Charlie;0.7;0.2999999999999999;0.9;1.0;0.09999999999999998;-0.5000000000000002
4121;Charlie;0.7;0.2999999999999999;0.9;1.0;0.09999999999999998;-0.5000000000000002
4122;Charlie;0.7;0.2999999999999999;0.9;1.0;0.09999999999999998;-0.5000000000000002
4123;Charlie;0.7;0.2999999999999999;0.9;1.0;0.09999999999999998;-0.5000000000000002
4124;Charlie;0.7;0.2999999999999999;0.9;1.0;0.09999999999999998;-0.5000000000000002
4125;Charlie;0.7;0.2999999999999999;0.9;1.0;0.09999999999999998;-0.5000000000000002
4126;Charlie;0.7;0.2999999999999999;0.9;1.0;0.09999999999999998;-0.5000000000000002
4127;Charlie;0.7;0.2999999999999999;0.9;1.0;0.09999999999999998;-0.5000000000000002
4128;Charlie;0.7;0.2999999999999999;0.9;1.0;0.09999999999999998;-0.5000000000000002
4129;Charlie;0.7;0.2999999999999999;0.9;1.0;0.09999999999999998;-0.5000000000000002
4130;Charlie;0.7;0.2999999999999999;0.9;1.0;0.09999999999999998;-0.5000000000000002
4131;Charlie;0.7;0.2999999999999999;0.9;1.0;0.09999999999999998;-0.5000000000000002
4132;Charlie;0.7;0.2999999999999999;0.9;1.0;0.09999999999999998;-0.5000000000000002
4133;Charlie;0.7;0.2999999999999999;0.9;1.0;0.09999999999999998;-0.5000000000000002
4134;Charlie;0.7;0.2999999999999999;0.9;1.0;0.09999999999999998;-0.5000000000000002
4135;Charlie;0.7;0.2999999999999999;0.9;1.0;0.09999999999999998;-0.5000000000000002
4136;Charlie;0.7;0.2999999999999999;0.9;1.0;0.09999999999999998;-0.5000000000000002
4137;Charlie;0.7;0.2999999999999999;0.9;1.0;0.09999999999999998;-0.5000000000000002
4138;Charlie;0.7;0.2999999999999999;0.9;1.0;0.09999999999999998;-0.5000000000000002
4139;Charlie;0.7;0.2999999999999999;0.9;1.0;0.09999999999999998;-0.5000000000000002
4140;Charlie;0.7;0.2999999999999999;0.9;1.0;0.09999999999999998;-0.5000000000000002
4141;Charlie;0.7;0.2999999999999999;0.9;1.0;0.09999999999999998;-0.5000000000000002
4142;Charlie;0.7;0.2999999999999999;0.9;1.0;0.09999999999999998;-0.5000000000000002
4143;Charlie;0.7;0.2999999999999999;0.9;1.0;0.09999999999999998;-0.5000000000000002
4144;Charlie;0.7;0.2999999999999999;0.9;1.0;0.09999999999999998;-0.5000000000000002
4145;Charlie;0.7;0.2999999999999999;0.9;1.0;0.09999999999999998;-0.5000000000000002
4146;Charlie;0.7;0.2999999999999999;0.9;1.0;0.09999999999999998;-0.5000000000000002
4147;Charlie;0.7;0.2999999999999999;0.9;1.0;0.09999999999999998;-0.5000000000000002
4148;Charlie;0.7;0.2999999999999999;0.9;1.0;0.09999999999999998;-0.5000000000000002
4149;Charlie;0.7;0.2999999999999999;0.9;1.0;0.09999999999999998;-0.5000000000000002
4150;Charlie;0.7;0.2999999999999999;0.9;1.0;0.09999999999999998;-0.5000000000000002
4151;Charlie;0.7;0.2999999999999999;0.9;1.0;0.09999999999999998;-0.5000000000000002
4152;Charlie;0.7;0.2999999999999999;0.9;1.0;0.09999999999999998;-0.5000000000000002
4153;Charlie;0.7;0.2999999999999999;0.9;1.0;0.09999999999999998;-0.5000000000000002
4154;Charlie;0.7;0.2999999999999999;0.9;1.0;0.09999999999999998;-0.5000000000000002
4155;Charlie;0.7;0.2999999999999999;0.9;1.0;0.09999999999999998;-0.5000000000000002
4156;Charlie;0.7;0.2999999999999999;0.9;1.0;0.09999999999999998;-0.5000000000000002
4157;Charlie;0.7;0.2999999999999999;0.9;1.0;0.09999999999999998;-0.5000000000000002
4158;Charlie;0.7;0.2999999999999999;0.9;1.0;0.09999999999999998;-0.5000000000000002
4159;Charlie;0.7;0.2999999999999999;0.9;1.0;0.09999999999999998;-0.5000000000000002
4160;Charlie;0.7;0.2999999999999999;0.9;1.0;0.09999999999999998;-0.5000000000000002
4161;Charlie;0.7;0.2999999999999999;0.9;1.0;0.09999999999999998;-0.5000000000000002
4162;Charlie;0.7;0.2999999999999999;0.9;1.0;0.09999999999999998;-0.5000000000000002
4163;Charlie;0.7;0.2999999999999999;0.9;1.0;0.09999999999999998;-0.5000000000000002
4164;Charlie;0.7;0.2999999999999999;0.9;1.0;0.09999999999999998;-0.5000000000000002
4165;Charlie;0.7;0.2999999999999999;0.9;1.0;0.09999999999999998;-0.5000000000000002
4166;Charlie;0.7;0.2999999999999999;0.9;1.0;0.09999999999999998;-0.5000000000000002
4167;Charlie;0.7;0.2999999999999999;0.9;1.0;0.09999999999999998;-0.5000000000000002
4168;Charlie;0.7;0.2999999999999999;0.9;1.0;0.09999999999999998;-0.5000000000000002
4169;Charlie;0.7;0.2999999999999999;0.9;1.0;0.09999999999999998;-0.5000000000000002
4170;Charlie;0.7;0.2999999999999999;0.9;1.0;0.09999999999999998;-0.5000000000000002
4171;Charlie;0.7;0.2999999999999999;0.9;1.0;0.09999999999999998;-0.5000000000000002
4172;Charlie;0.7;0.2999999999999999;0.9;1.0;0.09999999999999998;-0.5000000000000002
4173;Charlie;0.7;0.2999999999999999;0.9;1.0;0.09999999999999998;-0.5000000000000002
4174;Charlie;0.7;0.2999999999999999;0.9;1.0;0.09999999999999998;-0.5000000000000002
4175;Charlie;0.7;0.2999999999999999;0.9;1.0;0.09999999999999998;-0.5000000000000002
4176;Charlie;0.7;0.2999999999999999;0.9;1.0;0.09999999999999998;-0.5000000000000002
4177;Charlie;0.7;0.2999999999999999;0.9;1.0;0.09999999999999998;-0.5000000000000002
4178;Charlie;0.7;0.2999999999999999;0.9;1.0;0.09999999999999998;-0.5000000000000002
4179;Charlie;0.7;0.2999999999999999;0.9;1.0;0.09999999999999998;-0.5000000000000002
4180;Charlie;0.7;0.2999999999999999;0.9;1.0;0.09999999999999998;-0.5000000000000002
4181;Charlie;0.7;0.2999999999999999;0.9;1.0;0.09999999999999998;-0.5000000000000002
4182;Charlie;0.7;0.2999999999999999;0.9;1.0;0.09999999999999998;-0.5000000000000002
4183;Charlie;0.7;0.2999999999999999;0.9;1.0;0.09999999999999998;-0.5000000000000002
4184;Charlie;0.7;0.2999999999999999;0.9;1.0;0.09999999999999998;-0.5000000000000002
4185;Charlie;0.7;0.2999999999999999;0.9;1.0;0.09999999999999998;-0.5000000000000002
4186;Charlie;0.7;0.2999999999999999;0.9;1.0;0.09999999999999998;-0.5000000000000002
4187;Charlie;0.7;0.2999999999999999;0.9;1.0;0.09999999999999998;-0.5000000000000002
4188;Charlie;0.7;0.2999999999999999;0.9;1.0;0.09999999999999998;-0.5000000000000002
4189;Charlie;0.7;0.2999999999999999;0.9;1.0;0.09999999999999998;-0.5000000000000002
4190;Charlie;0.7;0.2999999999999999;0.9;1.0;0.09999999999999998;-0.5000000000000002
4191;Charlie;0.7;0.2999999999999999;0.9;1.0;0.09999999999999998;-0.5000000000000002
4192;Charlie;0.7;0.2999999999999999;0.9;1.0;0.09999999999999998;-0.5000000000000002
4193;Charlie;0.7;0.2999999999999999;0.9;1.0;0.09999999999999998;-0.5000000000000002
4194;Charlie;0.7;0.2999999999999999;0.9;1.0;0.09999999999999998;-0.5000000000000002
4195;Charlie;0.7;0.2999999999999999;0.9;1.0;0.09999999999999998;-0.5000000000000002
4196;Charlie;0.7;0.2999999999999999;0.9;1.0;0.09999999999999998;-0.5000000000000002
4197;Charlie;0.7;0.2999999999999999;0.9;1.0;0.09999999999999998;-0.5000000000000002
4198;Charlie;0.7;0.2999999999999999;0.9;1.0;0.09999999999999998;-0.5000000000000002
4199;Charlie;0.7;0.2999999999999999;0.9;1.0;0.09999999999999998;-0.5000000000000002
4200;Charlie;0.7;0.2999999999999999;0.9;1.0;0.09999999999999998;-0.5000000000000002
4201;Charlie;0.7;0.2999999999999999;0.9;1.0;0.09999999999999998;-0.5000000000000002
4202;Charlie;0.7;0.2999999999999999;0.9;1.0;0.09999999999999998;-0.5000000000000002
4203;Charlie;0.7;0.2999999999999999;0.9;1.0;0.09999999999999998;-0.5000000000000002
4204;Charlie;0.7;0.2999999999999999;0.9;1.0;0.09999999999999998;-0.5000000000000002
4205;Charlie;0.7;0.2999999999999999;0.9;1.0;0.09999999999999998;-0.5000000000000002
4206;Charlie;0.7;0.2999999999999999;0.9;1.0;0.09999999999999998;-0.5000000000000002
4207;Charlie;0.7;0.2999999999999999;0.9;1.0;0.09999999999999998;-0.5000000000000002
4208;Charlie;0.7;0.2999999999999999;0.9;1.0;0.09999999999999998;-0.5000000000000002
4209;Charlie;0.7;0.2999999999999999;0.9;1.0;0.09999999999999998;-0.5000000000000002
4210;Charlie;0.7;0.2999999999999999;0.9;1.0;0.09999999999999998;-0.5000000000000002
4211;Charlie;0.7;0.2999999999999999;0.9;1.0;0.09999999999999998;-0.5000000000000002
4212;Charlie;0.7;0.2999999999999999;0.9;1.0;0.09999999999999998;-0.5000000000000002
4213;Charlie;0.7;0.2999999999999999;0.9;1.0;0.09999999999999998;-0.5000000000000002
4214;Charlie;0.7;0.2999999999999999;0.9;1.0;0.09999999999999998;-0.5000000000000002
4215;Charlie;0.7;0.2999999999999999;0.9;1.0;0.09999999999999998;-0.5000000000000002
4216;Charlie;0.7;0.2999999999999999;0.9;1.0;0.09999999999999998;-0.5000000000000002
4217;Charlie;0.7;0.2999999999999999;0.9;1.0;0.09999999999999998;-0.5000000000000002
4218;Charlie;0.7;0.2999999999999999;0.9;1.0;0.09999999999999998;-0.5000000000000002
4219;Charlie;0.7;0.2999999999999999;0.9;1.0;0.09999999999999998;-0.5000000000000002
4220;Charlie;0.7;0.2999999999999999;0.9;1.0;0.09999999999999998;-0.5000000000000002
4221;Charlie;0.7;0.2999999999999999;0.9;1.0;0.09999999999999998;-0.5000000000000002
4222;Charlie;0.7;0.2999999999999999;0.9;1.0;0.09999999999999998;-0.5000000000000002
4223;Charlie;0.7;0.2999999999999999;0.9;1.0;0.09999999999999998;-0.5000000000000002
4224;Charlie;0.7;0.2999999999999999;0.9;1.0;0.09999999999999998;-0.5000000000000002
4225;Charlie;0.7;0.2999999999999999;0.9;1.0;0.09999999999999998;-0.5000000000000002
4226;Charlie;0.7;0.2999999999999999;0.9;1.0;0.09999999999999998;-0.5000000000000002
4227;Charlie;0.7;0.2999999999999999;0.9;1.0;0.09999999999999998;-0.5000000000000002
4228;Charlie;0.7;0.2999999999999999;0.9;1.0;0.09999999999999998;-0.5000000000000002
4229;Charlie;0.7;0.2999999999999999;0.9;1.0;0.09999999999999998;-0.5000000000000002
4230;Charlie;0.7;0.2999999999999999;0.9;1.0;0.09999999999999998;-0.5000000000000002
4231;Charlie;0.7;0.2999999999999999;0.9;1.0;0.09999999999999998;-0.5000000000000002
4232;Charlie;0.7;0.2999999999999999;0.9;1.0;0.09999999999999998;-0.5000000000000002
4233;Charlie;0.7;0.2999999999999999;0.9;1.0;0.09999999999999998;-0.5000000000000002
4234;Charlie;0.7;0.2999999999999999;0.9;1.0;0.09999999999999998;-0.5000000000000002
4235;Charlie;0.7;0.2999999999999999;0.9;1.0;0.09999999999999998;-0.5000000000000002
4236;Charlie;0.7;0.2999999999999999;0.9;1.0;0.09999999999999998;-0.5000000000000002
4237;Charlie;0.7;0.2999999999999999;0.9;1.0;0.09999999999999998;-0.5000000000000002
4238;Charlie;0.7;0.2999999999999999;0.9;1.0;0.09999999999999998;-0.5000000000000002
4239;Charlie;0.7;0.2999999999999999;0.9;1.0;0.09999999999999998;-0.5000000000000002
4240;Charlie;0.7;0.2999999999999999;0.9;1.0;0.09999999999999998;-0.5000000000000002
4241;Charlie;0.7;0.2999999999999999;0.9;1.0;0.09999999999999998;-0.5000000000000002
4242;Charlie;0.7;0.2999999999999999;0.9;1.0;0.09999999999999998;-0.5000000000000002
4243;Charlie;0.7;0.2999999999999999;0.9;1.0;0.09999999999999998;-0.5000000000000002
4244;Charlie;0.7;0.2999999999999999;0.9;1.0;0.09999999999999998;-0.5000000000000002
4245;Charlie;0.7;0.2999999999999999;0.9;1.0;0.09999999999999998;-0.5000000000000002
4246;Charlie;0.7;0.2999999999999999;0.9;1.0;0.09999999999999998;-0.5000000000000002
4247;Charlie;0.7;0.2999999999999999;0.9;1.0;0.09999999999999998;-0.5000000000000002
4248;Charlie;0.7;0.2999999999999999;0.9;1.0;0.09999999999999998;-0.5000000000000002
4249;Charlie;0.7;0.2999999999999999;0.9;1.0;0.09999999999999998;-0.5000000000000002
4250;Charlie;0.7;0.2999999999999999;0.9;1.0;0.09999999999999998;-0.5000000000000002
4251;Charlie;0.7;0.2999999999999999;0.9;1.0;0.09999999999999998;-0.5000000000000002
4252;Charlie;0.7;0.2999999999999999;0.9;1.0;0.09999999999999998;-0.5000000000000002
4253;Charlie;0.7;0.2999999999999999;0.9;1.0;0.09999999999999998;-0.5000000000000002
4254;Charlie;0.7;0.2999999999999999;0.9;1.0;0.09999999999999998;-0.5000000000000002
4255;Charlie;0.7;0.2999999999999999;0.9;1.0;0.09999999999999998;-0.5000000000000002
4256;Charlie;0.7;0.2999999999999999;0.9;1.0;0.09999999999999998;-0.5000000000000002
4257;Charlie;0.7;0.2999999999999999;0.9;1.0;0.09999999999999998;-0.5000000000000002
4258;Charlie;0.7;0.2999999999999999;0.9;1.0;0.09999999999999998;-0.5000000000000002
4259;Charlie;0.7;0.2999999999999999;0.9;1.0;0.09999999999999998;-0.5000000000000002
4260;Charlie;0.7;0.2999999999999999;0.9;1.0;0.09999999999999998;-0.5000000000000002
4261;Charlie;0.7;0.2999999999999999;0.9;1.0;0.09999999999999998;-0.5000000000000002
4262;Charlie;0.7;0.2999999999999999;0.9;1.0;0.09999999999999998;-0.5000000000000002
4263;Charlie;0.7;0.2999999999999999;0.9;1.0;0.09999999999999998;-0.5000000000000002
4264;Charlie;0.7;0.2999999999999999;0.9;1.0;0.09999999999999998;-0.5000000000000002
4265;Charlie;0.7;0.2999999999999999;0.9;1.0;0.09999999999999998;-0.5000000000000002
4266;Charlie;0.7;0.2999999999999999;0.9;1.0;0.09999999999999998;-0.5000000000000002
4267;Charlie;0.7;0.2999999999999999;0.9;1.0;0.09999999999999998;-0.5000000000000002
4268;Charlie;0.7;0.2999999999999999;0.9;1.0;0.09999999999999998;-0.5000000000000002
4269;Charlie;0.7;0.2999999999999999;0.9;1.0;0.09999999999999998;-0.5000000000000002
4270;Charlie;0.7;0.2999999999999999;0.9;1.0;0.09999999999999998;-0.5000000000000002
4271;Charlie;0.7;0.2999999999999999;0.9;1.0;0.09999999999999998;-0.5000000000000002
4272;Charlie;0.7;0.2999999999999999;0.9;1.0;0.09999999999999998;-0.5000000000000002
4273;Charlie;0.7;0.2999999999999999;0.9;1.0;0.09999999999999998;-0.5000000000000002
4274;Charlie;0.7;0.2999999999999999;0.9;1.0;0.09999999999999998;-0.5000000000000002
4275;Charlie;0.7;0.2999999999999999;0.9;1.0;0.09999999999999998;-0.5000000000000002
4276;Charlie;0.7;0.2999999999999999;0.9;1.0;0.09999999999999998;-0.5000000000000002
4277;Charlie;0.7;0.2999999999999999;0.9;1.0;0.09999999999999998;-0.5000000000000002
4278;Charlie;0.7;0.2999999999999999;0.9;1.0;0.09999999999999998;-0.5000000000000002
4279;Charlie;0.7;0.2999999999999999;0.9;1.0;0.09999999999999998;-0.5000000000000002
4280;Charlie;0.7;0.2999999999999999;0.9;1.0;0.09999999999999998;-0.5000000000000002
4281;Charlie;0.7;0.2999999999999999;0.9;1.0;0.09999999999999998;-0.5000000000000002
4282;Charlie;0.7;0.2999999999999999;0.9;1.0;0.09999999999999998;-0.5000000000000002
4283;Charlie;0.7;0.2999999999999999;0.9;1.0;0.09999999999999998;-0.5000000000000002
4284;Charlie;0.7;0.2999999999999999;0.9;1.0;0.09999999999999998;-0.5000000000000002
4285;Charlie;0.7;0.2999999999999999;0.9;1.0;0.09999999999999998;-0.5000000000000002
4286;Charlie;0.7;0.2999999999999999;0.9;1.0;0.09999999999999998;-0.5000000000000002
4287;Charlie;0.7;0.2999999999999999;0.9;1.0;0.09999999999999998;-0.5000000000000002
4288;Charlie;0.7;0.2999999999999999;0.9;1.0;0.09999999999999998;-0.5000000000000002
4289;Charlie;0.7;0.2999999999999999;0.9;1.0;0.09999999999999998;-0.5000000000000002
4290;Charlie;0.7;0.2999999999999999;0.9;1.0;0.09999999999999998;-0.5000000000000002
4291;Charlie;0.7;0.2999999999999999;0.9;1.0;0.09999999999999998;-0.5000000000000002
4292;Charlie;0.7;0.2999999999999999;0.9;1.0;0.09999999999999998;-0.5000000000000002
4293;Charlie;0.7;0.2999999999999999;0.9;1.0;0.09999999999999998;-0.5000000000000002
4294;Charlie;0.7;0.2999999999999999;0.9;1.0;0.09999999999999998;-0.5000000000000002
4295;Charlie;0.7;0.2999999999999999;0.9;1.0;0.09999999999999998;-0.5000000000000002
4296;Charlie;0.7;0.2999999999999999;0.9;1.0;0.09999999999999998;-0.5000000000000002
4297;Charlie;0.7;0.2999999999999999;0.9;1.0;0.09999999999999998;-0.5000000000000002
4298;Charlie;0.7;0.2999999999999999;0.9;1.0;0.09999999999999998;-0.5000000000000002
4299;Charlie;0.7;0.2999999999999999;0.9;1.0;0.09999999999999998;-0.5000000000000002
4300;Charlie;0.7;0.2999999999999999;0.9;1.0;0.09999999999999998;-0.5000000000000002
4301;Charlie;0.7;0.2999999999999999;0.9;1.0;0.09999999999999998;-0.5000000000000002
4302;Charlie;0.7;0.2999999999999999;0.9;1.0;0.09999999999999998;-0.5000000000000002
4303;Charlie;0.7;0.2999999999999999;0.9;1.0;0.09999999999999998;-0.5000000000000002
4304;Charlie;0.7;0.2999999999999999;0.9;1.0;0.09999999999999998;-0.5000000000000002
4305;Charlie;0.7;0.2999999999999999;0.9;1.0;0.09999999999999998;-0.5000000000000002
4306;Charlie;0.7;0.2999999999999999;0.9;1.0;0.09999999999999998;-0.5000000000000002
4307;Charlie;0.7;0.2999999999999999;0.9;1.0;0.09999999999999998;-0.5000000000000002
4308;Charlie;0.7;0.2999999999999999;0.9;1.0;0.09999999999999998;-0.5000000000000002
4309;Charlie;0.7;0.2999999999999999;0.9;1.0;0.09999999999999998;-0.5000000000000002
4310;Charlie;0.7;0.2999999999999999;0.9;1.0;0.09999999999999998;-0.5000000000000002
4311;Charlie;0.7;0.2999999999999999;0.9;1.0;0.09999999999999998;-0.5000000000000002
4312;Charlie;0.7;0.2999999999999999;0.9;1.0;0.09999999999999998;-0.5000000000000002
4313;Charlie;0.7;0.2999999999999999;0.9;1.0;0.09999999999999998;-0.5000000000000002
4314;Charlie;0.7;0.2999999999999999;0.9;1.0;0.09999999999999998;-0.5000000000000002
4315;Charlie;0.7;0.2999999999999999;0.9;1.0;0.09999999999999998;-0.5000000000000002
4316;Charlie;0.7;0.2999999999999999;0.9;1.0;0.09999999999999998;-0.5000000000000002
4317;Charlie;0.7;0.2999999999999999;0.9;1.0;0.09999999999999998;-0.5000000000000002
4318;Charlie;0.7;0.2999999999999999;0.9;1.0;0.09999999999999998;-0.5000000000000002
4319;Charlie;0.7;0.2999999999999999;0.9;1.0;0.09999999999999998;-0.5000000000000002
4320;Charlie;0.7;0.2999999999999999;0.9;1.0;0.09999999999999998;-0.5000000000000002
4321;Charlie;0.7;0.2999999999999999;0.9;1.0;0.09999999999999998;-0.5000000000000002
4322;Charlie;0.7;0.2999999999999999;0.9;1.0;0.09999999999999998;-0.5000000000000002
4323;Charlie;0.7;0.2999999999999999;0.9;1.0;0.09999999999999998;-0.5000000000000002
4324;Charlie;0.7;0.2999999999999999;0.9;1.0;0.09999999999999998;-0.5000000000000002
4325;Charlie;0.7;0.2999999999999999;0.9;1.0;0.09999999999999998;-0.5000000000000002
4326;Charlie;0.7;0.2999999999999999;0.9;1.0;0.09999999999999998;-0.5000000000000002
4327;Charlie;0.7;0.2999999999999999;0.9;1.0;0.09999999999999998;-0.5000000000000002
4328;Charlie;0.7;0.2999999999999999;0.9;1.0;0.09999999999999998;-0.5000000000000002
4329;Charlie;0.7;0.2999999999999999;0.9;1.0;0.09999999999999998;-0.5000000000000002
4330;Charlie;0.7;0.2999999999999999;0.9;1.0;0.09999999999999998;-0.5000000000000002
4331;Charlie;0.7;0.2999999999999999;0.9;1.0;0.09999999999999998;-0.5000000000000002
4332;Charlie;0.7;0.2999999999999999;0.9;1.0;0.09999999999999998;-0.5000000000000002
4333;Charlie;0.7;0.2999999999999999;0.9;1.0;0.09999999999999998;-0.5000000000000002
4334;Charlie;0.7;0.2999999999999999;0.9;1.0;0.09999999999999998;-0.5000000000000002
4335;Charlie;0.7;0.2999999999999999;0.9;1.0;0.09999999999999998;-0.5000000000000002
4336;Charlie;0.7;0.2999999999999999;0.9;1.0;0.09999999999999998;-0.5000000000000002
4337;Charlie;0.7;0.2999999999999999;0.9;1.0;0.09999999999999998;-0.5000000000000002
4338;Charlie;0.7;0.2999999999999999;0.9;1.0;0.09999999999999998;-0.5000000000000002
4339;Charlie;0.7;0.2999999999999999;0.9;1.0;0.09999999999999998;-0.5000000000000002
4340;Charlie;0.7;0.2999999999999999;0.9;1.0;0.09999999999999998;-0.5000000000000002
4341;Charlie;0.7;0.2999999999999999;0.9;1.0;0.09999999999999998;-0.5000000000000002
4342;Charlie;0.7;0.2999999999999999;0.9;1.0;0.09999999999999998;-0.5000000000000002
4343;Charlie;0.7;0.2999999999999999;0.9;1.0;0.09999999999999998;-0.5000000000000002
4344;Charlie;0.7;0.2999999999999999;0.9;1.0;0.09999999999999998;-0.5000000000000002
4345;Charlie;0.7;0.2999999999999999;0.9;1.0;0.09999999999999998;-0.5000000000000002
4346;Charlie;0.7;0.2999999999999999;0.9;1.0;0.09999999999999998;-0.5000000000000002
4347;Charlie;0.7;0.2999999999999999;0.9;1.0;0.09999999999999998;-0.5000000000000002
4348;Charlie;0.7;0.2999999999999999;0.9;1.0;0.09999999999999998;-0.5000000000000002
4349;Charlie;0.7;0.2999999999999999;0.9;1.0;0.09999999999999998;-0.5000000000000002
4350;Charlie;0.7;0.2999999999999999;0.9;1.0;0.09999999999999998;-0.5000000000000002
4351;Charlie;0.7;0.2999999999999999;0.9;1.0;0.09999999999999998;-0.5000000000000002
4352;Charlie;0.7;0.2999999999999999;0.9;1.0;0.09999999999999998;-0.5000000000000002
4353;Charlie;0.7;0.2999999999999999;0.9;1.0;0.09999999999999998;-0.5000000000000002
4354;Charlie;0.7;0.2999999999999999;0.9;1.0;0.09999999999999998;-0.5000000000000002
4355;Charlie;0.7;0.2999999999999999;0.9;1.0;0.09999999999999998;-0.5000000000000002
4356;Charlie;0.7;0.2999999999999999;0.9;1.0;0.09999999999999998;-0.5000000000000002
4357;Charlie;0.7;0.2999999999999999;0.9;1.0;0.09999999999999998;-0.5000000000000002
4358;Charlie;0.7;0.2999999999999999;0.9;1.0;0.09999999999999998;-0.5000000000000002
4359;Charlie;0.7;0.2999999999999999;0.9;1.0;0.09999999999999998;-0.5000000000000002
4360;Charlie;0.7;0.2999999999999999;0.9;1.0;0.09999999999999998;-0.5000000000000002
4361;Charlie;0.7;0.2999999999999999;0.9;1.0;0.09999999999999998;-0.5000000000000002
4362;Charlie;0.7;0.2999999999999999;0.9;1.0;0.09999999999999998;-0.5000000000000002
4363;Charlie;0.7;0.2999999999999999;0.9;1.0;0.09999999999999998;-0.5000000000000002
4364;Charlie;0.7;0.2999999999999999;0.9;1.0;0.09999999999999998;-0.5000000000000002
4365;Charlie;0.7;0.2999999999999999;0.9;1.0;0.09999999999999998;-0.5000000000000002
4366;Charlie;0.7;0.2999999999999999;0.9;1.0;0.09999999999999998;-0.5000000000000002
4367;Charlie;0.7;0.2999999999999999;0.9;1.0;0.09999999999999998;-0.5000000000000002
4368;Charlie;0.7;0.2999999999999999;0.9;1.0;0.09999999999999998;-0.5000000000000002
4369;Charlie;0.7;0.2999999999999999;0.9;1.0;0.09999999999999998;-0.5000000000000002
4370;Charlie;0.7;0.2999999999999999;0.9;1.0;0.09999999999999998;-0.5000000000000002
4371;Charlie;0.7;0.2999999999999999;0.9;1.0;0.09999999999999998;-0.5000000000000002
4372;Charlie;0.7;0.2999999999999999;0.9;1.0;0.09999999999999998;-0.5000000000000002
4373;Charlie;0.7;0.2999999999999999;0.9;1.0;0.09999999999999998;-0.5000000000000002
4374;Charlie;0.7;0.2999999999999999;0.9;1.0;0.09999999999999998;-0.5000000000000002
4375;Charlie;0.7;0.2999999999999999;0.9;1.0;0.09999999999999998;-0.5000000000000002
4376;Charlie;0.7;0.2999999999999999;0.9;1.0;0.09999999999999998;-0.5000000000000002
4377;Charlie;0.7;0.2999999999999999;0.9;1.0;0.09999999999999998;-0.5000000000000002
4378;Charlie;0.7;0.2999999999999999;0.9;1.0;0.09999999999999998;-0.5000000000000002
4379;Charlie;0.7;0.2999999999999999;0.9;1.0;0.09999999999999998;-0.5000000000000002
4380;Charlie;0.7;0.2999999999999999;0.9;1.0;0.09999999999999998;-0.5000000000000002
4381;Charlie;0.7;0.2999999999999999;0.9;1.0;0.09999999999999998;-0.5000000000000002
4382;Charlie;0.7;0.2999999999999999;0.9;1.0;0.09999999999999998;-0.5000000000000002
4383;Charlie;0.7;0.2999999999999999;0.9;1.0;0.09999999999999998;-0.5000000000000002
4384;Charlie;0.7;0.2999999999999999;0.9;1.0;0.09999999999999998;-0.5000000000000002
4385;Charlie;0.7;0.2999999999999999;0.9;1.0;0.09999999999999998;-0.5000000000000002
4386;Charlie;0.7;0.2999999999999999;0.9;1.0;0.09999999999999998;-0.5000000000000002
4387;Charlie;0.7;0.2999999999999999;0.9;1.0;0.09999999999999998;-0.5000000000000002
4388;Charlie;0.7;0.2999999999999999;0.9;1.0;0.09999999999999998;-0.5000000000000002
4389;Charlie;0.7;0.2999999999999999;0.9;1.0;0.09999999999999998;-0.5000000000000002
4390;Charlie;0.7;0.2999999999999999;0.9;1.0;0.09999999999999998;-0.5000000000000002
4391;Charlie;0.7;0.2999999999999999;0.9;1.0;0.09999999999999998;-0.5000000000000002
4392;Charlie;0.7;0.2999999999999999;0.9;1.0;0.09999999999999998;-0.5000000000000002
4393;Charlie;0.7;0.2999999999999999;0.9;1.0;0.09999999999999998;-0.5000000000000002
4394;Charlie;0.7;0.2999999999999999;0.9;1.0;0.09999999999999998;-0.5000000000000002
4395;Charlie;0.7;0.2999999999999999;0.9;1.0;0.09999999999999998;-0.5000000000000002
4396;Charlie;0.7;0.2999999999999999;0.9;1.0;0.09999999999999998;-0.5000000000000002
4397;Charlie;0.7;0.2999999999999999;0.9;1.0;0.09999999999999998;-0.5000000000000002
4398;Charlie;0.7;0.2999999999999999;0.9;1.0;0.09999999999999998;-0.5000000000000002
4399;Charlie;0.7;0.2999999999999999;0.9;1.0;0.09999999999999998;-0.5000000000000002
4400;Charlie;0.7;0.2999999999999999;0.9;1.0;0.09999999999999998;-0.5000000000000002
4401;Charlie;0.7;0.2999999999999999;0.9;1.0;0.09999999999999998;-0.5000000000000002
4402;Charlie;0.7;0.2999999999999999;0.9;1.0;0.09999999999999998;-0.5000000000000002
4403;Charlie;0.7;0.2999999999999999;0.9;1.0;0.09999999999999998;-0.5000000000000002
4404;Charlie;0.7;0.2999999999999999;0.9;1.0;0.09999999999999998;-0.5000000000000002
4405;Charlie;0.7;0.2999999999999999;0.9;1.0;0.09999999999999998;-0.5000000000000002
4406;Charlie;0.7;0.2999999999999999;0.9;1.0;0.09999999999999998;-0.5000000000000002
4407;Charlie;0.7;0.2999999999999999;0.9;1.0;0.09999999999999998;-0.5000000000000002
4408;Charlie;0.7;0.2999999999999999;0.9;1.0;0.09999999999999998;-0.5000000000000002
4409;Charlie;0.7;0.2999999999999999;0.9;1.0;0.09999999999999998;-0.5000000000000002
4410;Charlie;0.7;0.2999999999999999;0.9;1.0;0.09999999999999998;-0.5000000000000002
4411;Charlie;0.7;0.2999999999999999;0.9;1.0;0.09999999999999998;-0.5000000000000002
4412;Charlie;0.7;0.2999999999999999;0.9;1.0;0.09999999999999998;-0.5000000000000002
4413;Charlie;0.7;0.2999999999999999;0.9;1.0;0.09999999999999998;-0.5000000000000002
4414;Charlie;0.7;0.2999999999999999;0.9;1.0;0.09999999999999998;-0.5000000000000002
4415;Charlie;0.7;0.2999999999999999;0.9;1.0;0.09999999999999998;-0.5000000000000002
4416;Charlie;0.7;0.2999999999999999;0.9;1.0;0.09999999999999998;-0.5000000000000002
4417;Charlie;0.7;0.2999999999999999;0.9;1.0;0.09999999999999998;-0.5000000000000002
4418;Charlie;0.7;0.2999999999999999;0.9;1.0;0.09999999999999998;-0.5000000000000002
4419;Charlie;0.7;0.2999999999999999;0.9;1.0;0.09999999999999998;-0.5000000000000002
4420;Charlie;0.7;0.2999999999999999;0.9;1.0;0.09999999999999998;-0.5000000000000002
4421;Charlie;0.7;0.2999999999999999;0.9;1.0;0.09999999999999998;-0.5000000000000002
4422;Charlie;0.7;0.2999999999999999;0.9;1.0;0.09999999999999998;-0.5000000000000002
4423;Charlie;0.7;0.2999999999999999;0.9;1.0;0.09999999999999998;-0.5000000000000002
4424;Charlie;0.7;0.2999999999999999;0.9;1.0;0.09999999999999998;-0.5000000000000002
4425;Charlie;0.7;0.2999999999999999;0.9;1.0;0.09999999999999998;-0.5000000000000002
4426;Charlie;0.7;0.2999999999999999;0.9;1.0;0.09999999999999998;-0.5000000000000002
4427;Charlie;0.7;0.2999999999999999;0.9;1.0;0.09999999999999998;-0.5000000000000002
4428;Charlie;0.7;0.2999999999999999;0.9;1.0;0.09999999999999998;-0.5000000000000002
4429;Charlie;0.7;0.2999999999999999;0.9;1.0;0.09999999999999998;-0.5000000000000002
4430;Charlie;0.7;0.2999999999999999;0.9;1.0;0.09999999999999998;-0.5000000000000002
4431;Charlie;0.7;0.2999999999999999;0.9;1.0;0.09999999999999998;-0.5000000000000002
4432;Charlie;0.7;0.2999999999999999;0.9;1.0;0.09999999999999998;-0.5000000000000002
4433;Charlie;0.7;0.2999999999999999;0.9;1.0;0.09999999999999998;-0.5000000000000002
4434;Charlie;0.7;0.2999999999999999;0.9;1.0;0.09999999999999998;-0.5000000000000002
4435;Charlie;0.7;0.2999999999999999;0.9;1.0;0.09999999999999998;-0.5000000000000002
4436;Charlie;0.7;0.2999999999999999;0.9;1.0;0.09999999999999998;-0.5000000000000002
4437;Charlie;0.7;0.2999999999999999;0.9;1.0;0.09999999999999998;-0.5000000000000002
4438;Charlie;0.7;0.2999999999999999;0.9;1.0;0.09999999999999998;-0.5000000000000002
4439;Charlie;0.7;0.2999999999999999;0.9;1.0;0.09999999999999998;-0.5000000000000002
4440;Charlie;0.7;0.2999999999999999;0.9;1.0;0.09999999999999998;-0.5000000000000002
4441;Charlie;0.7;0.2999999999999999;0.9;1.0;0.09999999999999998;-0.5000000000000002
4442;Charlie;0.7;0.2999999999999999;0.9;1.0;0.09999999999999998;-0.5000000000000002
4443;Charlie;0.7;0.2999999999999999;0.9;1.0;0.09999999999999998;-0.5000000000000002
4444;Charlie;0.7;0.2999999999999999;0.9;1.0;0.09999999999999998;-0.5000000000000002
4445;Charlie;0.7;0.2999999999999999;0.9;1.0;0.09999999999999998;-0.5000000000000002
4454;Charlie;0.7;0.2999999999999999;1.0;1.0;0.09999999999999998;-0.5000000000000002
4463;Charlie;0.7;0.2999999999999999;1.0;1.0;0.09999999999999998;-0.5000000000000002
4472;Charlie;0.7;0.2999999999999999;1.0;1.0;0.09999999999999998;-0.5000000000000002
4481;Charlie;0.7;0.2999999999999999;1.0;1.0;0.09999999999999998;-0.5000000000000002
4490;Charlie;0.7;0.2999999999999999;1.0;1.0;0.09999999999999998;-0.5000000000000002
4504;Charlie;0.7;0.2999999999999999;1.0;1.0;0.09999999999999998;-0.5000000000000002
4518;Charlie;0.7;0.2999999999999999;1.0;1.0;0.09999999999999998;-0.5000000000000002
4532;Charlie;0.7;0.2999999999999999;1.0;1.0;0.09999999999999998;-0.5000000000000002
4541;Charlie;0.7;0.2999999999999999;1.0;1.0;0.09999999999999998;-0.5000000000000002
4555;Charlie;0.7;0.2999999999999999;1.0;1.0;0.09999999999999998;-0.5000000000000002
4564;Charlie;0.7;0.2999999999999999;1.0;1.0;0.09999999999999998;-0.5000000000000002
4573;Charlie;0.7;0.2999999999999999;1.0;1.0;0.09999999999999998;-0.5000000000000002
4582;Charlie;0.7;0.2999999999999999;1.0;1.0;0.09999999999999998;-0.5000000000000002
4591;Charlie;0.7;0.2999999999999999;1.0;1.0;0.09999999999999998;-0.5000000000000002
4792;Charlie;0.7;0.2999999999999999;1.0;1.0;0.09999999999999998;-0.5000000000000002
4801;Charlie;0.8999999999999999;0.2999999999999999;1.0;1.0;0.09999999999999998;-0.5000000000000002
4810;Charlie;0.8999999999999999;0.2999999999999999;1.0;1.0;0.09999999999999998;-0.5000000000000002
4819;Charlie;0.8999999999999999;0.2999999999999999;1.0;1.0;0.09999999999999998;-0.5000000000000002
4828;Charlie;0.8999999999999999;0.2999999999999999;1.0;1.0;0.09999999999999998;-0.5000000000000002
4854;Charlie;0.8999999999999999;0.2999999999999999;1.0;1.0;0.09999999999999998;-0.5000000000000002
4880;Charlie;0.8999999999999999;0.2999999999999999;1.0;1.0;0.09999999999999998;-0.5000000000000002
4906;Charlie;0.8999999999999999;0.2999999999999999;1.0;1.0;0.09999999999999998;-0.5000000000000002
4932;Charlie;0.8999999999999999;0.2999999999999999;1.0;1.0;0.09999999999999998;-0.5000000000000002
4958;Charlie;0.8999999999999999;0.2999999999999999;1.0;1.0;0.09999999999999998;-0.5000000000000002
4984;Charlie;0.8999999999999999;0.2999999999999999;1.0;1.0;0.09999999999999998;-0.5000000000000002
5010;Charlie;0.8999999999999999;0.2999999999999999;1.0;1.0;0.09999999999999998;-0.5000000000000002
5036;Charlie;0.8999999999999999;0.2999999999999999;1.0;1.0;0.09999999999999998;-0.5000000000000002
5062;Charlie;0.8999999999999999;0.2999999999999999;1.0;1.0;0.09999999999999998;-0.5000000000000002
5088;Charlie;0.8999999999999999;0.2999999999999999;1.0;1.0;0.09999999999999998;-0.5000000000000002
5114;Charlie;0.8999999999999999;0.2999999999999999;1.0;1.0;0.09999999999999998;-0.5000000000000002
5140;Charlie;0.8999999999999999;0.2999999999999999;1.0;1.0;0.09999999999999998;-0.5000000000000002
5166;Charlie;0.8999999999999999;0.2999999999999999;1.0;1.0;0.09999999999999998;-0.5000000000000002
5192;Charlie;0.8999999999999999;0.2999999999999999;1.0;1.0;0.09999999999999998;-0.5000000000000002
5218;Charlie;0.8999999999999999;0.2999999999999999;1.0;1.0;0.09999999999999998;-0.5000000000000002
5244;Charlie;0.8999999999999999;0.2999999999999999;1.0;1.0;0.09999999999999998;-0.5000000000000002
5270;Charlie;0.8999999999999999;0.2999999999999999;1.0;1.0;0.09999999999999998;-0.5000000000000002
5296;Charlie;0.8999999999999999;0.2999999999999999;1.0;1.0;0.09999999999999998;-0.5000000000000002
5322;Charlie;0.8999999999999999;0.2999999999999999;1.0;1.0;0.09999999999999998;-0.5000000000000002
5348;Charlie;0.8999999999999999;0.2999999999999999;1.0;1.0;0.09999999999999998;-0.5000000000000002
5374;Charlie;0.8999999999999999;0.2999999999999999;1.0;1.0;0.09999999999999998;-0.5000000000000002
5400;Charlie;0.8999999999999999;0.2999999999999999;1.0;1.0;0.09999999999999998;-0.5000000000000002
5426;Charlie;0.8999999999999999;0.2999999999999999;1.0;1.0;0.09999999999999998;-0.5000000000000002
5452;Charlie;0.8999999999999999;0.2999999999999999;1.0;1.0;0.09999999999999998;-0.5000000000000002
5461;Charlie;0.8999999999999999;0.5999999999999999;1.0;1.0;0.09999999999999998;-0.5000000000000002
5470;Charlie;0.8999999999999999;0.5999999999999999;1.0;1.0;0.09999999999999998;-0.5000000000000002
5479;Charlie;0.8999999999999999;0.5999999999999999;1.0;1.0;0.09999999999999998;-0.5000000000000002
5580;Charlie;0.8999999999999999;0.5999999999999999;1.0;1.0;0.09999999999999998;-0.5000000000000002
5589;Charlie;0.8999999999999999;0.5999999999999999;1.0;1.0;0.09999999999999998;-0.5000000000000002
5598;Charlie;0.8999999999999999;0.5999999999999999;1.0;1.0;0.09999999999999998;-0.5000000000000002
5607;Charlie;0.8999999999999999;0.5999999999999999;1.0;1.0;0.09999999999999998;-0.5000000000000002
5616;Charlie;0.8999999999999999;0.5999999999999999;1.0;1.0;0.09999999999999998;-0.5000000000000002
5625;Charlie;0.8999999999999999;0.5999999999999999;1.0;1.0;0.19999999999999998;-0.5000000000000002
5626;Charlie;0.8999999999999999;0.5999999999999999;1.0;1.0;0.19999999999999998;-0.5000000000000002
5627;Charlie;0.8999999999999999;0.5999999999999999;1.0;1.0;0.19999999999999998;-0.5000000000000002
5628;Charlie;0.8999999999999999;0.5999999999999999;1.0;1.0;0.19999999999999998;-0.5000000000000002
5629;Charlie;0.8999999999999999;0.5999999999999999;1.0;1.0;0.19999999999999998;-0.5000000000000002
5630;Charlie;0.8999999999999999;0.5999999999999999;1.0;1.0;0.19999999999999998;-0.5000000000000002
5631;Charlie;0.8999999999999999;0.5999999999999999;1.0;1.0;0.19999999999999998;-0.5000000000000002
5632;Charlie;0.8999999999999999;0.5999999999999999;1.0;1.0;0.19999999999999998;-0.5000000000000002
5633;Charlie;0.8999999999999999;0.5999999999999999;1.0;1.0;0.19999999999999998;-0.5000000000000002
5634;Charlie;0.8999999999999999;0.5999999999999999;1.0;1.0;0.19999999999999998;-0.5000000000000002
5635;Charlie;0.8999999999999999;0.5999999999999999;1.0;1.0;0.19999999999999998;-0.5000000000000002
5636;Charlie;0.8999999999999999;0.5999999999999999;1.0;1.0;0.19999999999999998;-0.5000000000000002
5637;Charlie;0.8999999999999999;0.5999999999999999;1.0;1.0;0.19999999999999998;-0.5000000000000002
5638;Charlie;0.8999999999999999;0.5999999999999999;1.0;1.0;0.19999999999999998;-0.5000000000000002
5639;Charlie;0.8999999999999999;0.5999999999999999;1.0;1.0;0.19999999999999998;-0.5000000000000002
5640;Charlie;0.8999999999999999;0.5999999999999999;1.0;1.0;0.19999999999999998;-0.5000000000000002
5641;Charlie;0.8999999999999999;0.5999999999999999;1.0;1.0;0.19999999999999998;-0.5000000000000002
5642;Charlie;0.8999999999999999;0.5999999999999999;1.0;1.0;0.19999999999999998;-0.5000000000000002
5643;Charlie;0.8999999999999999;0.5999999999999999;1.0;1.0;0.19999999999999998;-0.5000000000000002
5644;Charlie;0.8999999999999999;0.5999999999999999;1.0;1.0;0.19999999999999998;-0.5000000000000002
5645;Charlie;0.8999999999999999;0.5999999999999999;1.0;1.0;0.19999999999999998;-0.5000000000000002
5646;Charlie;0.8999999999999999;0.5999999999999999;1.0;1.0;0.19999999999999998;-0.5000000000000002
5647;Charlie;0.8999999999999999;0.5999999999999999;1.0;1.0;0.19999999999999998;-0.5000000000000002
5648;Charlie;0.8999999999999999;0.5999999999999999;1.0;1.0;0.19999999999999998;-0.5000000000000002
5649;Charlie;0.8999999999999999;0.5999999999999999;1.0;1.0;0.19999999999999998;-0.5000000000000002
5650;Charlie;0.8999999999999999;0.5999999999999999;1.0;1.0;0.19999999999999998;-0.5000000000000002
5651;Charlie;0.8999999999999999;0.5999999999999999;1.0;1.0;0.19999999999999998;-0.5000000000000002
5652;Charlie;0.8999999999999999;0.5999999999999999;1.0;1.0;0.19999999999999998;-0.5000000000000002
5653;Charlie;0.8999999999999999;0.5999999999999999;1.0;1.0;0.19999999999999998;-0.5000000000000002
5654;Charlie;0.8999999999999999;0.5999999999999999;1.0;1.0;0.19999999999999998;-0.5000000000000002
5655;Charlie;0.8999999999999999;0.5999999999999999;1.0;1.0;0.19999999999999998;-0.5000000000000002
5656;Charlie;0.8999999999999999;0.5999999999999999;1.0;1.0;0.19999999999999998;-0.5000000000000002
5657;Charlie;0.8999999999999999;0.5999999999999999;1.0;1.0;0.19999999999999998;-0.5000000000000002
5658;Charlie;0.8999999999999999;0.5999999999999999;1.0;1.0;0.19999999999999998;-0.5000000000000002
5659;Charlie;0.8999999999999999;0.5999999999999999;1.0;1.0;0.19999999999999998;-0.5000000000000002
5660;Charlie;0.8999999999999999;0.5999999999999999;1.0;1.0;0.19999999999999998;-0.5000000000000002
5661;Charlie;0.8999999999999999;0.5999999999999999;1.0;1.0;0.19999999999999998;-0.5000000000000002
5662;Charlie;0.8999999999999999;0.5999999999999999;1.0;1.0;0.19999999999999998;-0.5000000000000002
5663;Charlie;0.8999999999999999;0.5999999999999999;1.0;1.0;0.19999999999999998;-0.5000000000000002
5664;Charlie;0.8999999999999999;0.5999999999999999;1.0;1.0;0.19999999999999998;-0.5000000000000002
5665;Charlie;0.8999999999999999;0.5999999999999999;1.0;1.0;0.19999999999999998;-0.5000000000000002
5666;Charlie;0.8999999999999999;0.5999999999999999;1.0;1.0;0.19999999999999998;-0.5000000000000002
5667;Charlie;0.8999999999999999;0.5999999999999999;1.0;1.0;0.19999999999999998;-0.5000000000000002
5668;Charlie;0.8999999999999999;0.5999999999999999;1.0;1.0;0.19999999999999998;-0.5000000000000002
5669;Charlie;0.8999999999999999;0.5999999999999999;1.0;1.0;0.19999999999999998;-0.5000000000000002
5695;Charlie;0.8999999999999999;0.5999999999999999;1.0;1.0;0.19999999999999998;-0.9000000000000002
5721;Charlie;0.8999999999999999;0.5999999999999999;1.0;1.0;0.19999999999999998;-0.9000000000000002
5730;Charlie;0.8999999999999999;0.5999999999999999;1.0;1.0;0.19999999999999998;-0.9000000000000002
5739;Charlie;0.8999999999999999;0.5999999999999999;1.0;1.0;0.19999999999999998;-0.9000000000000002
5748;Charlie;0.8999999999999999;0.5999999999999999;1.0;1.0;0.19999999999999998;-0.9000000000000002
5762;Charlie;0.8999999999999999;0.5999999999999999;1.0;1.0;0.19999999999999998;-0.9000000000000002
5776;Charlie;0.8999999999999999;0.5999999999999999;1.0;1.0;0.19999999999999998;-0.9000000000000002
5790;Charlie;0.8999999999999999;0.5999999999999999;1.0;1.0;0.19999999999999998;-0.9000000000000002
5804;Charlie;0.8999999999999999;0.5999999999999999;1.0;1.0;0.19999999999999998;-0.9000000000000002
5818;Charlie;0.8999999999999999;0.5999999999999999;1.0;1.0;0.19999999999999998;-0.9000000000000002
5832;Charlie;0.8999999999999999;0.5999999999999999;1.0;1.0;0.19999999999999998;-0.9000000000000002
5846;Charlie;0.8999999999999999;0.5999999999999999;1.0;1.0;0.19999999999999998;-0.9000000000000002
5855;Charlie;0.8999999999999999;0.5999999999999999;1.0;1.0;0.19999999999999998;-0.9000000000000002
5864;Charlie;0.8999999999999999;0.5999999999999999;1.0;1.0;0.19999999999999998;-0.9000000000000002
5873;Charlie;0.8999999999999999;0.5999999999999999;1.0;1.0;0.19999999999999998;-0.9000000000000002
5882;Charlie;0.8999999999999999;0.5999999999999999;1.0;1.0;0.19999999999999998;-0.9000000000000002
5891;Charlie;0.8999999999999999;0.5999999999999999;1.0;1.0;0.19999999999999998;-0.9000000000000002
5900;Charlie;0.8999999999999999;0.5999999999999999;1.0;1.0;0.19999999999999998;-0.9000000000000002
5909;Charlie;0.8999999999999999;0.5999999999999999;1.0;1.0;0.19999999999999998;-0.9000000000000002
6110;Charlie;0.8999999999999999;0.5999999999999999;1.0;1.0;0.19999999999999998;-0.9000000000000002
6119;Charlie;0.8999999999999999;0.19999999999999984;1.0;1.0;0.19999999999999998;-0.9000000000000002
6128;Charlie;0.8999999999999999;0.19999999999999984;1.0;1.0;0.19999999999999998;-0.9000000000000002
6137;Charlie;0.8999999999999999;0.19999999999999984;1.0;1.0;0.19999999999999998;-0.9000000000000002
6163;Charlie;0.8999999999999999;0.19999999999999984;1.0;1.0;0.19999999999999998;-0.9000000000000002
6172;Charlie;0.8999999999999999;0.19999999999999984;1.0;1.0;0.19999999999999998;-0.9000000000000002
6173;Charlie;0.8999999999999999;0.19999999999999984;1.0;1.0;0.19999999999999998;-0.9000000000000002
6174;Charlie;0.8999999999999999;0.19999999999999984;1.0;1.0;0.19999999999999998;-0.9000000000000002
6175;Charlie;0.8999999999999999;0.19999999999999984;1.0;1.0;0.19999999999999998;-0.9000000000000002
6176;Charlie;0.8999999999999999;0.19999999999999984;1.0;1.0;0.19999999999999998;-0.9000000000000002
6177;Charlie;0.8999999999999999;0.19999999999999984;1.0;1.0;0.19999999999999998;-0.9000000000000002
6178;Charlie;0.8999999999999999;0.19999999999999984;1.0;1.0;0.19999999999999998;-0.9000000000000002
6179;Charlie;0.8999999999999999;0.19999999999999984;1.0;1.0;0.19999999999999998;-0.9000000000000002
6180;Charlie;0.8999999999999999;0.19999999999999984;1.0;1.0;0.19999999999999998;-0.9000000000000002
6181;Charlie;0.8999999999999999;0.19999999999999984;1.0;1.0;0.19999999999999998;-0.9000000000000002
6182;Charlie;0.8999999999999999;0.19999999999999984;1.0;1.0;0.19999999999999998;-0.9000000000000002
6183;Charlie;0.8999999999999999;0.19999999999999984;1.0;1.0;0.19999999999999998;-0.9000000000000002
6184;Charlie;0.8999999999999999;0.19999999999999984;1.0;1.0;0.19999999999999998;-0.9000000000000002
6185;Charlie;0.8999999999999999;0.19999999999999984;1.0;1.0;0.19999999999999998;-0.9000000000000002
6186;Charlie;0.8999999999999999;0.19999999999999984;1.0;1.0;0.19999999999999998;-0.9000000000000002
6187;Charlie;0.8999999999999999;0.19999999999999984;1.0;1.0;0.19999999999999998;-0.9000000000000002
6188;Charlie;0.8999999999999999;0.19999999999999984;1.0;1.0;0.19999999999999998;-0.9000000000000002
6189;Charlie;0.8999999999999999;0.19999999999999984;1.0;1.0;0.19999999999999998;-0.9000000000000002
6190;Charlie;0.8999999999999999;0.19999999999999984;1.0;1.0;0.19999999999999998;-0.9000000000000002
6191;Charlie;0.8999999999999999;0.19999999999999984;1.0;1.0;0.19999999999999998;-0.9000000000000002
6192;Charlie;0.8999999999999999;0.19999999999999984;1.0;1.0;0.19999999999999998;-0.9000000000000002
6193;Charlie;0.8999999999999999;0.19999999999999984;1.0;1.0;0.19999999999999998;-0.9000000000000002
6194;Charlie;0.8999999999999999;0.19999999999999984;1.0;1.0;0.19999999999999998;-0.9000000000000002
6195;Charlie;0.8999999999999999;0.19999999999999984;1.0;1.0;0.19999999999999998;-0.9000000000000002
6196;Charlie;0.8999999999999999;0.19999999999999984;1.0;1.0;0.19999999999999998;-0.9000000000000002
6197;Charlie;0.8999999999999999;0.19999999999999984;1.0;1.0;0.19999999999999998;-0.9000000000000002
6198;Charlie;0.8999999999999999;0.19999999999999984;1.0;1.0;0.19999999999999998;-0.9000000000000002
6199;Charlie;0.8999999999999999;0.19999999999999984;1.0;1.0;0.19999999999999998;-0.9000000000000002
6200;Charlie;0.8999999999999999;0.19999999999999984;1.0;1.0;0.19999999999999998;-0.9000000000000002
6201;Charlie;0.8999999999999999;0.19999999999999984;1.0;1.0;0.19999999999999998;-0.9000000000000002
6202;Charlie;0.8999999999999999;0.19999999999999984;1.0;1.0;0.19999999999999998;-0.9000000000000002
6203;Charlie;0.8999999999999999;0.19999999999999984;1.0;1.0;0.19999999999999998;-0.9000000000000002
6204;Charlie;0.8999999999999999;0.19999999999999984;1.0;1.0;0.19999999999999998;-0.9000000000000002
6205;Charlie;0.8999999999999999;0.19999999999999984;1.0;1.0;0.19999999999999998;-0.9000000000000002
6206;Charlie;0.8999999999999999;0.19999999999999984;1.0;1.0;0.19999999999999998;-0.9000000000000002
6207;Charlie;0.8999999999999999;0.19999999999999984;1.0;1.0;0.19999999999999998;-0.9000000000000002
6208;Charlie;0.8999999999999999;0.19999999999999984;1.0;1.0;0.19999999999999998;-0.9000000000000002
6209;Charlie;0.8999999999999999;0.19999999999999984;1.0;1.0;0.19999999999999998;-0.9000000000000002
6210;Charlie;0.8999999999999999;0.19999999999999984;1.0;1.0;0.19999999999999998;-0.9000000000000002
6211;Charlie;0.8999999999999999;0.19999999999999984;1.0;1.0;0.19999999999999998;-0.9000000000000002
6212;Charlie;0.8999999999999999;0.19999999999999984;1.0;1.0;0.19999999999999998;-0.9000000000000002
6213;Charlie;0.8999999999999999;0.19999999999999984;1.0;1.0;0.19999999999999998;-0.9000000000000002
6214;Charlie;0.8999999999999999;0.19999999999999984;1.0;1.0;0.19999999999999998;-0.9000000000000002
6215;Charlie;0.8999999999999999;0.19999999999999984;1.0;1.0;0.19999999999999998;-0.9000000000000002
6216;Charlie;0.8999999999999999;0.19999999999999984;1.0;1.0;0.19999999999999998;-0.9000000000000002
6217;Charlie;0.8999999999999999;0.19999999999999984;1.0;1.0;0.19999999999999998;-0.9000000000000002
6218;Charlie;0.8999999999999999;0.19999999999999984;1.0;1.0;0.19999999999999998;-0.9000000000000002
6219;Charlie;0.8999999999999999;0.19999999999999984;1.0;1.0;0.19999999999999998;-0.9000000000000002
6220;Charlie;0.8999999999999999;0.19999999999999984;1.0;1.0;0.19999999999999998;-0.9000000000000002
6221;Charlie;0.8999999999999999;0.19999999999999984;1.0;1.0;0.19999999999999998;-0.9000000000000002
6222;Charlie;0.8999999999999999;0.19999999999999984;1.0;1.0;0.19999999999999998;-0.9000000000000002
6223;Charlie;0.8999999999999999;0.19999999999999984;1.0;1.0;0.19999999999999998;-0.9000000000000002
6224;Charlie;0.8999999999999999;0.19999999999999984;1.0;1.0;0.19999999999999998;-0.9000000000000002
6225;Charlie;0.8999999999999999;0.19999999999999984;1.0;1.0;0.19999999999999998;-0.9000000000000002
6226;Charlie;0.8999999999999999;0.19999999999999984;1.0;1.0;0.19999999999999998;-0.9000000000000002
6227;Charlie;0.8999999999999999;0.19999999999999984;1.0;1.0;0.19999999999999998;-0.9000000000000002
6228;Charlie;0.8999999999999999;0.19999999999999984;1.0;1.0;0.19999999999999998;-0.9000000000000002
6229;Charlie;0.8999999999999999;0.19999999999999984;1.0;1.0;0.19999999999999998;-0.9000000000000002
6230;Charlie;0.8999999999999999;0.19999999999999984;1.0;1.0;0.19999999999999998;-0.9000000000000002
6231;Charlie;0.8999999999999999;0.19999999999999984;1.0;1.0;0.19999999999999998;-0.9000000000000002
6232;Charlie;0.8999999999999999;0.19999999999999984;1.0;1.0;0.19999999999999998;-0.9000000000000002
6233;Charlie;0.8999999999999999;0.19999999999999984;1.0;1.0;0.19999999999999998;-0.9000000000000002
6234;Charlie;0.8999999999999999;0.19999999999999984;1.0;1.0;0.19999999999999998;-0.9000000000000002
6235;Charlie;0.8999999999999999;0.19999999999999984;1.0;1.0;0.19999999999999998;-0.9000000000000002
6236;Charlie;0.8999999999999999;0.19999999999999984;1.0;1.0;0.19999999999999998;-0.9000000000000002
6237;Charlie;0.8999999999999999;0.19999999999999984;1.0;1.0;0.19999999999999998;-0.9000000000000002
6238;Charlie;0.8999999999999999;0.19999999999999984;1.0;1.0;0.19999999999999998;-0.9000000000000002
6239;Charlie;0.8999999999999999;0.19999999999999984;1.0;1.0;0.19999999999999998;-0.9000000000000002
6240;Charlie;0.8999999999999999;0.19999999999999984;1.0;1.0;0.19999999999999998;-0.9000000000000002
6241;Charlie;0.8999999999999999;0.19999999999999984;1.0;1.0;0.19999999999999998;-0.9000000000000002
6242;Charlie;0.8999999999999999;0.19999999999999984;1.0;1.0;0.19999999999999998;-0.9000000000000002
6243;Charlie;0.8999999999999999;0.19999999999999984;1.0;1.0;0.19999999999999998;-0.9000000000000002
6244;Charlie;0.8999999999999999;0.19999999999999984;1.0;1.0;0.19999999999999998;-0.9000000000000002
6245;Charlie;0.8999999999999999;0.19999999999999984;1.0;1.0;0.19999999999999998;-0.9000000000000002
6246;Charlie;0.8999999999999999;0.19999999999999984;1.0;1.0;0.19999999999999998;-0.9000000000000002
6247;Charlie;0.8999999999999999;0.19999999999999984;1.0;1.0;0.19999999999999998;-0.9000000000000002
6248;Charlie;0.8999999999999999;0.19999999999999984;1.0;1.0;0.19999999999999998;-0.9000000000000002
6249;Charlie;0.8999999999999999;0.19999999999999984;1.0;1.0;0.19999999999999998;-0.9000000000000002
6250;Charlie;0.8999999999999999;0.19999999999999984;1.0;1.0;0.19999999999999998;-0.9000000000000002
6251;Charlie;0.8999999999999999;0.19999999999999984;1.0;1.0;0.19999999999999998;-0.9000000000000002
6252;Charlie;0.8999999999999999;0.19999999999999984;1.0;1.0;0.19999999999999998;-0.9000000000000002
6253;Charlie;0.8999999999999999;0.19999999999999984;1.0;1.0;0.19999999999999998;-0.9000000000000002
6254;Charlie;0.8999999999999999;0.19999999999999984;1.0;1.0;0.19999999999999998;-0.9000000000000002
6255;Charlie;0.8999999999999999;0.19999999999999984;1.0;1.0;0.19999999999999998;-0.9000000000000002
6256;Charlie;0.8999999999999999;0.19999999999999984;1.0;1.0;0.19999999999999998;-0.9000000000000002
6257;Charlie;0.8999999999999999;0.19999999999999984;1.0;1.0;0.19999999999999998;-0.9000000000000002
6258;Charlie;0.8999999999999999;0.19999999999999984;1.0;1.0;0.19999999999999998;-0.9000000000000002
6259;Charlie;0.8999999999999999;0.19999999999999984;1.0;1.0;0.19999999999999998;-0.9000000000000002
6260;Charlie;0.8999999999999999;0.19999999999999984;1.0;1.0;0.19999999999999998;-0.9000000000000002
6261;Charlie;0.8999999999999999;0.19999999999999984;1.0;1.0;0.19999999999999998;-0.9000000000000002
6262;Charlie;0.8999999999999999;0.19999999999999984;1.0;1.0;0.19999999999999998;-0.9000000000000002
6263;Charlie;0.8999999999999999;0.19999999999999984;1.0;1.0;0.19999999999999998;-0.9000000000000002
6264;Charlie;0.8999999999999999;0.19999999999999984;1.0;1.0;0.19999999999999998;-0.9000000000000002
6265;Charlie;0.8999999999999999;0.19999999999999984;1.0;1.0;0.19999999999999998;-0.9000000000000002
6266;Charlie;0.8999999999999999;0.19999999999999984;1.0;1.0;0.19999999999999998;-0.9000000000000002
6267;Charlie;0.8999999999999999;0.19999999999999984;1.0;1.0;0.19999999999999998;-0.9000000000000002
6268;Charlie;0.8999999999999999;0.19999999999999984;1.0;1.0;0.19999999999999998;-0.9000000000000002
6269;Charlie;0.8999999999999999;0.19999999999999984;1.0;1.0;0.19999999999999998;-0.9000000000000002
6270;Charlie;0.8999999999999999;0.19999999999999984;1.0;1.0;0.19999999999999998;-0.9000000000000002
6271;Charlie;0.8999999999999999;0.19999999999999984;1.0;1.0;0.19999999999999998;-0.9000000000000002
6272;Charlie;0.8999999999999999;0.19999999999999984;1.0;1.0;0.19999999999999998;-0.9000000000000002
6273;Charlie;0.8999999999999999;0.19999999999999984;1.0;1.0;0.19999999999999998;-0.9000000000000002
6274;Charlie;0.8999999999999999;0.19999999999999984;1.0;1.0;0.19999999999999998;-0.9000000000000002
6275;Charlie;0.8999999999999999;0.19999999999999984;1.0;1.0;0.19999999999999998;-0.9000000000000002
6276;Charlie;0.8999999999999999;0.19999999999999984;1.0;1.0;0.19999999999999998;-0.9000000000000002
6277;Charlie;0.8999999999999999;0.19999999999999984;1.0;1.0;0.19999999999999998;-0.9000000000000002
6278;Charlie;0.8999999999999999;0.19999999999999984;1.0;1.0;0.19999999999999998;-0.9000000000000002
6279;Charlie;0.8999999999999999;0.19999999999999984;1.0;1.0;0.19999999999999998;-0.9000000000000002
6280;Charlie;0.8999999999999999;0.19999999999999984;1.0;1.0;0.19999999999999998;-0.9000000000000002
6281;Charlie;0.8999999999999999;0.19999999999999984;1.0;1.0;0.19999999999999998;-0.9000000000000002
6282;Charlie;0.8999999999999999;0.19999999999999984;1.0;1.0;0.19999999999999998;-0.9000000000000002
6283;Charlie;0.8999999999999999;0.19999999999999984;1.0;1.0;0.19999999999999998;-0.9000000000000002
6284;Charlie;0.8999999999999999;0.19999999999999984;1.0;1.0;0.19999999999999998;-0.9000000000000002
6285;Charlie;0.8999999999999999;0.19999999999999984;1.0;1.0;0.19999999999999998;-0.9000000000000002
6286;Charlie;0.8999999999999999;0.19999999999999984;1.0;1.0;0.19999999999999998;-0.9000000000000002
6287;Charlie;0.8999999999999999;0.19999999999999984;1.0;1.0;0.19999999999999998;-0.9000000000000002
6288;Charlie;0.8999999999999999;0.19999999999999984;1.0;1.0;0.19999999999999998;-0.9000000000000002
6289;Charlie;0.8999999999999999;0.19999999999999984;1.0;1.0;0.19999999999999998;-0.9000000000000002
6290;Charlie;0.8999999999999999;0.19999999999999984;1.0;1.0;0.19999999999999998;-0.9000000000000002
6291;Charlie;0.8999999999999999;0.19999999999999984;1.0;1.0;0.19999999999999998;-0.9000000000000002
6292;Charlie;0.8999999999999999;0.19999999999999984;1.0;1.0;0.19999999999999998;-0.9000000000000002
6293;Charlie;0.8999999999999999;0.19999999999999984;1.0;1.0;0.19999999999999998;-0.9000000000000002
6294;Charlie;0.8999999999999999;0.19999999999999984;1.0;1.0;0.19999999999999998;-0.9000000000000002
6295;Charlie;0.8999999999999999;0.19999999999999984;1.0;1.0;0.19999999999999998;-0.9000000000000002
6296;Charlie;0.8999999999999999;0.19999999999999984;1.0;1.0;0.19999999999999998;-0.9000000000000002
6297;Charlie;0.8999999999999999;0.19999999999999984;1.0;1.0;0.19999999999999998;-0.9000000000000002
6298;Charlie;0.8999999999999999;0.19999999999999984;1.0;1.0;0.19999999999999998;-0.9000000000000002
6299;Charlie;0.8999999999999999;0.19999999999999984;1.0;1.0;0.19999999999999998;-0.9000000000000002
6300;Charlie;0.8999999999999999;0.19999999999999984;1.0;1.0;0.19999999999999998;-0.9000000000000002
6301;Charlie;0.8999999999999999;0.19999999999999984;1.0;1.0;0.19999999999999998;-0.9000000000000002
6302;Charlie;0.8999999999999999;0.19999999999999984;1.0;1.0;0.19999999999999998;-0.9000000000000002
6303;Charlie;0.8999999999999999;0.19999999999999984;1.0;1.0;0.19999999999999998;-0.9000000000000002
6304;Charlie;0.8999999999999999;0.19999999999999984;1.0;1.0;0.19999999999999998;-0.9000000000000002
6305;Charlie;0.8999999999999999;0.19999999999999984;1.0;1.0;0.19999999999999998;-0.9000000000000002
6306;Charlie;0.8999999999999999;0.19999999999999984;1.0;1.0;0.19999999999999998;-0.9000000000000002
6307;Charlie;0.8999999999999999;0.19999999999999984;1.0;1.0;0.19999999999999998;-0.9000000000000002
6308;Charlie;0.8999999999999999;0.19999999999999984;1.0;1.0;0.19999999999999998;-0.9000000000000002
6309;Charlie;0.8999999999999999;0.19999999999999984;1.0;1.0;0.19999999999999998;-0.9000000000000002
6310;Charlie;0.8999999999999999;0.19999999999999984;1.0;1.0;0.19999999999999998;-0.9000000000000002
6311;Charlie;0.8999999999999999;0.19999999999999984;1.0;1.0;0.19999999999999998;-0.9000000000000002
6312;Charlie;0.8999999999999999;0.19999999999999984;1.0;1.0;0.19999999999999998;-0.9000000000000002
6313;Charlie;0.8999999999999999;0.19999999999999984;1.0;1.0;0.19999999999999998;-0.9000000000000002
6314;Charlie;0.8999999999999999;0.19999999999999984;1.0;1.0;0.19999999999999998;-0.9000000000000002
6315;Charlie;0.8999999999999999;0.19999999999999984;1.0;1.0;0.19999999999999998;-0.9000000000000002
6316;Charlie;0.8999999999999999;0.19999999999999984;1.0;1.0;0.19999999999999998;-0.9000000000000002
6317;Charlie;0.8999999999999999;0.19999999999999984;1.0;1.0;0.19999999999999998;-0.9000000000000002
6318;Charlie;0.8999999999999999;0.19999999999999984;1.0;1.0;0.19999999999999998;-0.9000000000000002
6319;Charlie;0.8999999999999999;0.19999999999999984;1.0;1.0;0.19999999999999998;-0.9000000000000002
6320;Charlie;0.8999999999999999;0.19999999999999984;1.0;1.0;0.19999999999999998;-0.9000000000000002
6321;Charlie;0.8999999999999999;0.19999999999999984;1.0;1.0;0.19999999999999998;-0.9000000000000002
6322;Charlie;0.8999999999999999;0.19999999999999984;1.0;1.0;0.19999999999999998;-0.9000000000000002
6323;Charlie;0.8999999999999999;0.19999999999999984;1.0;1.0;0.19999999999999998;-0.9000000000000002
6324;Charlie;0.8999999999999999;0.19999999999999984;1.0;1.0;0.19999999999999998;-0.9000000000000002
6325;Charlie;0.8999999999999999;0.19999999999999984;1.0;1.0;0.19999999999999998;-0.9000000000000002
6326;Charlie;0.8999999999999999;0.19999999999999984;1.0;1.0;0.19999999999999998;-0.9000000000000002
6327;Charlie;0.8999999999999999;0.19999999999999984;1.0;1.0;0.19999999999999998;-0.9000000000000002
6328;Charlie;0.8999999999999999;0.19999999999999984;1.0;1.0;0.19999999999999998;-0.9000000000000002
6329;Charlie;0.8999999999999999;0.19999999999999984;1.0;1.0;0.19999999999999998;-0.9000000000000002
6330;Charlie;0.8999999999999999;0.19999999999999984;1.0;1.0;0.19999999999999998;-0.9000000000000002
6331;Charlie;0.8999999999999999;0.19999999999999984;1.0;1.0;0.19999999999999998;-0.9000000000000002
6332;Charlie;0.8999999999999999;0.19999999999999984;1.0;1.0;0.19999999999999998;-0.9000000000000002
6333;Charlie;0.8999999999999999;0.19999999999999984;1.0;1.0;0.19999999999999998;-0.9000000000000002
6334;Charlie;0.8999999999999999;0.19999999999999984;1.0;1.0;0.19999999999999998;-0.9000000000000002
6335;Charlie;0.8999999999999999;0.19999999999999984;1.0;1.0;0.19999999999999998;-0.9000000000000002
6336;Charlie;0.8999999999999999;0.19999999999999984;1.0;1.0;0.19999999999999998;-0.9000000000000002
6337;Charlie;0.8999999999999999;0.19999999999999984;1.0;1.0;0.19999999999999998;-0.9000000000000002
6338;Charlie;0.8999999999999999;0.19999999999999984;1.0;1.0;0.19999999999999998;-0.9000000000000002
6339;Charlie;0.8999999999999999;0.19999999999999984;1.0;1.0;0.19999999999999998;-0.9000000000000002
6340;Charlie;0.8999999999999999;0.19999999999999984;1.0;1.0;0.19999999999999998;-0.9000000000000002
6341;Charlie;0.8999999999999999;0.19999999999999984;1.0;1.0;0.19999999999999998;-0.9000000000000002
6342;Charlie;0.8999999999999999;0.19999999999999984;1.0;1.0;0.19999999999999998;-0.9000000000000002
6343;Charlie;0.8999999999999999;0.19999999999999984;1.0;1.0;0.19999999999999998;-0.9000000000000002
6344;Charlie;0.8999999999999999;0.19999999999999984;1.0;1.0;0.19999999999999998;-0.9000000000000002
6345;Charlie;0.8999999999999999;0.19999999999999984;1.0;1.0;0.19999999999999998;-0.9000000000000002
6346;Charlie;0.8999999999999999;0.19999999999999984;1.0;1.0;0.19999999999999998;-0.9000000000000002
6347;Charlie;0.8999999999999999;0.19999999999999984;1.0;1.0;0.19999999999999998;-0.9000000000000002
6348;Charlie;0.8999999999999999;0.19999999999999984;1.0;1.0;0.19999999999999998;-0.9000000000000002
6349;Charlie;0.8999999999999999;0.19999999999999984;1.0;1.0;0.19999999999999998;-0.9000000000000002
6350;Charlie;0.8999999999999999;0.19999999999999984;1.0;1.0;0.19999999999999998;-0.9000000000000002
6351;Charlie;0.8999999999999999;0.19999999999999984;1.0;1.0;0.19999999999999998;-0.9000000000000002
6352;Charlie;0.8999999999999999;0.19999999999999984;1.0;1.0;0.19999999999999998;-0.9000000000000002
6353;Charlie;0.8999999999999999;0.19999999999999984;1.0;1.0;0.19999999999999998;-0.9000000000000002
6354;Charlie;0.8999999999999999;0.19999999999999984;1.0;1.0;0.19999999999999998;-0.9000000000000002
6355;Charlie;0.8999999999999999;0.19999999999999984;1.0;1.0;0.19999999999999998;-0.9000000000000002
6356;Charlie;0.8999999999999999;0.19999999999999984;1.0;1.0;0.19999999999999998;-0.9000000000000002
6357;Charlie;0.8999999999999999;0.19999999999999984;1.0;1.0;0.19999999999999998;-0.9000000000000002
6358;Charlie;0.8999999999999999;0.19999999999999984;1.0;1.0;0.19999999999999998;-0.9000000000000002
6359;Charlie;0.8999999999999999;0.19999999999999984;1.0;1.0;0.19999999999999998;-0.9000000000000002
6360;Charlie;0.8999999999999999;0.19999999999999984;1.0;1.0;0.19999999999999998;-0.9000000000000002
6361;Charlie;0.8999999999999999;0.19999999999999984;1.0;1.0;0.19999999999999998;-0.9000000000000002
6362;Charlie;0.8999999999999999;0.19999999999999984;1.0;1.0;0.19999999999999998;-0.9000000000000002
6363;Charlie;0.8999999999999999;0.19999999999999984;1.0;1.0;0.19999999999999998;-0.9000000000000002
6364;Charlie;0.8999999999999999;0.19999999999999984;1.0;1.0;0.19999999999999998;-0.9000000000000002
6365;Charlie;0.8999999999999999;0.19999999999999984;1.0;1.0;0.19999999999999998;-0.9000000000000002
6366;Charlie;0.8999999999999999;0.19999999999999984;1.0;1.0;0.19999999999999998;-0.9000000000000002
6367;Charlie;0.8999999999999999;0.19999999999999984;1.0;1.0;0.19999999999999998;-0.9000000000000002
6368;Charlie;0.8999999999999999;0.19999999999999984;1.0;1.0;0.19999999999999998;-0.9000000000000002
6369;Charlie;0.8999999999999999;0.19999999999999984;1.0;1.0;0.19999999999999998;-0.9000000000000002
6370;Charlie;0.8999999999999999;0.19999999999999984;1.0;1.0;0.19999999999999998;-0.9000000000000002
6371;Charlie;0.8999999999999999;0.19999999999999984;1.0;1.0;0.19999999999999998;-0.9000000000000002
6372;Charlie;0.8999999999999999;0.19999999999999984;1.0;1.0;0.19999999999999998;-0.9000000000000002
6373;Charlie;0.8999999999999999;0.19999999999999984;1.0;1.0;0.19999999999999998;-0.9000000000000002
6374;Charlie;0.8999999999999999;0.19999999999999984;1.0;1.0;0.19999999999999998;-0.9000000000000002
6375;Charlie;0.8999999999999999;0.19999999999999984;1.0;1.0;0.19999999999999998;-0.9000000000000002
6376;Charlie;0.8999999999999999;0.19999999999999984;1.0;1.0;0.19999999999999998;-0.9000000000000002
6377;Charlie;0.8999999999999999;0.19999999999999984;1.0;1.0;0.19999999999999998;-0.9000000000000002
6378;Charlie;0.8999999999999999;0.19999999999999984;1.0;1.0;0.19999999999999998;-0.9000000000000002
6379;Charlie;0.8999999999999999;0.19999999999999984;1.0;1.0;0.19999999999999998;-0.9000000000000002
6380;Charlie;0.8999999999999999;0.19999999999999984;1.0;1.0;0.19999999999999998;-0.9000000000000002
6381;Charlie;0.8999999999999999;0.19999999999999984;1.0;1.0;0.19999999999999998;-0.9000000000000002
6382;Charlie;0.8999999999999999;0.19999999999999984;1.0;1.0;0.19999999999999998;-0.9000000000000002
6383;Charlie;0.8999999999999999;0.19999999999999984;1.0;1.0;0.19999999999999998;-0.9000000000000002
6384;Charlie;0.8999999999999999;0.19999999999999984;1.0;1.0;0.19999999999999998;-0.9000000000000002
6385;Charlie;0.8999999999999999;0.19999999999999984;1.0;1.0;0.19999999999999998;-0.9000000000000002
6386;Charlie;0.8999999999999999;0.19999999999999984;1.0;1.0;0.19999999999999998;-0.9000000000000002
6387;Charlie;0.8999999999999999;0.19999999999999984;1.0;1.0;0.19999999999999998;-0.9000000000000002
6388;Charlie;0.8999999999999999;0.19999999999999984;1.0;1.0;0.19999999999999998;-0.9000000000000002
6389;Charlie;0.8999999999999999;0.19999999999999984;1.0;1.0;0.19999999999999998;-0.9000000000000002
6390;Charlie;0.8999999999999999;0.19999999999999984;1.0;1.0;0.19999999999999998;-0.9000000000000002
6391;Charlie;0.8999999999999999;0.19999999999999984;1.0;1.0;0.19999999999999998;-0.9000000000000002
6392;Charlie;0.8999999999999999;0.19999999999999984;1.0;1.0;0.19999999999999998;-0.9000000000000002
6393;Charlie;0.8999999999999999;0.19999999999999984;1.0;1.0;0.19999999999999998;-0.9000000000000002
6394;Charlie;0.8999999999999999;0.19999999999999984;1.0;1.0;0.19999999999999998;-0.9000000000000002
6395;Charlie;0.8999999999999999;0.19999999999999984;1.0;1.0;0.19999999999999998;-0.9000000000000002
6396;Charlie;0.8999999999999999;0.19999999999999984;1.0;1.0;0.19999999999999998;-0.9000000000000002
6397;Charlie;0.8999999999999999;0.19999999999999984;1.0;1.0;0.19999999999999998;-0.9000000000000002
6398;Charlie;0.8999999999999999;0.19999999999999984;1.0;1.0;0.19999999999999998;-0.9000000000000002
6399;Charlie;0.8999999999999999;0.19999999999999984;1.0;1.0;0.19999999999999998;-0.9000000000000002
6400;Charlie;0.8999999999999999;0.19999999999999984;1.0;1.0;0.19999999999999998;-0.9000000000000002
6401;Charlie;0.8999999999999999;0.19999999999999984;1.0;1.0;0.19999999999999998;-0.9000000000000002
6402;Charlie;0.8999999999999999;0.19999999999999984;1.0;1.0;0.19999999999999998;-0.9000000000000002
6403;Charlie;0.8999999999999999;0.19999999999999984;1.0;1.0;0.19999999999999998;-0.9000000000000002
6404;Charlie;0.8999999999999999;0.19999999999999984;1.0;1.0;0.19999999999999998;-0.9000000000000002
6405;Charlie;0.8999999999999999;0.19999999999999984;1.0;1.0;0.19999999999999998;-0.9000000000000002
6406;Charlie;0.8999999999999999;0.19999999999999984;1.0;1.0;0.19999999999999998;-0.9000000000000002
6407;Charlie;0.8999999999999999;0.19999999999999984;1.0;1.0;0.19999999999999998;-0.9000000000000002
6408;Charlie;0.8999999999999999;0.19999999999999984;1.0;1.0;0.19999999999999998;-0.9000000000000002
6409;Charlie;0.8999999999999999;0.19999999999999984;1.0;1.0;0.19999999999999998;-0.9000000000000002
6410;Charlie;0.8999999999999999;0.19999999999999984;1.0;1.0;0.19999999999999998;-0.9000000000000002
6411;Charlie;0.8999999999999999;0.19999999999999984;1.0;1.0;0.19999999999999998;-0.9000000000000002
6412;Charlie;0.8999999999999999;0.19999999999999984;1.0;1.0;0.19999999999999998;-0.9000000000000002
6413;Charlie;0.8999999999999999;0.19999999999999984;1.0;1.0;0.19999999999999998;-0.9000000000000002
6414;Charlie;0.8999999999999999;0.19999999999999984;1.0;1.0;0.19999999999999998;-0.9000000000000002
6415;Charlie;0.8999999999999999;0.19999999999999984;1.0;1.0;0.19999999999999998;-0.9000000000000002
6416;Charlie;0.8999999999999999;0.19999999999999984;1.0;1.0;0.19999999999999998;-0.9000000000000002
6417;Charlie;0.8999999999999999;0.19999999999999984;1.0;1.0;0.19999999999999998;-0.9000000000000002
6418;Charlie;0.8999999999999999;0.19999999999999984;1.0;1.0;0.19999999999999998;-0.9000000000000002
6419;Charlie;0.8999999999999999;0.19999999999999984;1.0;1.0;0.19999999999999998;-0.9000000000000002
6420;Charlie;0.8999999999999999;0.19999999999999984;1.0;1.0;0.19999999999999998;-0.9000000000000002
6421;Charlie;0.8999999999999999;0.19999999999999984;1.0;1.0;0.19999999999999998;-0.9000000000000002
6422;Charlie;0.8999999999999999;0.19999999999999984;1.0;1.0;0.19999999999999998;-0.9000000000000002
6423;Charlie;0.8999999999999999;0.19999999999999984;1.0;1.0;0.19999999999999998;-0.9000000000000002
6424;Charlie;0.8999999999999999;0.19999999999999984;1.0;1.0;0.19999999999999998;-0.9000000000000002
6425;Charlie;0.8999999999999999;0.19999999999999984;1.0;1.0;0.19999999999999998;-0.9000000000000002
6434;Charlie;0.8999999999999999;0.19999999999999984;1.0;1.0;0.19999999999999998;-0.9000000000000002
6443;Charlie;0.8999999999999999;0.19999999999999984;1.0;1.0;0.19999999999999998;-0.9000000000000002
6452;Charlie;0.8999999999999999;0.19999999999999984;1.0;1.0;0.19999999999999998;-0.9000000000000002
6461;Charlie;0.8999999999999999;0.19999999999999984;1.0;1.0;0.19999999999999998;-0.9000000000000002
6470;Charlie;0.8999999999999999;0.19999999999999984;1.0;1.0;0.19999999999999998;-0.9000000000000002
6484;Charlie;0.8999999999999999;0.19999999999999984;1.0;1.0;0.19999999999999998;-0.9000000000000002
6498;Charlie;0.8999999999999999;0.19999999999999984;1.0;1.0;0.19999999999999998;-0.9000000000000002
